UV_10m_small_gfs.t12z.pgrb2.0p25.f036.json
{"header": { "discipline":0, "disciplineName":"Meteorological products", "gribEdition":2, "gribLength":17311, "center":7, "centerName":"US National Weather Service - NCEP(WMC)", "subcenter":0, "refTime":"2023-03-21T12:00:00.000Z", "significanceOfRT":1, "significanceOfRTName":"Start of forecast", "productStatus":0, "productStatusName":"Operational products", "productType":1, "productTypeName":"Forecast products", "productDefinitionTemplate":0, "productDefinitionTemplateName":"Analysis/forecast at horizontal level/layer at a point in time", "parameterCategory":2, "parameterCategoryName":"Momentum", "parameterNumber":3, "parameterNumberName":"V-component_of_wind", "parameterUnit":"m.s-1", "genProcessType":2, "genProcessTypeName":"Forecast", "forecastTime":36, "surface1Type":103, "surface1TypeName":"Specified height level above ground", "surface1Value":10.0, "surface2Type":255, "surface2TypeName":"Missing", "surface2Value":0.0, "gridDefinitionTemplate":0, "gridDefinitionTemplateName":"Latitude_Longitude", "numberPoints":11421, "shape":6, "shapeName":"Earth spherical with radius of 6,371,229.0 m", "gridUnits":"degrees", "resolution":48, "winds":"true", "scanMode":64, "nx":141, "ny":81, "basicAngle":0, "lo1":210.0, "la1":30.0, "lo2":245.0, "la2":50.0, "dx":0.25, "dy":0.25 }, "data":
[rows 52 to 77 of 81, columns 57 to 113 of 141]
0.08324951,-0.2267505,-0.7267505,-0.9567505,-0.94675046,-0.9867505,-1.3467505,-1.4167504,-0.4367505,0.2832495,0.6432495,4.7032495,5.5632496,4.7232494,3.8732495,3.2532494,2.6832495,1.6432495,1.2332495,1.8832495,1.5132495,0.7632495,0.0032495118,-0.6667505,-1.1567504,-1.5967505,-2.0267506,-2.5567505,-3.0767505,-3.5967505,-4.1767507,-4.7867503,-5.2867503,-5.6567507,-6.0167503,-6.4467506,-6.5767503,-6.7067504,-6.8167505,-6.6467505,-6.4067507,-6.0367503,-5.4867506,-4.9667506,-4.4567504,-3.2167504,-1.0467505,-0.7367505,-0.3567505,-1.0167505,-1.5767505,-1.2767504,-0.17675048,-0.3867505,-0.62675047,-0.5767505,-0.13675049
0.4032495,0.18324952,-0.116750486,-0.4167505,-0.5267505,-0.5967505,-0.8667505,-1.0667505,-0.6067505,0.29324952,0.74324954,3.9532495,4.9632497,4.9832497,4.5832496,3.8832495,3.2232494,2.0632496,1.5732495,2.1532495,1.8932495,1.1532495,0.4332495,-0.1467505,-0.63675046,-1.1867505,-1.6667504,-2.1467505,-2.7067504,-3.2667506,-3.7967505,-4.3767505,-5.0167503,-5.4467506,-5.7467504,-6.1467505,-6.3267503,-6.3067503,-6.2867503,-6.2267504,-6.1567507,-5.9767504,-5.6167507,-5.2267504,-4.7967505,-4.1667504,-2.1067505,-1.0767505,-0.8967505,-1.3567505,-1.2467505,-0.4667505,0.3032495,0.07324951,-0.36675048,-0.6067505,-0.7367505
0.7532495,0.5632495,0.3732495,0.19324951,-0.1467505,-0.2567505,-0.45675048,-0.7267505,-0.4667505,0.3932495,0.8332495,4.0132494,6.1532497,5.7732496,4.9732494,4.2432494,3.6732495,2.6532495,2.0032494,2.4032495,2.2532494,1.5732495,0.86324954,0.3132495,-0.17675048,-0.75675046,-1.3467505,-1.8167505,-2.3267505,-2.9267504,-3.5167506,-4.0567503,-4.6867504,-5.2267504,-5.5067506,-5.8167505,-5.9567504,-5.8867507,-5.8767505,-5.8867507,-5.9767504,-5.8367505,-5.8167505,-5.6467505,-5.3967505,-5.2067504,-4.0467505,-1.3867505,-1.0267504,-1.1667504,-0.8267505,0.22324951,0.08324951,-0.15675049,-0.3267505,-0.4167505,-0.2267505
1.7532495,1.5832496,1.1832495,0.6532495,0.26324952,0.07324951,-0.13675049,-0.17675048,-0.26675048,0.68324953,1.3132495,3.0832496,5.9132495,5.8732495,4.9632497,4.3432493,4.0832496,3.2632494,2.4332495,2.7632494,2.7732496,2.1432495,1.3732495,0.7132495,0.1332495,-0.4667505,-1.0567505,-1.5767505,-2.0567505,-2.5867505,-3.2567506,-3.8267505,-4.3567505,-4.9067507,-5.3367505,-5.5767503,-5.6367507,-5.6067505,-5.5667505,-5.5667505,-5.4967504,-5.3167505,-5.3367505,-5.3967505,-5.3467503,-5.1567507,-4.2067504,-1.7767504,-1.1967505,-0.7167505,-0.36675048,0.9232495,0.4332495,-0.6167505,-0.45675048,-0.42675048,-1.0567505
1.4932495,1.4932495,1.5532495,1.1132495,0.8432495,0.6932495,0.3132495,0.29324952,0.013249512,0.9032495,1.9132495,3.0432496,5.9232497,6.0132494,5.1732497,4.6532497,4.5632496,3.9032495,2.9532495,3.2232494,3.3232496,2.6632495,1.7632495,1.0232495,0.3432495,-0.26675048,-0.8367505,-1.3167505,-1.8167505,-2.3367505,-2.9767504,-3.6367505,-4.1067505,-4.5567503,-5.0667505,-5.4367504,-5.6567507,-5.5667505,-5.3267503,-5.2667503,-5.1567507,-5.0867505,-5.1767507,-5.3667507,-5.3767505,-4.9367504,-4.7267504,-1.7767504,-0.8667505,-0.8267505,-0.6667505,-0.2267505,0.17324951,0.2132495,0.033249512,-0.49675047,-0.4167505
1.5532495,1.6532495,1.9332495,1.6032495,1.4032495,1.2932495,0.9732495,0.6732495,0.32324952,0.8532495,2.0632496,3.1732495,6.1532497,6.4732494,5.5932493,5.1732497,5.1432495,4.3232493,3.2132494,3.4632494,3.7232494,3.0232496,2.0632496,1.2832495,0.62324953,0.0032495118,-0.5367505,-1.0167505,-1.5167505,-2.1167505,-2.6967504,-3.3667505,-3.8867505,-4.2967505,-4.7767506,-5.2667503,-5.5367503,-5.2567506,-5.0967503,-5.0667505,-5.2167506,-5.2367506,-5.2967505,-5.4467506,-5.4867506,-4.9367504,-4.3967505,-1.8567505,-1.2667505,-0.7267505,-0.5867505,0.1332495,1.0232495,0.55324954,0.61324954,0.61324954,0.3032495
1.6832495,1.9832495,2.2332494,2.0132494,1.6732495,1.6132495,1.4332495,1.0232495,0.61324954,1.0032495,1.9832495,3.2532494,6.1432495,6.3932495,5.7232494,5.6032495,5.4632497,4.6132493,3.2932496,3.6032495,4.1232495,3.3932495,2.3932495,1.6132495,0.9632495,0.38324952,-0.16675049,-0.7067505,-1.2267505,-1.8767505,-2.4867506,-3.0367506,-3.5967505,-4.0767503,-4.5967503,-5.1267505,-5.3767505,-5.0667505,-4.9367504,-5.0967503,-5.2167506,-5.3667507,-5.4467506,-5.5167503,-5.4167504,-4.9367504,-4.2867503,-1.8967505,-0.6867505,-0.3867505,-0.4167505,-0.7967505,0.4932495,0.2732495,0.08324951,0.11324951,0.013249512
2.1532495,2.3532495,2.4732494,2.3532495,1.9932495,1.8532495,1.7232496,1.4032495,1.0332495,1.0532495,1.6332495,3.4132495,5.3432493,5.6232495,5.7432494,5.9032497,5.6932497,4.8032494,3.3432496,3.7132494,4.3632493,3.7832496,2.8032496,1.9132495,1.2732495,0.7232495,0.2132495,-0.3467505,-0.9367505,-1.5567505,-2.2367506,-2.7767506,-3.3067505,-3.8867505,-4.4467506,-4.9067507,-5.1667504,-5.0367503,-5.0367503,-5.1667504,-5.2367506,-5.3667507,-5.3967505,-5.3567505,-5.1467505,-4.7067504,-4.1667504,-2.3367505,-0.5867505,0.4032495,0.7332495,0.7632495,2.0432496,0.9032495,0.18324952,0.2132495,0.013249512
2.6832495,2.9032495,2.9232495,2.7232494,2.1532495,1.9432495,2.0432496,1.8932495,1.4932495,1.2032495,1.9532495,3.8132496,5.0432496,5.6832495,6.0032496,6.4432497,6.2932496,5.0532494,3.3732495,3.8332496,4.6032495,4.1632495,3.1632495,2.1832495,1.5532495,1.0332495,0.5432495,0.033249512,-0.6167505,-1.2567505,-1.9167504,-2.4967506,-3.0767505,-3.7367506,-4.3267503,-4.6967506,-5.0767503,-5.0267506,-5.0867505,-5.1067505,-5.1767507,-5.3467503,-5.3867507,-5.2367506,-4.9267507,-4.5167503,-4.1467505,-1.9667505,-0.17675048,-0.9167505,-1.4867505,-0.09675049,2.8132496,2.0632496,0.7232495,0.5032495,0.08324951
2.3132496,2.5932496,3.1632495,2.9832494,2.1932495,2.1132495,2.4432495,2.4932494,2.1432495,1.6232495,2.3632495,4.1732497,5.0132494,5.6932497,6.5932493,7.3732495,6.8032494,5.0932493,3.3332496,3.9932494,4.9832497,4.5732493,3.4532495,2.4432495,1.8332496,1.3032495,0.7932495,0.3332495,-0.2867505,-0.94675046,-1.5667505,-2.2067504,-2.8867505,-3.6067505,-4.1867504,-4.5867505,-5.0167503,-4.9767504,-4.9067507,-4.8967505,-5.1267505,-5.3667507,-5.4067507,-5.2067504,-4.7967505,-4.4967504,-4.3267503,-2.6467505,-0.2867505,-0.8367505,-0.27675048,1.2732495,2.8132496,2.4032495,1.1232495,-0.27675048,-0.56675047
1.1732495,2.3832495,3.2132494,3.2332494,3.1432495,2.7332494,2.7132494,2.8232496,2.5632496,1.9232495,2.4632494,3.7932496,4.6732497,5.8532495,7.0932493,7.6532497,6.8032494,5.3332496,3.9832494,4.1532497,5.1732497,4.9532495,3.8032496,2.7332494,2.1132495,1.5632495,1.0232495,0.5732495,0.053249512,-0.6167505,-1.2767504,-1.9367505,-2.6867504,-3.4367504,-4.0167503,-4.4467506,-4.9467506,-4.8667507,-4.7567506,-4.8667507,-5.1267505,-5.3867507,-5.4767504,-5.3167505,-4.9567504,-4.7167506,-4.8667507,-3.5467505,-0.30675048,-0.09675049,0.18324952,1.0132495,2.2232494,2.4332495,2.3432496,1.6032495,0.7332495
-0.7467505,1.3032495,2.9632494,3.4832494,3.3532495,2.9032495,2.7732496,2.7632494,2.6132495,2.5132494,2.7932496,3.5032494,4.4432497,5.7332497,7.2032495,7.6832495,7.1132493,5.9632497,4.8432493,4.2332497,5.2032495,5.3032494,4.2332497,3.0932496,2.4732494,1.8932495,1.3232495,0.86324954,0.35324952,-0.2967505,-1.0267504,-1.7467505,-2.5367506,-3.2467506,-3.8067505,-4.2967505,-4.8167505,-4.6867504,-4.4467506,-4.5867505,-5.0267506,-5.3567505,-5.5067506,-5.4267507,-5.1267505,-4.7967505,-5.1267505,-3.8667505,0.74324954,-0.116750486,-1.3867505,-0.81675047,1.3632495,1.5532495,1.9232495,1.9732496,1.0732495
-0.75675046,0.093249515,2.5332496,3.6132495,3.2432494,2.9732494,2.7032495,2.7232494,2.9532495,2.5232496,2.2732496,3.7832496,4.3132496,5.5932493,7.4232497,8.06325,7.6432495,6.8532495,5.9232497,4.9132495,5.2932496,5.5832496,4.6232495,3.5932496,2.9632494,2.2932496,1.6332495,1.1232495,0.5732495,-0.07675049,-0.81675047,-1.5567505,-2.3267505,-3.0367506,-3.5667505,-4.0767503,-4.6067505,-4.5767503,-4.4267507,-4.6767507,-4.9867506,-5.3067503,-5.4767504,-5.4867506,-5.2667503,-4.9667506,-4.9467506,-3.1767504,-0.9567505,-1.3267505,-1.0867505,0.013249512,1.5432495,1.4732496,1.1032495,0.7632495,0.9032495
0.3932495,0.9132495,1.9432495,3.5332496,3.6532495,3.1032495,2.5032494,2.6632495,3.0432496,2.6332495,2.9632494,4.4132495,4.5832496,6.0632496,7.8632493,8.263249,7.7932496,7.3932495,6.6032495,5.4732494,5.3732495,5.6532497,4.9932494,4.1132493,3.4232495,2.6332495,1.8632495,1.2932495,0.74324954,0.08324951,-0.5967505,-1.3567505,-2.1167505,-2.8067505,-3.3267505,-3.9067504,-4.4067507,-4.4667506,-4.4367504,-4.6167507,-4.8867507,-5.1867504,-5.3767505,-5.4667506,-5.3367505,-5.1267505,-5.2267504,-4.5267506,-0.8667505,0.5332495,0.04324951,-0.4467505,-0.17675048,0.26324952,0.093249515,0.35324952,0.9032495
0.3632495,1.8932495,1.8332496,3.1232495,3.6432495,3.1932495,2.4832494,2.5732496,3.2532494,3.4632494,3.7732496,4.6832495,4.9132495,6.6932497,8.083249,8.15325,7.9332495,7.6532497,6.9532495,5.9732494,5.6832495,5.6832495,5.2032495,4.4932494,3.7632494,2.9432495,2.1432495,1.4932495,0.8832495,0.29324952,-0.42675048,-1.2567505,-1.9467505,-2.5567505,-3.0767505,-3.7067504,-4.1567507,-4.3767505,-4.5367503,-4.6567507,-4.8667507,-5.1067505,-5.2767506,-5.3967505,-5.3467503,-5.2367506,-5.3567505,-4.1167507,-1.2367505,-0.16675049,0.093249515,-0.116750486,-0.09675049,-0.2267505,-0.06675049,-0.5967505,-0.4367505
-1.2667505,1.0632495,1.7232496,2.5532496,3.1832495,3.1032495,2.7232494,2.8632495,3.5632496,4.3432493,4.6632495,4.8432493,5.0632496,6.9532495,8.133249,8.31325,8.223249,7.9832497,7.4832497,6.7432494,6.2132497,5.8632493,5.4032497,4.8732495,4.1332493,3.2932496,2.4132495,1.7232496,1.1732495,0.3932495,-0.56675047,-1.2867504,-1.7867504,-2.2967505,-2.8067505,-3.4167504,-3.8867505,-4.2467504,-4.5367503,-4.7267504,-4.8867507,-5.0067506,-5.1067505,-5.2167506,-5.3567505,-5.3967505,-5.4667506,-3.5267506,-0.6567505,0.5132495,0.3032495,-0.07675049,0.2732495,0.80324954,0.07324951,-0.75675046,-0.056750488
-2.2467506,-0.18675049,1.0532495,2.0932496,3.3032496,3.3632495,3.3632495,3.4132495,3.8432496,4.5732493,4.7432494,5.0932493,5.6932497,6.9432497,7.8932495,8.11325,8.19325,8.20325,7.8632493,6.8832493,6.1432495,5.8632493,5.6532497,5.1432495,4.4732494,3.6132495,2.7632494,2.1032495,1.2332495,0.3632495,-0.2567505,-0.8067505,-1.4267505,-1.9967505,-2.5567505,-3.2267504,-3.6867504,-3.9867506,-4.3567505,-4.6667504,-4.8367505,-4.8567505,-4.8867507,-5.1367507,-5.2567506,-5.2867503,-5.3567505,-2.4967506,-0.23675048,0.5732495,0.9232495,0.7132495,1.0232495,1.8432496,2.1332495,0.8932495,-0.33675048
-2.7567506,-1.5167505,0.55324954,2.0432496,3.4532495,3.9032495,3.9232495,3.7132494,3.8132496,4.5332494,4.9932494,5.6832495,6.0532494,6.6632495,7.1432495,7.3732495,7.8432493,8.293249,8.173249,7.3332496,6.1832495,5.7632494,5.8332496,5.4232497,4.8032494,3.9732494,3.1432495,2.3232496,1.5032495,0.86324954,0.17324951,-0.5167505,-1.1567504,-1.7567505,-2.3667505,-3.0167506,-3.5767505,-3.8367505,-4.1567507,-4.5367503,-4.7867503,-4.8067503,-4.8267503,-5.0467505,-5.1067505,-5.3267503,-4.6167507,-1.2167505,-0.1467505,0.6332495,1.5932496,1.7932495,1.9132495,2.2032495,1.0332495,-0.056750488,-0.10675049
-1.7767504,-2.3067505,-0.8667505,1.2632495,3.0332496,3.9132495,4.1132493,4.1432495,3.7832496,4.2032495,5.2832494,6.0232496,6.4332495,6.6332493,6.2832494,6.7132497,7.7932496,8.513249,8.49325,7.4332495,6.1232495,5.7432494,6.0832496,5.8532495,5.1832495,4.3432493,3.4232495,2.5132494,1.6732495,0.9032495,0.16324951,-0.4367505,-1.0167505,-1.5967505,-2.2567506,-2.9067504,-3.4067504,-3.7167504,-4.0267506,-4.3367505,-4.5567503,-4.6767507,-4.8367505,-4.9767504,-4.9767504,-4.8067503,-2.3167505,-0.5267505,0.41324952,1.0232495,1.7532495,2.8632495,2.1232495,0.8132495,0.25324953,0.8132495,-0.056750488
-0.04675049,-1.2567505,-1.4167504,-0.116750486,1.8432496,3.2332494,3.8332496,4.3832493,4.3932495,4.4332495,5.1332493,6.1532497,6.3432493,5.9632497,6.1432495,6.3632493,7.7332497,8.85325,8.74325,7.4632497,6.1932497,5.9932494,6.3032494,6.1432495,5.4932494,4.6032495,3.6232495,2.6132495,1.7232496,0.9732495,0.3032495,-0.2967505,-0.9067505,-1.5567505,-2.2367506,-2.8967505,-3.3267505,-3.6067505,-3.8667505,-4.0567503,-4.2867503,-4.5467505,-4.6867504,-4.7667503,-4.7467504,-3.5667505,-0.2267505,0.4932495,0.7332495,0.14324951,0.93324953,0.10324951,-0.8467505,-1.9167504,-0.94675046,0.15324952,0.12324951
1.2532495,0.3132495,-0.6067505,-0.36675048,1.0532495,2.6332495,3.9332495,4.9432497,4.8332496,4.6332493,5.1932497,6.5632496,6.3932495,6.3132496,6.2632494,6.0332494,7.9332495,9.183249,8.553249,7.2632494,6.3832493,6.2232494,6.4132495,6.3232493,5.7232494,4.7332497,3.7332494,2.8732495,2.0132494,1.1632495,0.4332495,-0.19675049,-0.8267505,-1.5267504,-2.2167504,-2.8367505,-3.2967505,-3.5767505,-3.7167504,-3.9067504,-4.2067504,-4.3967505,-4.5567503,-4.5067506,-3.6067505,-1.3067505,0.013249512,0.2132495,-0.4667505,-1.1667504,-1.2167505,-0.9267505,-1.8267505,-2.1067505,-1.5267504,-1.1367505,0.32324952
2.1332495,1.3732495,0.4632495,0.41324952,0.7732495,1.5532495,3.6932495,5.3632493,5.2732496,4.7832494,5.6432495,6.4632497,5.9232497,6.2632494,6.2632494,7.0432496,8.803249,9.23325,8.32325,7.3232493,6.7232494,6.2132497,6.2032495,6.3432493,5.7032495,4.6932497,3.7932496,2.9232495,2.0332496,1.1832495,0.48324952,-0.13675049,-0.7667505,-1.4567505,-2.1867504,-2.8267505,-3.3167505,-3.5267506,-3.6267505,-3.8767505,-4.1767507,-4.4067507,-4.5867505,-3.7567506,-2.2567506,-0.13675049,-1.2267505,-3.6567504,-2.1267505,0.3732495,0.3932495,-0.15675049,-0.5867505,0.04324951,0.17324951,0.7132495,0.6632495
1.9332495,1.6132495,0.8432495,1.3932495,1.8232495,1.0332495,2.8032496,5.3832493,5.7132497,5.5832496,6.5232496,6.0132494,6.0532494,6.6732497,7.0132494,8.213249,9.303249,9.24325,8.333249,7.5932493,6.8932495,6.1232495,6.0332494,6.1432495,5.5032496,4.6232495,3.8032496,2.9232495,2.0332496,1.2332495,0.5632495,-0.056750488,-0.7267505,-1.4867505,-2.1967504,-2.8167505,-3.1967504,-3.3367505,-3.5267506,-3.8467505,-4.1367507,-4.4067507,-3.9367504,-2.9867506,-1.9067504,-0.5467505,0.19324951,0.7232495,1.6832495,2.9732494,3.5232496,2.0432496,1.0032495,-0.12675048,0.5832495,0.38324952,0.5732495
0.8932495,0.5132495,0.29324952,1.6032495,1.9632496,1.3732495,3.4832494,5.5732493,5.7432494,6.0232496,6.1932497,6.2232494,7.2232494,7.1432495,7.4532495,8.91325,9.66325,9.28325,8.52325,7.8632493,7.0732493,6.3732495,6.2232494,6.0432496,5.4132495,4.6332493,3.7732496,2.8832495,2.0432496,1.3032495,0.62324953,-0.04675049,-0.8067505,-1.5567505,-2.2567506,-2.8067505,-3.0467505,-3.1767504,-3.4667504,-3.6967504,-4.0867505,-4.2067504,-1.8467505,-0.21675049,1.4732496,1.0532495,1.0532495,0.8832495,0.32324952,1.0332495,2.4032495,1.6232495,1.4532495,0.8132495,0.18324952,0.4532495,1.1832495
0.8932495,0.11324951,-0.5967505,1.8532495,1.9932495,1.6032495,4.3932495,6.1932497,5.8032494,6.0032496,6.4332495,7.1232495,7.8432493,7.4232497,7.9732494,9.28325,9.73325,9.31325,8.73325,8.07325,7.2532496,6.6332493,6.4132495,6.0732493,5.4232497,4.6332493,3.7232494,2.8532495,2.0732496,1.2932495,0.5432495,-0.21675049,-0.94675046,-1.6567504,-2.2867506,-2.6967504,-2.9467504,-3.3667505,-3.6167505,-3.8567505,-3.3067505,-0.3167505,2.0132494,2.0732496,1.5332495,1.4732496,1.1832495,0.80324954,1.6132495,1.9932495,2.3432496,1.9132495,1.8632495,1.2832495,0.32324952,-0.16675049,-0.88675046
2.0332496,1.3632495,-0.10675049,2.5232496,2.4332495,0.99324954,4.6632495,6.8432493,6.3532495,6.6232495,7.2932496,8.03325,8.343249,8.10325,8.81325,9.65325,9.713249,9.36325,8.923249,8.223249,7.4332495,6.8632493,6.5832496,6.1532497,5.4532495,4.5832496,3.6732495,2.8532495,2.0132494,1.1532495,0.32324952,-0.4167505,-1.0867505,-1.7367505,-2.1667504,-2.5267506,-3.0667505,-4.0867505,-3.1767504,0.23324952,1.7832495,1.6332495,1.7732495,2.2232494,1.6532495,0.11324951,-0.4767505,0.5032495,1.1032495,0.9432495,1.3732495,2.0132494,2.6032495,2.4332495,1.5832496,1.7832495,1.7232496
