UV_10m_small_gfs.t12z.pgrb2.0p25.f018.json
{"header": { "discipline":0, "disciplineName":"Meteorological products", "gribEdition":2, "gribLength":17311, "center":7, "centerName":"US National Weather Service - NCEP(WMC)", "subcenter":0, "refTime":"2023-03-21T12:00:00.000Z", "significanceOfRT":1, "significanceOfRTName":"Start of forecast", "productStatus":0, "productStatusName":"Operational products", "productType":1, "productTypeName":"Forecast products", "productDefinitionTemplate":0, "productDefinitionTemplateName":"Analysis/forecast at horizontal level/layer at a point in time", "parameterCategory":2, "parameterCategoryName":"Momentum", "parameterNumber":3, "parameterNumberName":"V-component_of_wind", "parameterUnit":"m.s-1", "genProcessType":2, "genProcessTypeName":"Forecast", "forecastTime":18, "surface1Type":103, "surface1TypeName":"Specified height level above ground", "surface1Value":10.0, "surface2Type":255, "surface2TypeName":"Missing", "surface2Value":0.0, "gridDefinitionTemplate":0, "gridDefinitionTemplateName":"Latitude_Longitude", "numberPoints":11421, "shape":6, "shapeName":"Earth spherical with radius of 6,371,229.0 m", "gridUnits":"degrees", "resolution":48, "winds":"true", "scanMode":64, "nx":141, "ny":81, "basicAngle":0, "lo1":210.0, "la1":30.0, "lo2":245.0, "la2":50.0, "dx":0.25, "dy":0.25 }, "data":
[rows 26 to 51 of 81, columns 58 to 115 of 141]
-11.151259,-11.25126,-11.30126,-11.75126,-11.96126,-12.16126,-12.43126,-12.71126,-12.731259,-13.17126,-13.43126,-13.71126,-13.79126,-14.06126,-13.99126,-13.981259,-14.00126,-14.191259,-14.68126,-14.87126,-14.981259,-15.16126,-14.96126,-14.49126,-14.01126,-13.72126,-13.611259,-13.63126,-13.68126,-13.60126,-13.361259,-13.191259,-12.96126,-12.70126,-12.521259,-12.04126,-11.81126,-11.91126,-11.521259,-10.76126,-9.80126,-8.53126,-6.92126,-4.6412597,-3.7412598,-3.4212599,-2.2612598,-0.111259766,0.23874024,0.50874025,2.6287403,7.28874,7.80874,6.6887403,10.558741,0.7887402,2.9187403,5.0887403
-10.96126,-11.25126,-11.54126,-11.80126,-12.06126,-12.42126,-12.68126,-12.88126,-13.00126,-13.18126,-13.191259,-13.271259,-13.481259,-13.62126,-13.83126,-13.89126,-13.96126,-14.12126,-14.34126,-14.70126,-14.83126,-14.901259,-15.00126,-14.41126,-13.91126,-13.861259,-13.93126,-13.99126,-14.111259,-13.97126,-13.78126,-13.59126,-13.53126,-13.271259,-12.93126,-12.5712595,-12.59126,-12.8212595,-12.30126,-11.80126,-11.0712595,-9.91126,-7.8512597,-5.80126,-4.4312596,-4.1212597,-2.6612597,-0.7712598,2.3687403,0.7187402,2.7087402,6.80874,8.768741,8.808741,9.4287405,3.9187403,2.1487403,3.3987403
-11.021259,-11.26126,-11.46126,-11.63126,-11.85126,-12.04126,-12.20126,-12.401259,-12.59126,-12.83126,-13.04126,-13.22126,-13.34126,-13.34126,-13.42126,-13.76126,-14.0712595,-14.26126,-14.47126,-14.56126,-14.731259,-14.95126,-15.03126,-14.24126,-13.8212595,-13.91126,-14.13126,-14.33126,-14.20126,-14.231259,-14.10126,-13.99126,-14.021259,-13.76126,-13.41126,-13.30126,-13.35126,-13.06126,-12.85126,-12.80126,-12.01126,-10.59126,-8.66126,-6.88126,-5.79126,-5.21126,-3.6312597,-1.2012597,1.3487402,2.8987403,3.2487402,5.44874,9.00874,7.38874,5.70874,4.67874,1.0887402,-0.14125976
-11.151259,-11.35126,-11.58126,-11.81126,-12.05126,-12.28126,-12.401259,-12.481259,-12.56126,-12.66126,-12.771259,-13.01126,-13.17126,-13.46126,-13.60126,-13.74126,-13.941259,-14.151259,-14.441259,-14.72126,-14.92126,-15.03126,-15.12126,-14.24126,-13.93126,-14.09126,-14.37126,-14.521259,-14.46126,-14.38126,-14.31126,-14.38126,-14.521259,-14.30126,-14.0712595,-14.05126,-13.93126,-13.64126,-13.64126,-13.37126,-12.361259,-10.80126,-9.151259,-8.18126,-7.1012597,-5.88126,-3.6112597,-1.0812597,1.7687402,3.8087401,5.20874,6.34874,8.24874,5.36874,4.1287403,4.1687403,3.8387403,1.5287403
-11.111259,-11.34126,-11.59126,-11.83126,-12.151259,-12.38126,-12.70126,-12.97126,-13.09126,-13.151259,-13.111259,-13.20126,-13.21126,-13.361259,-13.51126,-13.651259,-13.83126,-14.10126,-14.39126,-14.5712595,-14.83126,-15.05126,-15.231259,-14.611259,-14.26126,-14.39126,-14.68126,-14.71126,-14.74126,-14.78126,-14.8212595,-14.97126,-15.49126,-14.84126,-14.67126,-14.75126,-14.58126,-14.62126,-14.74126,-14.25126,-13.0712595,-12.17126,-11.12126,-10.06126,-8.16126,-6.9312596,-6.5612597,-4.4712596,-0.111259766,4.28874,7.09874,8.27874,8.78874,6.0087404,4.4187403,4.5487404,4.51874,3.9287403
-10.85126,-11.01126,-11.31126,-11.63126,-11.92126,-12.271259,-12.60126,-12.941259,-13.21126,-13.45126,-13.62126,-13.60126,-13.54126,-13.59126,-13.731259,-13.71126,-13.78126,-14.021259,-14.18126,-14.441259,-14.79126,-15.09126,-15.31126,-15.08126,-14.70126,-14.71126,-14.96126,-14.99126,-15.00126,-15.12126,-15.26126,-15.50126,-16.06126,-15.26126,-15.22126,-15.3212595,-15.0712595,-15.35126,-15.05126,-14.14126,-13.83126,-13.80126,-12.941259,-10.111259,-7.4712596,-9.03126,-9.29126,-7.4112597,-0.5812598,5.8587403,8.768741,10.16874,9.53874,7.84874,3.7887402,2.5987403,4.49874,5.6087403
-10.74126,-10.941259,-11.22126,-11.63126,-12.04126,-12.34126,-12.64126,-12.941259,-13.0712595,-13.09126,-13.231259,-13.21126,-13.24126,-13.25126,-13.55126,-13.901259,-13.93126,-13.691259,-13.5712595,-13.88126,-14.58126,-15.17126,-15.401259,-15.55126,-15.59126,-15.37126,-15.17126,-15.191259,-15.18126,-15.26126,-15.49126,-15.99126,-16.12126,-15.55126,-15.68126,-15.83126,-15.5712595,-15.43126,-15.0712595,-14.72126,-14.55126,-13.80126,-12.04126,-6.8512597,-8.29126,-8.81126,-9.5712595,-10.01126,-2.2712598,6.59874,10.978741,6.7387404,7.86874,3.5687401,1.6487403,4.63874,5.4187403,5.80874
-10.84126,-11.08126,-11.29126,-11.59126,-11.941259,-12.35126,-12.611259,-12.8212595,-12.80126,-12.70126,-12.84126,-12.8212595,-12.88126,-13.04126,-13.26126,-13.771259,-14.12126,-14.01126,-13.85126,-14.00126,-14.28126,-15.05126,-15.441259,-15.481259,-15.74126,-15.93126,-15.34126,-15.31126,-15.24126,-15.361259,-15.651259,-16.19126,-16.501259,-15.901259,-16.16126,-16.12126,-15.78126,-15.51126,-15.28126,-14.97126,-14.691259,-13.85126,-7.50126,-5.6812596,-6.9112597,-7.11126,-8.62126,-10.08126,-9.03126,-1.3212597,4.05874,0.5487402,1.1887403,1.7287402,3.0387402,6.0287404,7.11874,7.47874
-10.79126,-11.06126,-11.31126,-11.55126,-11.75126,-12.06126,-12.24126,-12.46126,-12.81126,-12.651259,-12.76126,-13.01126,-13.12126,-13.25126,-13.43126,-13.70126,-14.13126,-14.33126,-14.441259,-14.521259,-14.80126,-15.20126,-15.56126,-15.62126,-15.5712595,-15.51126,-14.93126,-15.12126,-15.191259,-15.5712595,-16.02126,-16.33126,-16.61126,-16.33126,-16.36126,-16.27126,-16.06126,-16.16126,-16.16126,-15.361259,-14.72126,-11.47126,-4.88126,-5.2812595,-6.6612597,-7.2612596,-5.71126,-7.44126,-5.7412596,-3.6612597,-2.3712597,-1.6512598,0.24874024,2.0787401,4.2987404,6.11874,6.4887404,4.95874
-10.62126,-10.861259,-11.12126,-11.38126,-11.79126,-12.21126,-12.34126,-12.3212595,-12.63126,-12.96126,-12.71126,-12.91126,-13.151259,-13.29126,-13.54126,-13.80126,-14.17126,-14.56126,-14.651259,-14.80126,-14.8212595,-15.10126,-15.31126,-15.14126,-14.75126,-14.70126,-14.71126,-14.99126,-15.37126,-15.861259,-16.16126,-16.421259,-16.73126,-16.55126,-16.61126,-16.60126,-16.31126,-16.171259,-15.771259,-15.01126,-13.87126,-9.22126,-5.02126,-4.04126,-5.7812595,-8.39126,-7.4112597,-5.00126,-3.1412597,-1.5712597,-0.69125974,-0.34125978,0.75874025,1.4887402,4.8187404,6.17874,5.4687405,4.1087403
-10.42126,-10.71126,-10.99126,-11.3212595,-11.71126,-12.12126,-12.29126,-12.34126,-12.38126,-12.43126,-12.35126,-12.51126,-12.67126,-13.01126,-13.63126,-13.80126,-14.25126,-14.651259,-14.72126,-14.67126,-14.66126,-14.70126,-14.521259,-14.59126,-14.70126,-14.8212595,-14.91126,-15.21126,-15.731259,-16.20126,-16.35126,-16.43126,-16.66126,-16.80126,-16.62126,-16.62126,-16.53126,-16.30126,-15.651259,-14.68126,-12.651259,-8.97126,-4.3112597,-2.7212598,-3.6812599,-6.1412597,-8.00126,-5.6212597,-2.2012599,-0.9512598,-0.29125977,-0.021259766,1.0387403,1.9487402,3.7787402,3.3287401,3.4387403,1.6587403
-10.51126,-10.68126,-10.93126,-11.20126,-11.401259,-11.83126,-12.33126,-12.60126,-12.481259,-12.13126,-12.111259,-12.3212595,-12.3212595,-12.35126,-13.08126,-13.691259,-14.04126,-14.0712595,-14.31126,-14.43126,-14.30126,-13.901259,-14.12126,-14.50126,-14.83126,-15.10126,-15.28126,-15.56126,-15.99126,-16.29126,-16.421259,-16.49126,-16.65126,-16.93126,-16.78126,-16.421259,-16.251259,-16.03126,-15.691259,-14.901259,-12.99126,-11.03126,-9.39126,-7.61126,-6.3912597,-4.80126,-3.5212598,-2.8512597,-1.2712598,-0.92125976,-0.48125976,-0.87125975,-0.6412598,-1.2612598,-1.1512598,-0.7812598,-0.5212598,-1.2412598
-10.441259,-10.74126,-11.06126,-11.3212595,-11.481259,-11.5712595,-11.85126,-12.39126,-12.49126,-12.31126,-12.37126,-12.481259,-12.941259,-13.04126,-12.92126,-13.481259,-13.50126,-13.42126,-13.67126,-13.76126,-13.29126,-13.30126,-13.81126,-14.231259,-14.56126,-15.00126,-15.25126,-15.441259,-15.74126,-16.06126,-16.36126,-16.46126,-16.48126,-16.74126,-17.35126,-16.501259,-15.96126,-15.72126,-15.04126,-14.47126,-13.30126,-11.63126,-9.64126,-7.71126,-6.54126,-5.90126,-2.8512597,-1.1812598,-1.9412597,-1.6112598,-0.54125977,-0.75125974,-0.82125974,-2.7912598,-2.1112597,-1.7312598,-1.4312598,-1.6912597
-10.26126,-10.5712595,-10.88126,-11.17126,-11.45126,-11.64126,-11.76126,-12.04126,-12.3212595,-11.95126,-12.191259,-12.56126,-13.17126,-13.56126,-13.51126,-13.74126,-13.38126,-12.92126,-12.62126,-12.70126,-12.66126,-12.88126,-13.51126,-14.111259,-14.31126,-14.63126,-14.89126,-15.13126,-15.361259,-15.74126,-16.10126,-16.40126,-16.48126,-16.63126,-17.21126,-17.01126,-16.001259,-16.13126,-15.01126,-13.97126,-13.31126,-11.75126,-9.37126,-7.61126,-5.52126,-3.9312599,-4.30126,-2.2612598,-1.6112598,-1.4412597,-0.7712598,-0.6412598,-1.3812598,-2.3712597,-2.5912597,-2.1912599,-1.7412598,-1.0912597
-10.08126,-10.33126,-10.60126,-10.861259,-11.231259,-11.58126,-11.771259,-11.901259,-12.30126,-12.28126,-12.231259,-12.441259,-12.83126,-13.09126,-12.8212595,-12.96126,-13.28126,-13.68126,-13.151259,-12.85126,-12.941259,-13.01126,-13.58126,-14.25126,-14.441259,-14.5712595,-14.66126,-14.93126,-15.34126,-15.81126,-16.22126,-16.45126,-16.671259,-16.80126,-16.69126,-16.64126,-16.18126,-15.72126,-15.18126,-13.92126,-12.79126,-11.30126,-8.901259,-6.84126,-4.77126,-2.1612597,-2.7612598,-0.7812598,-1.5712597,-2.3112597,-1.3712598,-0.011259765,-1.1312598,-2.0112598,-1.2812598,-0.5112598,-0.8312598,-0.5212598
-9.96126,-10.20126,-10.481259,-10.80126,-11.10126,-11.43126,-11.85126,-12.0712595,-12.21126,-12.55126,-12.62126,-12.85126,-13.0712595,-13.22126,-13.12126,-12.771259,-13.28126,-13.88126,-13.51126,-13.0712595,-13.231259,-13.08126,-13.53126,-14.06126,-14.231259,-14.16126,-14.31126,-14.5712595,-15.111259,-15.64126,-16.06126,-16.341259,-16.52126,-16.841259,-16.76126,-16.97126,-16.82126,-16.06126,-15.30126,-14.51126,-13.41126,-11.92126,-9.70126,-7.29126,-4.5812597,-1.7412598,-1.4712597,-0.68125975,-1.6512598,-2.0012598,-1.6312598,-1.3212597,0.028740235,-1.1312598,-0.7612598,0.18874024,-0.6412598,-0.9112598
-9.80126,-10.05126,-10.37126,-10.71126,-11.01126,-11.31126,-11.60126,-11.88126,-12.13126,-12.49126,-12.691259,-12.76126,-12.84126,-13.03126,-13.29126,-13.25126,-13.3212595,-13.76126,-13.60126,-12.92126,-13.30126,-13.14126,-13.47126,-13.901259,-14.08126,-14.09126,-14.191259,-14.401259,-14.59126,-14.97126,-15.691259,-16.21126,-16.47126,-16.70126,-16.88126,-17.01126,-17.171259,-16.751259,-15.74126,-14.53126,-13.231259,-11.99126,-10.08126,-7.34126,-2.8612597,0.94874024,0.11874023,-0.99125975,-1.0512598,-1.1112598,-0.35125977,-0.80125976,-0.67125976,-1.4612597,-1.1512598,-0.40125978,0.61874026,-0.27125975
-9.64126,-9.901259,-10.18126,-10.50126,-10.85126,-11.17126,-11.43126,-11.691259,-11.87126,-12.231259,-12.56126,-12.731259,-12.80126,-12.84126,-13.191259,-13.691259,-13.78126,-13.8212595,-13.481259,-12.99126,-13.00126,-13.13126,-13.26126,-13.50126,-13.83126,-13.95126,-14.03126,-14.20126,-14.401259,-14.80126,-15.37126,-15.95126,-16.26126,-16.62126,-16.66126,-16.79126,-16.93126,-16.73126,-16.44126,-15.58126,-13.651259,-11.85126,-10.42126,-8.35126,-2.8112597,1.9387403,0.34874022,-0.09125976,0.8587402,-0.23125976,-1.1812598,-0.6412598,-1.1312598,-2.0012598,-1.0012598,0.24874024,1.8787402,1.9187403
-9.50126,-9.81126,-10.021259,-10.28126,-10.58126,-10.91126,-11.29126,-11.60126,-11.75126,-12.01126,-12.271259,-12.51126,-12.861259,-12.89126,-12.71126,-12.981259,-13.53126,-13.78126,-13.611259,-13.191259,-13.021259,-13.08126,-13.01126,-13.10126,-13.47126,-13.81126,-13.84126,-14.04126,-14.22126,-14.43126,-14.96126,-15.55126,-16.03126,-16.26126,-16.47126,-16.51126,-16.66126,-16.49126,-16.02126,-15.60126,-14.99126,-13.53126,-11.72126,-9.58126,-5.8312597,2.3687403,0.24874024,0.5487402,-0.10125977,-0.33125976,-0.42125976,-1.6512598,-1.7912598,-1.9312598,-1.4112598,-0.9512598,-0.50125974,0.80874026
-9.37126,-9.67126,-9.92126,-10.08126,-10.271259,-10.60126,-11.01126,-11.39126,-11.611259,-11.83126,-12.09126,-12.31126,-12.651259,-12.941259,-12.691259,-12.54126,-12.62126,-13.021259,-12.85126,-12.981259,-13.09126,-13.05126,-12.81126,-12.87126,-13.29126,-13.62126,-13.611259,-13.81126,-14.04126,-14.14126,-14.51126,-15.09126,-15.72126,-16.02126,-16.12126,-16.341259,-16.38126,-16.22126,-15.97126,-15.5712595,-15.18126,-14.481259,-13.37126,-11.54126,-8.01126,2.5787401,0.49874023,-0.46125975,0.23874024,0.07874023,0.7287402,1.0487403,-0.10125977,-2.2012599,-2.0212598,-1.6312598,-1.3612598,-0.74125975
-9.12126,-9.41126,-9.75126,-9.981259,-10.151259,-10.361259,-10.64126,-11.08126,-11.49126,-11.70126,-12.021259,-12.271259,-12.51126,-12.63126,-12.771259,-12.521259,-12.25126,-12.33126,-12.60126,-12.56126,-12.91126,-12.901259,-12.78126,-12.731259,-13.111259,-13.521259,-13.5712595,-13.70126,-13.88126,-13.92126,-14.10126,-14.51126,-15.021259,-15.60126,-16.091259,-16.19126,-16.24126,-16.16126,-16.001259,-15.66126,-15.49126,-15.04126,-14.29126,-13.05126,-9.38126,0.08874024,0.42874023,-0.88125974,-0.85125977,-0.42125976,-0.041259766,0.7887402,1.4787402,0.7887402,0.08874024,-1.3512597,-2.1912599,-1.9812598
-8.91126,-9.24126,-9.54126,-9.771259,-10.00126,-10.231259,-10.49126,-10.83126,-11.28126,-11.64126,-11.93126,-12.191259,-12.55126,-12.771259,-12.49126,-12.191259,-11.8212595,-11.95126,-12.401259,-12.41126,-12.84126,-12.771259,-12.53126,-12.361259,-12.74126,-13.09126,-13.18126,-13.401259,-13.691259,-13.731259,-13.85126,-14.12126,-14.55126,-14.97126,-15.231259,-15.67126,-16.02126,-16.03126,-15.941259,-15.71126,-15.38126,-15.06126,-14.88126,-14.30126,-9.43126,-0.6412598,-0.33125976,0.19874023,-1.3712598,1.0687402,1.1087402,0.068740234,-0.93125975,-0.16125977,0.34874022,0.6687402,0.63874024,-1.2012597
-8.70126,-9.10126,-9.38126,-9.62126,-9.901259,-10.13126,-10.34126,-10.66126,-11.06126,-11.47126,-11.80126,-12.05126,-12.361259,-12.71126,-12.231259,-11.861259,-11.74126,-11.85126,-12.35126,-12.46126,-12.64126,-12.46126,-11.96126,-11.79126,-12.271259,-12.58126,-12.66126,-12.93126,-13.3212595,-13.50126,-13.66126,-13.81126,-14.16126,-14.66126,-15.05126,-15.41126,-15.70126,-15.88126,-15.861259,-15.67126,-15.33126,-14.981259,-14.75126,-14.481259,-8.28126,-1.8112597,-0.98125976,-0.041259766,1.0787402,-0.0012597656,1.0987402,-0.39125976,-1.7012597,0.25874025,0.08874024,0.9687402,0.43874022,-0.09125976
-8.46126,-8.901259,-9.24126,-9.50126,-9.72126,-9.981259,-10.26126,-10.521259,-10.901259,-11.271259,-11.70126,-11.95126,-12.231259,-12.53126,-12.29126,-12.0712595,-12.17126,-12.21126,-12.60126,-12.76126,-12.691259,-12.39126,-11.63126,-11.24126,-11.66126,-12.13126,-12.34126,-12.611259,-13.021259,-13.26126,-13.441259,-13.63126,-13.771259,-14.09126,-14.60126,-15.00126,-15.20126,-15.41126,-15.67126,-15.76126,-15.37126,-14.901259,-14.45126,-13.901259,-7.0312595,-2.0512598,-0.93125975,-1.2112597,0.49874023,1.8887402,1.6887403,2.9887402,0.7987402,-1.9212598,-2.5712597,-1.4612597,-1.7612598,-1.2712598
-8.28126,-8.651259,-9.04126,-9.38126,-9.62126,-9.75126,-10.03126,-10.30126,-10.651259,-11.10126,-11.521259,-11.87126,-12.191259,-12.401259,-12.03126,-11.901259,-12.24126,-12.771259,-13.05126,-13.12126,-12.79126,-12.39126,-11.59126,-10.691259,-11.021259,-11.611259,-12.0712595,-12.39126,-12.76126,-13.12126,-13.24126,-13.41126,-13.64126,-13.861259,-14.13126,-14.49126,-14.771259,-14.901259,-15.04126,-15.18126,-15.09126,-14.45126,-13.941259,-13.70126,-5.6612597,-0.32125977,-0.47125977,-1.2212597,-0.9612598,-0.25125977,-1.1012597,-0.80125976,0.19874023,-0.18125977,-1.5812597,-1.1412598,-1.9212598,-1.5612597
-8.0712595,-8.43126,-8.80126,-9.17126,-9.45126,-9.611259,-9.81126,-10.09126,-10.41126,-10.87126,-11.34126,-11.68126,-12.04126,-12.22126,-11.96126,-11.981259,-12.58126,-12.59126,-12.68126,-12.97126,-12.68126,-12.21126,-11.47126,-10.521259,-10.691259,-11.111259,-11.63126,-12.03126,-12.38126,-12.83126,-13.06126,-13.26126,-13.42126,-13.68126,-13.901259,-14.0712595,-14.31126,-14.55126,-14.70126,-14.88126,-14.88126,-14.43126,-13.16126,-12.24126,-5.3312597,-1.4312598,-0.9512598,-1.3112597,-1.5812597,-1.0612597,-1.2712598,-1.8512597,-1.4112598,-0.61125976,-2.5712597,-1.9612597,-1.1512598,-2.6912599
