UV_10m_small_gfs.t12z.pgrb2.0p25.f027.json
{"header": { "discipline":0, "disciplineName":"Meteorological products", "gribEdition":2, "gribLength":17311, "center":7, "centerName":"US National Weather Service - NCEP(WMC)", "subcenter":0, "refTime":"2023-03-21T12:00:00.000Z", "significanceOfRT":1, "significanceOfRTName":"Start of forecast", "productStatus":0, "productStatusName":"Operational products", "productType":1, "productTypeName":"Forecast products", "productDefinitionTemplate":0, "productDefinitionTemplateName":"Analysis/forecast at horizontal level/layer at a point in time", "parameterCategory":2, "parameterCategoryName":"Momentum", "parameterNumber":2, "parameterNumberName":"U-component_of_wind", "parameterUnit":"m.s-1", "genProcessType":2, "genProcessTypeName":"Forecast", "forecastTime":27, "surface1Type":103, "surface1TypeName":"Specified height level above ground", "surface1Value":10.0, "surface2Type":255, "surface2TypeName":"Missing", "surface2Value":0.0, "gridDefinitionTemplate":0, "gridDefinitionTemplateName":"Latitude_Longitude", "numberPoints":11421, "shape":6, "shapeName":"Earth spherical with radius of 6,371,229.0 m", "gridUnits":"degrees", "resolution":48, "winds":"true", "scanMode":64, "nx":141, "ny":81, "basicAngle":0, "lo1":210.0, "la1":30.0, "lo2":245.0, "la2":50.0, "dx":0.25, "dy":0.25 }, "data":
[rows 0 to 26 of 81, columns 59 to 117 of 141]
-0.80799866,-0.56799865,-1.0179987,-1.3879987,-0.13799866,-0.19799866,0.69200134,0.7120013,-0.42799866,0.28200135,0.98200136,1.3920014,1.4720013,1.5420014,1.6520014,1.9920013,2.1820014,2.5620012,3.2020013,3.8720014,3.9520013,4.1920013,4.4620013,4.102001,4.142001,4.1720014,4.332001,4.3620014,4.4220014,4.9020014,5.102001,6.2520013,6.9820013,7.372001,7.432001,7.602001,7.5420012,7.892001,8.412002,8.392001,8.362001,8.452002,8.872002,9.272001,9.792002,10.232001,10.432002,10.5320015,10.622002,10.442002,10.222001,10.042002,9.962002,10.052001,9.792002,9.842001,9.762001,8.522001,8.472001
-0.64799863,-0.33799866,-0.48799866,-1.0179987,-0.31799865,0.43200135,0.82200134,0.8420013,0.9020013,0.40200135,0.95200133,1.0920013,0.95200133,0.7820013,1.3520013,2.0620012,2.5520012,3.5820014,3.5020013,3.3720014,3.1620014,3.2320013,3.2220013,3.4620013,3.7120013,3.8520014,4.0420012,4.4620013,4.9220014,5.5020013,5.3820014,5.162001,5.5020013,5.872001,6.0020013,6.5220013,7.332001,7.8220015,7.9520016,8.252002,8.152001,8.152001,8.562001,9.082002,9.422001,9.742002,10.302002,10.712002,11.002002,11.172002,11.162002,10.912002,10.712002,10.472002,10.312002,10.232001,10.322002,9.622002,8.792002
-0.50799865,-0.007998657,-0.12799865,0.10200134,-0.49799865,0.47200134,0.60200137,0.22200134,0.89200133,0.94200134,1.3220013,1.8020014,1.6720014,1.7720014,2.1520014,2.7020013,2.8820014,3.5820014,2.9620013,2.7120013,2.9220014,3.5320013,3.6420014,3.8820014,3.7720013,4.332001,5.0520015,5.392001,5.4420013,5.5420012,5.7320013,5.9720016,5.5120015,5.332001,5.2520013,5.582001,6.142001,6.582001,6.832001,6.6120014,6.8020015,7.5120015,8.202002,8.952002,9.372002,9.452002,9.922001,10.552002,10.932002,11.222002,11.602002,11.812002,11.702002,11.2820015,10.892002,10.762002,10.712002,10.622002,9.582002
-0.40799865,0.62200135,-0.047998656,0.55200136,-0.08799866,0.23200135,0.61200136,1.1620014,1.4320014,1.3520013,1.3020014,1.8520013,1.5020013,1.6620014,1.9720013,2.4920013,2.9220014,2.3020012,2.3920014,3.2420013,3.3720014,3.9020014,3.8620014,3.6220014,4.0020013,4.9420013,5.392001,5.4620013,5.832001,6.0120015,6.0020013,6.162001,6.2020016,6.4220014,6.2220016,6.162001,5.9720016,5.9620013,6.3820014,6.8620014,7.5320015,8.002002,8.562001,9.122002,9.482001,9.402001,9.252002,9.482001,10.102001,10.642002,11.402002,11.992002,12.172002,12.152002,11.862002,11.202002,10.892002,10.912002,10.202002
-0.24799865,0.68200135,0.19200134,0.44200134,0.27200136,0.5220013,1.4620013,1.0720013,1.1520014,2.0720015,1.4520013,1.6220013,1.9620013,2.4020014,2.0820014,1.7520013,2.6220014,2.2720013,2.5320013,3.1020014,2.9120014,3.0220013,3.5220013,4.122001,4.7020016,5.142001,5.5320015,5.7220016,5.7420015,5.662001,5.9020014,5.7720013,5.7820015,6.0420012,5.7920012,6.4020014,6.8020015,6.9220014,7.4020014,7.812001,8.002002,8.352001,8.7820015,8.842001,8.852001,9.072001,9.132001,9.422001,10.202002,10.832002,11.372002,11.792002,11.902002,12.212002,12.512002,12.062002,11.272002,10.852002,10.732002
0.032001343,0.7720013,0.50200135,0.49200135,1.3020014,1.2720014,1.0520014,0.93200135,0.89200133,2.1620014,1.7820014,1.4120014,1.7520013,1.9720013,2.1320014,2.3220015,3.1920013,2.5720015,2.3620014,3.2020013,3.6920013,3.6620014,3.8820014,4.4920015,4.2120013,4.7120013,5.2320013,5.332001,5.622001,5.7420015,6.0020013,5.892001,6.142001,5.8620014,6.2220016,7.3420014,8.012001,8.202002,8.462002,8.722001,8.692001,8.652001,8.862001,9.022001,9.082002,9.472001,9.862001,9.982001,10.382002,10.612002,10.812002,10.772002,10.822002,11.312002,12.332002,12.472002,12.212002,11.312002,10.552002
0.31200135,0.73200136,0.14200135,0.61200136,1.5220014,1.8520013,0.94200134,0.48200133,1.3020014,1.6120013,1.9420013,1.4620013,1.8220013,2.1820014,2.8220015,2.9920013,3.0720015,2.8120012,2.7420013,3.3620014,4.0720015,3.8720014,3.9320014,4.0320015,3.6720014,4.392001,4.932001,5.1520014,5.582001,5.4220014,5.9820013,6.7520013,7.0520015,6.3420014,7.162001,8.062001,8.362001,8.542002,8.772001,8.692001,8.702002,8.882001,8.932001,9.0320015,9.252002,9.072001,9.142001,9.412002,9.582002,9.382001,9.472001,9.732001,10.122002,10.452002,11.312002,12.092002,12.272002,11.7820015,10.592002
0.39200133,0.61200136,0.5320013,0.9720013,1.8720013,2.0920014,1.4220014,0.82200134,1.1420014,1.2320013,1.1820014,1.2820014,1.6320014,2.3520014,2.8720014,2.9120014,3.0820014,2.8220015,2.8820014,3.1820014,4.3020015,4.2720013,4.1120014,4.412001,4.6920013,4.7920012,5.1920013,5.5120015,5.912001,6.062001,6.7420015,6.622001,6.6120014,6.9420013,7.832001,8.2820015,8.272001,8.362001,8.352001,8.262001,7.9220014,7.892001,7.9520016,7.832001,8.082002,8.512001,8.872002,9.042002,9.052001,9.222001,9.5320015,9.882001,10.062001,9.892001,9.992002,10.832002,11.7820015,11.632002,11.132002
0.37200135,0.45200133,1.1520014,1.3320013,2.0620012,1.9320014,1.4120014,1.3820014,1.4620013,1.2820014,1.3920014,1.7020013,2.1820014,2.5720015,2.8220015,2.7020013,2.2020013,3.0420012,3.4720013,3.7520013,4.5720015,4.9520016,4.4720016,4.5220013,4.7120013,5.0720015,5.7020016,6.662001,7.2020016,6.812001,6.2420015,6.1120014,6.7620015,7.2820015,7.602001,7.7420015,7.9920015,8.242002,7.932001,7.5520015,7.5120015,7.642001,7.9020014,8.002002,8.112001,8.402001,8.882001,9.272001,9.5320015,9.702002,9.842001,9.832002,9.752002,9.752002,10.042002,10.242002,10.722002,11.102002,11.552002
0.62200135,0.5920013,0.9620013,1.7120013,2.3020012,2.0220013,1.8220013,1.8320013,1.7220013,1.7420013,2.2520013,2.7620013,3.0020013,3.1920013,3.1520014,3.7920012,3.7820013,4.3420014,4.7120013,4.7720013,4.8020015,4.7320013,4.8820014,4.9620013,4.9820013,5.372001,5.7720013,6.122001,6.7520013,6.0720015,6.062001,6.872001,7.2720013,7.2720013,7.4920015,7.7220016,7.812001,7.852001,7.892001,7.8820014,7.872001,7.9220014,8.492002,9.132001,9.632001,10.062001,10.262002,10.482002,10.462002,10.5320015,10.662002,10.692002,10.602002,10.562002,10.342002,10.442002,10.402002,10.422002,10.812002
1.0020013,1.5420014,1.3120013,1.6320014,2.2920012,2.3220015,2.1820014,2.2520013,2.0620012,2.0320013,2.6920013,3.0620012,3.4120014,3.7520013,4.0220013,4.7920012,4.6720014,4.6920013,4.832001,5.0320015,5.0920014,5.412001,5.7520013,5.7620015,5.832001,6.1120014,6.2320013,6.3020015,6.4920015,5.9520016,6.0220013,7.102001,7.2520013,7.1920013,7.412001,7.622001,7.7920012,8.022001,8.242002,8.842001,8.862001,9.332002,9.922001,10.342002,10.662002,10.882002,11.112002,11.262002,11.332002,11.382002,11.482002,11.162002,11.162002,11.182002,11.162002,10.842002,10.752002,10.652002,10.562002
1.2320013,1.7020013,1.9920013,1.8120013,1.7720014,2.0720015,2.1720014,2.1820014,2.2820013,2.3920014,2.6120014,3.0420012,3.4820013,3.8220015,3.8220015,4.1320014,4.7020016,5.0720015,5.3820014,5.332001,5.392001,5.7420015,6.0320015,5.872001,6.0020013,6.0720015,5.7720013,5.932001,6.0920014,5.9520016,6.4020014,7.1120014,7.2220016,7.3220015,7.7520013,8.102001,8.412002,8.632001,9.002002,9.582002,9.972001,10.2820015,10.582002,10.772002,11.022002,11.352002,11.5320015,11.522002,11.572002,11.722002,11.962002,11.812002,11.702002,11.792002,11.582002,11.542002,11.082002,10.862002,10.622002
1.2320013,1.4720013,1.9720013,2.0820014,1.9520013,2.2020013,2.1620014,2.2420013,2.4620013,2.4820013,2.9020014,3.2020013,3.5620012,3.9920013,4.0120015,4.4820013,5.1720014,5.1720014,5.0220013,5.0520015,5.3020015,5.4220014,5.9720016,5.9920015,5.6520014,5.9720016,6.4420013,6.312001,6.5320015,6.2220016,6.7020016,7.2420015,7.662001,7.9520016,8.302001,8.652001,8.962002,9.202002,9.602001,9.822001,10.052001,10.642002,11.062002,11.412002,11.802002,12.112002,12.302002,12.402002,12.492002,12.662002,12.642002,12.332002,12.012002,12.022002,11.872002,11.712002,11.512002,10.932002,10.752002
1.4320014,1.4720013,1.7020013,2.0120013,2.0920014,2.2320013,2.3020012,2.3920014,2.6820014,2.8220015,3.1120014,3.4320014,3.9020014,4.1920013,4.2420015,4.4620013,4.7520013,4.9020014,5.0420012,5.2220016,5.372001,5.5320015,6.2820015,6.0720015,5.5920014,6.142001,6.7620015,6.7020016,6.5020013,6.582001,7.142001,7.4520016,7.7220016,8.162002,8.682001,9.182001,9.482001,9.612001,9.472001,9.542002,10.342002,11.0320015,11.472002,11.882002,12.402002,12.762002,13.082002,13.292002,13.362002,13.332002,13.262002,13.002002,12.762002,12.352002,12.162002,11.832002,11.572002,11.242002,10.752002
1.6220013,1.6620014,1.5920013,1.7220013,2.0120013,2.0820014,2.2420013,2.4420013,2.5520012,2.7020013,3.0320013,3.3120012,3.6420014,3.7120013,3.8720014,4.0420012,4.3020015,4.622001,4.9220014,5.162001,5.372001,5.6320014,6.2620015,6.182001,5.7620015,6.312001,6.602001,6.7920012,6.5920014,6.7120013,7.0020013,7.4820013,7.932001,8.512001,8.952002,9.222001,9.502002,9.722001,9.672001,10.122002,10.612002,11.122002,11.762002,12.252002,12.732002,13.052002,13.362002,13.562002,13.672002,13.632002,13.452002,13.382002,13.132002,12.842002,12.562002,12.192002,11.622002,11.182002,10.932002
1.5920013,1.6720014,1.6620014,1.7720014,1.9320014,1.9420013,1.9320014,2.0420012,2.2820013,2.6220014,2.9820013,3.4420013,3.5520012,3.4520013,3.8120012,3.9120014,3.9720013,4.3820014,4.7620015,5.0020013,5.3420014,5.4520016,6.0520015,6.1920013,6.0020013,6.812001,6.7020016,6.852001,6.7220016,6.892001,7.2620015,7.5920014,7.9620013,8.472001,8.862001,9.272001,9.772001,9.962002,10.132001,10.352002,10.682002,11.5320015,12.072002,12.262002,12.682002,13.022002,13.472002,13.812002,13.952002,13.842002,13.502002,13.322002,13.152002,12.832002,12.452002,12.012002,11.592002,11.132002,10.602002
1.4820013,1.6720014,1.7220013,1.9020014,2.0220013,1.9420013,2.0320013,2.2020013,2.4820013,2.7820013,3.0420012,3.4520013,3.4820013,3.2620013,3.8220015,3.9620013,4.142001,4.4920015,4.7120013,4.932001,5.2020016,5.332001,6.182001,6.4220014,6.3220015,6.5120015,6.5420012,6.642001,6.812001,7.1520014,7.3420014,7.562001,8.082002,8.542002,8.982001,9.432001,9.882001,10.0320015,10.262002,10.352002,10.922002,11.602002,11.932002,12.292002,12.762002,13.242002,13.472002,13.662002,13.7820015,13.892002,13.7820015,13.472002,13.112002,12.802002,12.262002,11.772002,11.212002,10.652002,9.992002
1.6620014,1.7620014,1.7120013,1.9120014,2.1620014,2.2220013,2.2620013,2.3320014,2.5920014,2.8420014,3.0420012,3.1420014,3.2620013,2.9920013,3.7420013,3.8020012,3.7020013,4.162001,4.662001,4.9020014,4.832001,5.3420014,6.2320013,6.2020016,5.9220014,6.0420012,6.412001,6.7120013,7.0220013,7.2020016,7.3820014,7.7920012,8.312001,8.792002,9.212002,9.592001,9.752002,10.0320015,10.182001,10.472002,11.222002,11.582002,11.962002,12.562002,12.962002,13.182002,13.182002,13.442002,13.522002,13.812002,13.7820015,13.512002,13.482002,12.652002,12.152002,11.592002,11.072002,10.212002,9.732001
2.1620014,2.0520012,1.8920014,2.1520014,2.5120013,2.5220013,2.4320014,2.3420014,2.5020013,2.7520013,2.8820014,2.9720013,3.1220014,3.2820013,3.5620012,4.2420015,3.7920012,3.8520014,4.2920012,4.5720015,4.412001,5.2020016,5.892001,6.0320015,5.9820013,6.1320014,6.4020014,6.582001,6.7820015,7.062001,7.5120015,7.9420013,8.482001,8.972001,9.312001,9.522001,9.7820015,9.882001,10.142001,10.902002,11.372002,11.632002,12.022002,12.342002,12.652002,12.692002,12.632002,12.832002,13.062002,13.312002,13.332002,13.382002,13.302002,12.502002,12.072002,11.402002,10.722002,9.792002,9.012001
2.3520014,2.2920012,2.3420014,2.5720015,2.6520014,2.4720013,2.3520014,2.3520014,2.6020014,2.7720013,2.8320014,2.9320014,3.3820014,3.5420012,3.2120013,4.2020016,3.9420013,3.8720014,4.642001,4.912001,4.9020014,5.2620015,5.6920013,5.9520016,6.142001,6.412001,6.6320014,6.6120014,6.812001,7.142001,7.352001,7.7020016,8.392001,8.922001,9.202002,9.552001,9.742002,9.732001,10.502002,11.042002,11.242002,11.552002,11.5320015,11.762002,11.602002,12.002002,12.262002,12.582002,13.042002,12.702002,12.322002,12.252002,12.322002,11.752002,11.342002,10.972002,10.332002,9.412002,8.442001
2.4720013,2.5320013,2.7220013,2.7820013,2.6420014,2.4920013,2.4920013,2.6820014,2.5920014,2.6620014,2.8820014,2.9520013,3.5520012,3.8420014,3.1820014,3.6420014,4.0520015,4.392001,5.4020014,5.7520013,5.7320013,6.0020013,5.7620015,5.642001,5.7220016,6.2920012,6.5920014,6.4820013,6.8220015,7.082001,7.0920014,7.4820013,8.212002,8.662002,9.022001,9.492002,9.602001,9.902001,10.552002,10.882002,10.852002,10.882002,11.072002,11.632002,11.322002,12.142002,12.702002,12.812002,12.692002,12.882002,12.462002,11.372002,11.142002,11.052002,10.682002,10.252002,9.542002,8.952002,7.9520016
2.8520014,2.9620013,3.1320014,3.0320013,2.8820014,2.7720013,2.8320014,3.1120014,2.7120013,2.8720014,3.1920013,3.0720015,3.2920012,4.0120015,4.2420015,3.6220014,3.7820013,4.5920014,5.5320015,5.4520016,4.9920015,5.2920012,5.1920013,4.7020016,5.122001,5.5520015,5.4920015,5.9620013,6.7220016,6.852001,6.912001,7.392001,8.022001,8.462002,8.932001,9.292002,9.392001,9.762001,10.102001,10.052001,10.092001,10.582002,11.332002,11.902002,12.122002,12.332002,12.992002,12.722002,11.672002,11.812002,12.122002,11.392002,10.232001,10.352002,9.612001,8.452002,8.632001,8.412002,4.5120015
3.2320013,3.3620014,3.4320014,3.3120012,3.1720014,3.1420014,3.3020012,3.5920014,3.2720013,3.3520014,3.4720013,3.2720013,3.2520013,3.7220013,4.412001,4.4820013,4.182001,4.6720014,4.932001,4.2220016,4.1320014,5.0720015,5.412001,4.5520015,4.7020016,4.9820013,5.0520015,5.9020014,6.6120014,6.7520013,6.9620013,7.372001,8.002002,8.492002,8.882001,9.252002,9.342001,9.372002,9.362001,9.462002,9.992002,10.842002,11.762002,12.2820015,12.402002,12.182002,12.322002,12.862002,11.942002,11.542002,11.672002,10.812002,9.822001,9.042002,7.682001,6.912001,6.8620014,5.0720015,2.1620014
3.5320013,3.7220013,3.7520013,3.6320014,3.5420012,3.5420012,3.6720014,3.8520014,3.7520013,3.6820014,3.6320014,3.6420014,3.7020013,3.8320014,4.2420015,4.682001,4.8420014,4.2620015,4.7120013,5.3220015,4.8220015,4.7820015,5.0220013,4.2820015,4.372001,5.1120014,5.0520015,5.6520014,6.332001,6.6920013,6.9520016,7.3620014,7.9520016,8.412002,8.692001,8.952002,8.982001,8.842001,8.832002,9.332002,10.162002,11.042002,11.552002,11.612002,11.112002,11.422002,12.262002,13.162002,12.922002,12.092002,10.552002,9.122002,8.862001,7.372001,5.7120013,3.7820013,1.3420013,-0.047998656,-0.36799866
3.8220015,4.0720015,4.1320014,4.0020013,3.9320014,3.9520013,3.9820013,4.102001,3.9820013,3.8620014,3.8920014,3.8420014,4.0920014,4.182001,4.1720014,4.5220013,5.0420012,4.602001,4.8620014,5.4820013,5.3220015,4.5120015,4.7020016,4.5320015,4.5520015,5.1720014,5.1120014,5.3620014,5.7420015,6.162001,6.662001,7.162001,7.7520013,8.052001,8.152001,8.272001,8.412002,8.242002,8.492002,9.262001,9.982001,10.392002,9.982001,8.482001,8.802001,10.602002,12.902002,14.002002,12.592002,10.792002,9.322001,7.2220016,7.4420013,5.602001,0.92200136,-0.07799866,0.24200134,-1.9579986,-1.3779987
4.0720015,4.352001,4.4920015,4.3820014,4.2620015,4.2820015,4.2720013,4.2720013,4.0920014,4.0020013,4.0120015,3.9520013,4.062001,4.182001,4.2620015,4.4420013,4.642001,4.3820014,4.5120015,5.0520015,5.5220013,5.832001,5.2820015,4.9620013,4.8220015,5.2720013,5.312001,5.2020016,5.312001,5.8020015,6.2720013,6.832001,7.4020014,7.622001,7.6120014,7.832001,7.9620013,7.8420014,8.272001,8.972001,9.362001,8.732001,6.2520013,6.0520015,7.7620015,7.5420012,7.4220014,7.332001,7.162001,6.4520016,6.2020016,5.5320015,4.1920013,-0.30799866,-1.7579987,-0.81799865,-2.2879987,-4.4779987,-1.5679986
4.3820014,4.6320014,4.8420014,4.7620015,4.5920014,4.5720015,4.562001,4.4420013,4.372001,4.3220015,4.162001,4.062001,4.162001,4.3620014,4.582001,4.5520015,4.7120013,4.7320013,4.3620014,4.412001,5.122001,5.6720014,5.392001,4.9820013,4.7920012,5.5320015,5.812001,5.432001,5.2220016,5.562001,6.0320015,6.6320014,7.2520013,7.3220015,7.122001,7.372001,7.5120015,7.412001,7.8620014,8.302001,8.112001,6.082001,4.102001,5.2920012,6.2520013,5.0120015,2.1020014,-1.2279986,-2.0779986,0.15200134,1.7420013,2.8520014,-3.2479987,-5.9079986,-2.2379987,-2.7379987,-2.8679986,-1.8779987,-1.7079986
