UV_10m_small_gfs.t12z.pgrb2.0p25.f036.json
{"header": { "discipline":0, "disciplineName":"Meteorological products", "gribEdition":2, "gribLength":17311, "center":7, "centerName":"US National Weather Service - NCEP(WMC)", "subcenter":0, "refTime":"2023-03-21T12:00:00.000Z", "significanceOfRT":1, "significanceOfRTName":"Start of forecast", "productStatus":0, "productStatusName":"Operational products", "productType":1, "productTypeName":"Forecast products", "productDefinitionTemplate":0, "productDefinitionTemplateName":"Analysis/forecast at horizontal level/layer at a point in time", "parameterCategory":2, "parameterCategoryName":"Momentum", "parameterNumber":3, "parameterNumberName":"V-component_of_wind", "parameterUnit":"m.s-1", "genProcessType":2, "genProcessTypeName":"Forecast", "forecastTime":36, "surface1Type":103, "surface1TypeName":"Specified height level above ground", "surface1Value":10.0, "surface2Type":255, "surface2TypeName":"Missing", "surface2Value":0.0, "gridDefinitionTemplate":0, "gridDefinitionTemplateName":"Latitude_Longitude", "numberPoints":11421, "shape":6, "shapeName":"Earth spherical with radius of 6,371,229.0 m", "gridUnits":"degrees", "resolution":48, "winds":"true", "scanMode":64, "nx":141, "ny":81, "basicAngle":0, "lo1":210.0, "la1":30.0, "lo2":245.0, "la2":50.0, "dx":0.25, "dy":0.25 }, "data":
[rows 0 to 25 of 81, columns 57 to 113 of 141]
-5.0167503,-5.4767504,-6.0667505,-6.3667507,-6.3467503,-6.2267504,-6.6067505,-7.1867504,-7.2667503,-7.4567504,-7.6567507,-7.7867503,-7.9067507,-8.166751,-8.276751,-8.276751,-8.316751,-8.446751,-8.536751,-8.6067505,-8.576751,-8.536751,-8.526751,-8.656751,-8.706751,-8.736751,-8.776751,-8.776751,-8.746751,-8.826751,-8.816751,-8.83675,-8.83675,-9.09675,-9.326751,-9.26675,-9.526751,-9.1067505,-8.89675,-9.21675,-9.33675,-9.04675,-8.93675,-9.116751,-8.89675,-8.55675,-8.34675,-8.206751,-7.8567505,-7.5067506,-7.2167506,-6.9467506,-6.6267505,-6.4567504,-6.2567506,-6.1567507,-6.2967505
-5.4067507,-5.4367504,-5.5267506,-5.7667503,-6.0767503,-6.2067504,-6.3467503,-6.6567507,-6.7667503,-7.0367503,-7.2567506,-7.3467503,-7.5267506,-7.6767507,-7.6267505,-7.7167506,-7.9467506,-8.116751,-8.166751,-8.14675,-8.09675,-8.206751,-8.526751,-8.956751,-9.17675,-9.246751,-9.13675,-8.996751,-8.89675,-8.83675,-8.626751,-8.71675,-8.816751,-8.996751,-9.13675,-9.196751,-9.326751,-9.456751,-9.326751,-9.38675,-9.206751,-9.05675,-8.746751,-8.496751,-8.456751,-8.39675,-8.26675,-8.116751,-7.9367504,-7.7667503,-7.6767507,-7.5267506,-7.2167506,-6.9367504,-6.5867505,-6.1767507,-6.0167503
-5.3267503,-5.4667506,-5.4867506,-5.5867505,-5.8567505,-5.9867506,-6.2567506,-6.5467505,-6.7067504,-6.8867507,-7.0767503,-7.3567505,-7.5067506,-7.5567503,-7.6767507,-7.8667507,-8.026751,-8.156751,-8.326751,-8.536751,-8.786751,-8.946751,-9.1067505,-9.13675,-9.116751,-9.206751,-9.366751,-9.33675,-9.17675,-9.08675,-8.946751,-8.8567505,-8.84675,-8.76675,-9.036751,-9.276751,-9.26675,-9.26675,-9.126751,-9.026751,-9.09675,-8.88675,-8.746751,-8.54675,-8.43675,-8.196751,-8.01675,-7.8867507,-7.6967506,-7.4067507,-7.2467504,-7.1967506,-7.1867504,-7.1267505,-7.0867505,-6.9667506,-6.6767507
-5.1067505,-5.2267504,-5.3567505,-5.6767507,-5.9467506,-6.1167507,-6.1567507,-6.3267503,-6.6367507,-6.8367505,-6.8967505,-6.9967504,-7.1167507,-7.3167505,-7.6267505,-7.8767505,-8.18675,-8.42675,-8.59675,-8.696751,-8.666751,-8.92675,-9.09675,-9.08675,-9.156751,-9.126751,-9.17675,-9.276751,-9.166751,-9.17675,-9.206751,-8.956751,-8.92675,-8.84675,-8.84675,-8.876751,-9.08675,-9.33675,-9.30675,-9.126751,-9.09675,-8.93675,-8.72675,-8.6067505,-8.39675,-8.22675,-7.9367504,-7.7267504,-7.4567504,-7.1967506,-6.9167504,-6.8267503,-6.8567505,-6.6967506,-6.3967505,-6.0867505,-5.9467506
-5.2667503,-5.3167505,-5.3667507,-5.5467505,-5.6567507,-5.8567505,-6.1467505,-6.3067503,-6.3967505,-6.4667506,-6.6067505,-6.8567505,-7.1067505,-7.3767505,-7.6967506,-7.9067507,-8.026751,-8.18675,-8.316751,-8.59675,-8.72675,-8.866751,-9.116751,-9.25675,-9.166751,-9.076751,-9.036751,-9.17675,-9.156751,-9.026751,-8.946751,-8.89675,-9.05675,-9.17675,-9.036751,-9.026751,-9.09675,-9.1067505,-9.08675,-9.066751,-9.00675,-8.876751,-8.80675,-8.55675,-8.126751,-8.116751,-7.9967504,-7.7367506,-7.5167503,-7.3967505,-7.1667504,-6.8767505,-6.6667504,-6.4567504,-6.2667503,-6.0967503,-5.9767504
-5.3867507,-5.4967504,-5.6267505,-5.5967503,-5.5967503,-5.6767507,-5.8967505,-6.0767503,-6.1067505,-6.2667503,-6.5567503,-6.8367505,-7.0667505,-7.3867507,-7.6167507,-7.7267504,-7.9367504,-8.206751,-8.316751,-8.47675,-8.6067505,-8.43675,-8.51675,-8.89675,-8.996751,-8.75675,-8.626751,-8.776751,-8.986751,-8.79675,-8.746751,-8.8567505,-8.826751,-8.816751,-8.826751,-8.736751,-8.696751,-8.536751,-8.34675,-8.276751,-8.30675,-8.30675,-8.236751,-8.126751,-8.156751,-8.026751,-7.8667507,-7.6967506,-7.4267507,-7.1967506,-7.0867505,-6.9667506,-6.7067504,-6.3867507,-6.1967506,-5.8467503,-5.3267503
-5.6467505,-5.7967505,-5.8867507,-5.8667507,-5.8167505,-5.8367505,-5.9067507,-6.0367503,-6.2467504,-6.4967504,-6.7067504,-6.8367505,-7.1567507,-7.5367503,-7.7467504,-7.7967505,-7.9167504,-8.05675,-8.246751,-8.38675,-8.736751,-8.75675,-8.42675,-8.616751,-8.956751,-8.72675,-8.376751,-8.30675,-8.42675,-8.446751,-8.496751,-8.696751,-8.71675,-8.84675,-8.826751,-8.876751,-8.956751,-9.01675,-8.79675,-8.75675,-8.76675,-8.46675,-8.01675,-7.8767505,-7.8767505,-7.8467503,-7.7467504,-7.5967503,-7.3867507,-7.0967503,-6.8267503,-6.5867505,-6.3067503,-5.9967504,-5.6167507,-5.2567506,-5.0167503
-5.6667504,-5.7867503,-5.8567505,-5.9267507,-5.9767504,-6.0767503,-6.1767507,-6.3367505,-6.5167503,-6.6667504,-6.7567506,-6.9967504,-7.3467503,-7.5467505,-7.6767507,-7.7967505,-7.9367504,-8.066751,-8.25675,-8.316751,-8.406751,-8.67675,-8.83675,-8.826751,-8.986751,-8.84675,-8.786751,-8.80675,-7.9367504,-7.8467503,-8.376751,-8.916751,-9.26675,-9.58675,-9.67675,-9.55675,-9.406751,-9.446751,-9.626751,-9.58675,-9.246751,-8.816751,-8.446751,-8.166751,-7.9867506,-7.8667507,-7.7267504,-7.6567507,-7.5367503,-7.2267504,-6.9367504,-6.6667504,-6.2667503,-5.8167505,-5.5367503,-5.1567507,-4.6667504
-5.6867504,-5.7867503,-5.8267503,-5.8967505,-6.0067506,-6.1767507,-6.3767505,-6.5467505,-6.5867505,-6.6167507,-6.7667503,-7.0767503,-7.3467503,-7.3767505,-7.5467505,-7.7867503,-7.9267507,-8.116751,-8.3567505,-8.486751,-8.50675,-8.63675,-8.8567505,-9.14675,-9.21675,-9.46675,-9.79675,-10.116751,-9.43675,-8.33675,-8.6067505,-8.906751,-8.88675,-9.26675,-9.79675,-9.656751,-9.446751,-9.246751,-9.25675,-9.09675,-8.92675,-8.71675,-8.656751,-8.486751,-8.22675,-8.01675,-7.8867507,-7.7667503,-7.5367503,-6.9867506,-6.9467506,-6.6467505,-6.3067503,-5.8967505,-5.5367503,-5.1267505,-4.8067503
-5.5167503,-5.6367507,-5.6967506,-5.7367506,-5.8767505,-6.0767503,-6.2667503,-6.3867507,-6.4767504,-6.6067505,-6.8567505,-7.1267505,-7.2667503,-7.2967505,-7.5367503,-7.7567506,-7.8267503,-7.9467506,-8.166751,-8.42675,-8.67675,-8.866751,-8.84675,-8.906751,-9.18675,-9.55675,-9.816751,-9.83675,-10.126751,-9.84675,-8.88675,-8.96675,-8.626751,-8.80675,-9.54675,-9.616751,-9.59675,-9.446751,-9.156751,-9.166751,-9.126751,-9.13675,-8.80675,-8.6067505,-8.42675,-8.25675,-8.156751,-7.9767504,-7.6467505,-7.3567505,-6.9867506,-6.6667504,-6.2967505,-6.0167503,-5.5867505,-5.0767503,-4.7067504
-5.4467506,-5.5167503,-5.5367503,-5.6867504,-5.9567504,-6.1067505,-6.1767507,-6.3067503,-6.4867506,-6.7167506,-6.9267507,-7.0367503,-7.1567507,-7.1467505,-7.3567505,-7.6167507,-7.7667503,-7.8167505,-7.9467506,-8.156751,-8.3567505,-8.58675,-8.916751,-9.166751,-9.38675,-9.566751,-9.696751,-9.866751,-9.89675,-10.18675,-9.68675,-9.18675,-8.826751,-8.54675,-9.026751,-9.366751,-9.54675,-9.526751,-9.14675,-9.116751,-9.276751,-9.13675,-8.89675,-8.706751,-8.486751,-8.3567505,-8.116751,-7.8767505,-7.5667505,-7.1767507,-7.0167503,-6.7767506,-6.4267507,-6.0467505,-5.5267506,-4.9967504,-4.6067505
-5.3867507,-5.4767504,-5.5467505,-5.6367507,-5.8467503,-6.1167507,-6.2467504,-6.3367505,-6.5567503,-6.7167506,-6.8367505,-6.8567505,-7.0267506,-7.1467505,-7.1367507,-7.3567505,-7.6967506,-7.9467506,-8.08675,-8.196751,-8.366751,-8.666751,-8.8567505,-8.986751,-9.14675,-9.366751,-9.486751,-9.72675,-9.946751,-10.01675,-10.036751,-9.93675,-9.456751,-8.84675,-9.066751,-9.406751,-9.33675,-9.30675,-9.316751,-9.08675,-9.14675,-9.236751,-8.89675,-8.63675,-8.46675,-8.3567505,-8.21675,-8.00675,-7.8467503,-7.5467505,-7.2767506,-6.8567505,-6.4667506,-5.8967505,-5.3467503,-4.8367505,-4.6167507
-5.1267505,-5.2167506,-5.3467503,-5.4967504,-5.6467505,-5.8467503,-6.0367503,-6.2767506,-6.5467505,-6.6367507,-6.6967506,-6.7267504,-6.9267507,-7.2767506,-7.3867507,-7.3667507,-7.5867505,-7.8967505,-8.18675,-8.446751,-8.656751,-8.816751,-8.96675,-9.01675,-9.066751,-9.166751,-9.38675,-9.496751,-9.50675,-9.826751,-9.986751,-10.026751,-9.996751,-9.3567505,-9.33675,-9.58675,-9.566751,-9.54675,-9.59675,-9.25675,-8.946751,-9.116751,-9.026751,-8.876751,-8.75675,-8.656751,-8.6067505,-8.406751,-8.18675,-8.026751,-7.7767506,-7.3667507,-6.8467503,-6.2367506,-5.5067506,-5.0567503,-4.6467505
-5.2167506,-5.0967503,-5.1467505,-5.3467503,-5.6067505,-5.8467503,-5.9967504,-6.1867504,-6.3967505,-6.4867506,-6.5567503,-6.6867504,-6.8967505,-7.1667504,-7.3767505,-7.4767504,-7.6267505,-7.8767505,-8.156751,-8.42675,-8.71675,-8.916751,-8.986751,-9.026751,-9.17675,-9.30675,-9.376751,-9.46675,-9.46675,-9.626751,-9.8567505,-9.916751,-9.89675,-9.50675,-9.50675,-9.63675,-9.416751,-9.42675,-9.736751,-9.54675,-8.96675,-8.8567505,-8.956751,-9.036751,-9.09675,-9.066751,-8.866751,-8.616751,-8.51675,-8.486751,-8.236751,-7.6567507,-7.0767503,-6.2467504,-5.5367503,-5.1767507,-4.4367504
-5.2867503,-5.2967505,-5.3967505,-5.5067506,-5.6667504,-5.8367505,-6.0467505,-6.2267504,-6.3367505,-6.4367504,-6.5667505,-6.6767507,-6.8467503,-7.0667505,-7.2767506,-7.4567504,-7.6367507,-7.8267503,-8.036751,-8.276751,-8.526751,-8.76675,-8.956751,-9.126751,-9.26675,-9.366751,-9.486751,-9.486751,-9.71675,-9.986751,-10.076751,-9.8567505,-9.626751,-9.536751,-9.696751,-9.84675,-9.42675,-9.376751,-9.64675,-9.64675,-9.18675,-8.946751,-8.96675,-9.206751,-9.22675,-9.00675,-8.706751,-8.67675,-8.76675,-8.666751,-8.13675,-7.4467506,-6.7167506,-5.8767505,-5.4467506,-4.8867507,-4.3067503
-5.4167504,-5.5467505,-5.5567503,-5.5667505,-5.6967506,-5.8267503,-5.9867506,-6.2067504,-6.3467503,-6.4467506,-6.5567503,-6.6967506,-6.8567505,-7.0167503,-7.2167506,-7.4267507,-7.6067505,-7.7467504,-7.9667506,-8.196751,-8.47675,-8.75675,-8.986751,-9.126751,-9.206751,-9.29675,-9.51675,-9.656751,-9.88675,-10.066751,-10.09675,-9.816751,-9.51675,-9.566751,-9.706751,-9.84675,-9.76675,-9.43675,-9.666751,-9.826751,-9.55675,-9.33675,-9.25675,-9.42675,-9.54675,-9.05675,-8.576751,-8.55675,-8.526751,-8.286751,-7.6767507,-7.1267505,-6.4467506,-6.0467505,-5.4467506,-4.7667503,-4.2767506
-4.9167504,-5.5567503,-5.7067504,-5.6567507,-5.6567507,-5.8067503,-5.9567504,-6.1267505,-6.2767506,-6.3967505,-6.4967504,-6.6367507,-6.7867503,-6.9667506,-7.1567507,-7.2967505,-7.4367504,-7.6467505,-7.8467503,-8.156751,-8.446751,-8.72675,-8.93675,-9.04675,-9.166751,-9.26675,-9.42675,-9.50675,-9.89675,-10.026751,-9.996751,-9.80675,-9.47675,-9.566751,-9.736751,-9.8567505,-9.80675,-9.47675,-9.83675,-10.166751,-10.04675,-9.736751,-9.666751,-9.79675,-9.67675,-9.04675,-8.68675,-8.63675,-8.566751,-8.486751,-7.9067507,-7.3167505,-6.9767504,-6.4867506,-5.5867505,-4.8867507,-4.0467505
-3.9767504,-4.6067505,-5.2767506,-5.6367507,-5.7767506,-5.8567505,-5.9467506,-6.0467505,-6.1267505,-6.2467504,-6.3867507,-6.5267506,-6.6367507,-6.8267503,-7.0267506,-7.1967506,-7.3067503,-7.4867506,-7.6267505,-7.7867503,-8.05675,-8.30675,-8.59675,-8.906751,-9.08675,-9.286751,-9.406751,-9.366751,-9.58675,-9.89675,-9.986751,-9.776751,-9.59675,-9.54675,-9.67675,-9.79675,-9.816751,-9.80675,-10.04675,-10.316751,-10.34675,-10.22675,-10.076751,-10.126751,-9.876751,-9.38675,-9.076751,-8.946751,-8.906751,-8.58675,-8.14675,-7.9767504,-7.4467506,-6.7967505,-6.2467504,-5.7067504,-5.0767503
-3.8067505,-3.9467504,-4.6567507,-5.3067503,-5.5767503,-5.7867503,-5.9367504,-5.9967504,-6.0367503,-6.1267505,-6.2667503,-6.3867507,-6.4867506,-6.6267505,-6.8267503,-7.0667505,-7.2467504,-7.3467503,-7.4667506,-7.5867505,-7.6967506,-7.9267507,-8.21675,-8.536751,-8.786751,-9.09675,-9.3567505,-9.366751,-9.42675,-9.67675,-9.89675,-9.75675,-9.656751,-9.54675,-9.576751,-9.746751,-9.93675,-10.08675,-10.206751,-10.326751,-10.43675,-10.42675,-10.526751,-10.496751,-10.18675,-9.656751,-9.30675,-9.26675,-9.326751,-8.916751,-8.92675,-8.29675,-7.7467504,-7.7967505,-7.6967506,-6.8267503,-5.8467503
-3.9467504,-3.9467504,-4.1767507,-4.7967505,-5.3267503,-5.6467505,-5.8167505,-5.9167504,-6.0167503,-6.1167507,-6.1967506,-6.2767506,-6.4167504,-6.5567503,-6.6767507,-6.8767505,-7.0567503,-7.2667503,-7.4967504,-7.6367507,-7.8267503,-8.00675,-8.116751,-8.276751,-8.526751,-8.786751,-9.04675,-9.22675,-9.33675,-9.656751,-9.96675,-9.92675,-9.816751,-9.826751,-9.736751,-9.776751,-9.96675,-10.126751,-10.326751,-10.446751,-10.446751,-10.456751,-10.47675,-10.576751,-10.25675,-9.736751,-9.446751,-9.59675,-9.63675,-9.6067505,-8.97675,-8.486751,-8.826751,-9.156751,-8.89675,-7.4867506,-5.8167505
-4.0067506,-4.0267506,-4.2767506,-4.1867504,-4.5267506,-5.2167506,-5.5167503,-5.6867504,-5.9067507,-6.0667505,-6.1467505,-6.1967506,-6.2767506,-6.3967505,-6.5367503,-6.6767507,-6.8667507,-7.1167507,-7.3567505,-7.6167507,-7.8767505,-8.116751,-8.246751,-8.3567505,-8.51675,-8.67675,-8.536751,-8.89675,-9.246751,-9.54675,-9.92675,-10.05675,-9.89675,-9.816751,-9.826751,-9.946751,-10.026751,-10.166751,-10.376751,-10.496751,-10.486751,-10.376751,-10.46675,-10.47675,-10.126751,-9.76675,-9.626751,-9.866751,-9.996751,-9.456751,-8.786751,-8.996751,-9.316751,-9.97675,-10.066751,-7.2567506,-5.7267504
-3.2967505,-3.8467505,-4.1367507,-3.8367505,-4.0067506,-4.8467503,-5.2367506,-5.4267507,-5.7367506,-5.8667507,-5.9867506,-6.0967503,-6.1767507,-6.2467504,-6.3567505,-6.4767504,-6.6267505,-6.8167505,-7.0567503,-7.3067503,-7.5967503,-7.8767505,-8.14675,-8.406751,-8.58675,-8.746751,-8.3567505,-8.63675,-9.196751,-9.39675,-9.746751,-9.996751,-9.916751,-9.786751,-9.75675,-9.8567505,-10.05675,-10.376751,-10.54675,-10.566751,-10.38675,-10.246751,-10.25675,-10.01675,-9.92675,-9.746751,-9.736751,-10.196751,-9.89675,-9.206751,-9.00675,-9.286751,-9.47675,-10.076751,-10.63675,-7.2067504,-5.9867506
-4.3767505,-4.1867504,-3.9067504,-3.8967505,-4.1467505,-4.6767507,-4.9367504,-5.1067505,-5.5367503,-5.5667505,-5.6367507,-5.8967505,-6.0167503,-6.0867505,-6.1467505,-6.2967505,-6.4467506,-6.6367507,-6.7967505,-7.0067506,-7.3267503,-7.6267505,-7.8567505,-8.126751,-8.376751,-8.626751,-8.3567505,-8.286751,-8.97675,-9.286751,-9.50675,-9.736751,-9.72675,-9.64675,-9.72675,-9.876751,-10.246751,-10.42675,-10.50675,-10.486751,-10.206751,-9.84675,-9.496751,-9.51675,-9.736751,-9.67675,-9.746751,-10.22675,-9.376751,-8.71675,-8.746751,-9.076751,-9.43675,-8.89675,-10.246751,-8.43675,-6.7067504
-5.1167507,-5.0267506,-4.6867504,-3.7167504,-4.1367507,-4.2567506,-4.5267506,-4.7567506,-5.4067507,-5.4867506,-5.3267503,-5.5367503,-5.8067503,-5.9567504,-6.0267506,-6.0767503,-6.2467504,-6.4967504,-6.7067504,-6.8567505,-7.1367507,-7.4367504,-7.7167506,-7.9567504,-8.166751,-8.3567505,-8.496751,-8.30675,-8.54675,-8.97675,-9.206751,-9.406751,-9.51675,-9.416751,-9.536751,-9.79675,-10.156751,-10.3567505,-10.13675,-10.076751,-9.826751,-9.54675,-9.29675,-9.46675,-9.71675,-9.76675,-9.79675,-10.246751,-8.92675,-8.30675,-8.63675,-8.616751,-8.876751,-7.6067505,-8.59675,-9.656751,-7.0567503
-4.5867505,-4.9367504,-4.9767504,-4.4767504,-3.6667504,-3.8567505,-4.0067506,-4.3167505,-5.0367503,-5.3267503,-5.2267504,-5.2967505,-5.5167503,-5.7867503,-5.9567504,-6.0667505,-6.1967506,-6.3767505,-6.6867504,-6.8967505,-7.0867505,-7.3167505,-7.5367503,-7.8367505,-8.116751,-8.276751,-8.51675,-8.39675,-8.206751,-8.196751,-8.366751,-8.72675,-9.276751,-9.25675,-9.276751,-9.456751,-9.706751,-9.83675,-9.776751,-9.76675,-9.58675,-9.21675,-9.21675,-9.616751,-9.76675,-9.79675,-9.816751,-10.126751,-8.68675,-8.446751,-8.96675,-8.566751,-8.33675,-7.6067505,-7.6167507,-9.09675,-4.0967503
-4.3867507,-4.5567503,-4.6867504,-5.0067506,-4.5567503,-3.7967505,-3.5767505,-3.8667505,-4.3667507,-4.8067503,-4.7267504,-5.1367507,-5.3267503,-5.5367503,-5.8167505,-6.0467505,-6.1967506,-6.3067503,-6.5467505,-6.8467503,-7.0467505,-7.2467504,-7.5067506,-7.7967505,-8.04675,-8.246751,-8.39675,-8.206751,-8.076751,-8.286751,-8.156751,-8.486751,-8.75675,-8.83675,-8.93675,-9.21675,-9.326751,-9.34675,-9.406751,-9.616751,-9.456751,-9.076751,-9.286751,-9.876751,-10.1067505,-9.84675,-9.706751,-9.916751,-8.746751,-8.376751,-9.17675,-8.986751,-7.9167504,-7.5667505,-7.3367505,-8.6067505,-2.2767506
