UV_10m_small_gfs.t12z.pgrb2.0p25.f000.json
{"header": { "discipline":0, "disciplineName":"Meteorological products", "gribEdition":2, "gribLength":17311, "center":7, "centerName":"US National Weather Service - NCEP(WMC)", "subcenter":0, "refTime":"2023-03-21T12:00:00.000Z", "significanceOfRT":1, "significanceOfRTName":"Start of forecast", "productStatus":0, "productStatusName":"Operational products", "productType":1, "productTypeName":"Forecast products", "productDefinitionTemplate":0, "productDefinitionTemplateName":"Analysis/forecast at horizontal level/layer at a point in time", "parameterCategory":2, "parameterCategoryName":"Momentum", "parameterNumber":2, "parameterNumberName":"U-component_of_wind", "parameterUnit":"m.s-1", "genProcessType":2, "genProcessTypeName":"Forecast", "forecastTime":0, "surface1Type":103, "surface1TypeName":"Specified height level above ground", "surface1Value":10.0, "surface2Type":255, "surface2TypeName":"Missing", "surface2Value":0.0, "gridDefinitionTemplate":0, "gridDefinitionTemplateName":"Latitude_Longitude", "numberPoints":11421, "shape":6, "shapeName":"Earth spherical with radius of 6,371,229.0 m", "gridUnits":"degrees", "resolution":48, "winds":"true", "scanMode":64, "nx":141, "ny":81, "basicAngle":0, "lo1":210.0, "la1":30.0, "lo2":245.0, "la2":50.0, "dx":0.25, "dy":0.25 }, "data":
[rows 0 to 25 of 81, columns 60 to 119 of 141]
11.162085,11.782085,12.182085,12.532085,12.9920845,13.082085,13.062085,13.2420845,13.572085,14.022085,14.902085,15.292085,14.942085,14.372085,15.322085,15.322085,15.862085,15.962085,15.9920845,16.332085,16.462086,16.462086,16.702085,16.582085,16.752085,16.572084,16.402084,15.982085,15.362085,15.362085,15.432085,15.462085,14.7420845,14.112085,13.572085,13.142085,12.782085,12.822085,12.9920845,12.832085,12.512085,12.392085,12.342085,12.592085,13.522085,13.082085,12.392085,12.302085,12.512085,13.352085,13.652085,13.832085,12.542085,13.442085,8.9920845,7.942085,7.672085,7.692085,7.852085,6.702085
11.132085,11.7420845,12.042085,12.532085,12.982085,13.202085,12.982085,13.2420845,13.752085,14.102085,14.7420845,15.232085,15.732085,14.832085,15.632085,16.192085,15.552085,15.652085,16.002085,16.482084,16.422085,16.392084,16.432085,16.502085,16.662085,16.712086,16.582085,16.322084,15.822085,15.472085,15.482085,15.392085,14.972085,14.332085,13.812085,13.372085,13.072085,13.022085,13.052085,13.272085,12.872085,12.202085,11.932085,12.032085,12.572085,13.2420845,13.362085,12.532085,12.512085,13.172085,13.862085,14.152085,14.032085,13.372085,13.302085,8.462085,7.592085,7.202085,7.022085,6.852085
11.292085,11.802085,12.342085,12.812085,12.972085,13.442085,13.502085,13.302085,13.412085,13.692085,14.462085,15.202085,15.902085,15.902085,15.402085,15.982085,15.272085,15.312085,15.982085,16.762085,16.502085,16.362085,16.502085,16.362085,16.502085,16.912085,16.912085,16.562084,16.192085,16.092085,15.852085,15.442085,15.112085,14.502085,13.802085,13.372085,13.162085,12.9920845,12.752085,12.842085,12.932085,12.342085,12.012085,11.932085,12.272085,12.712085,13.582085,13.412085,13.142085,13.432085,14.112085,14.4920845,14.9920845,13.532085,15.012085,10.202085,7.122085,6.872085,6.542085,5.942085
11.782085,12.392085,13.082085,13.472085,13.422085,13.942085,14.692085,14.512085,14.462085,13.612085,14.622085,15.282085,15.892085,16.452085,15.882085,15.852085,15.682085,14.932085,15.822085,16.682085,16.312084,16.522085,16.992085,16.882086,16.882086,17.072084,17.132086,16.902084,16.402084,16.242085,16.002085,15.452085,14.982085,14.632085,14.012085,13.352085,13.002085,12.842085,12.662085,12.552085,12.272085,12.592085,12.462085,12.422085,12.7420845,13.272085,13.472085,13.462085,13.692085,14.002085,14.302085,14.792085,15.172085,14.982085,14.042085,13.332085,7.712085,6.362085,6.052085,5.712085
12.002085,12.782085,13.462085,14.222085,14.462085,14.412085,15.092085,15.122085,15.732085,14.732085,14.322085,15.532085,15.812085,15.962085,16.052086,15.682085,15.222085,16.172085,15.072085,16.472084,16.202085,16.862085,17.472084,17.312084,17.032085,17.062084,17.122086,17.082085,17.022085,16.582085,16.042086,15.302085,14.632085,14.312085,13.672085,12.9920845,12.512085,12.622085,12.552085,12.272085,12.302085,12.612085,12.362085,12.182085,12.902085,13.512085,13.502085,13.622085,14.012085,14.472085,15.082085,15.222085,15.532085,15.452085,14.972085,14.522085,11.152085,6.132085,5.912085,5.302085
12.472085,13.782085,14.712085,14.662085,14.102085,13.802085,14.352085,13.722085,14.752085,13.772085,13.162085,14.772085,16.412085,15.832085,15.582085,15.972085,15.772085,15.762085,15.782085,15.4920845,16.192085,16.842085,17.972084,17.512085,16.612085,17.202085,17.232084,16.592085,17.452085,16.772085,15.892085,15.102085,14.552085,14.152085,13.852085,13.072085,12.312085,12.172085,12.322085,12.222085,12.432085,12.672085,12.532085,12.832085,13.262085,13.202085,13.542085,14.102085,14.862085,15.022085,15.412085,15.702085,15.612085,15.672085,15.902085,15.162085,14.202085,7.812085,5.012085,4.822085
12.802085,13.542085,13.752085,13.012085,13.182085,13.302085,14.032085,14.202085,14.262085,14.872085,14.7420845,14.302085,15.762085,15.962085,15.342085,15.952085,15.512085,16.242085,16.312084,15.392085,16.172085,17.092085,18.292086,16.892084,15.082085,17.202085,17.752085,16.132086,16.052086,17.062084,15.802085,14.912085,14.512085,13.852085,13.4920845,13.072085,12.552085,11.982085,12.192085,12.272085,12.622085,13.142085,13.352085,13.292085,13.232085,13.2420845,13.972085,14.872085,15.7420845,16.112085,15.972085,15.962085,15.822085,15.562085,15.772085,16.002085,14.292085,10.222085,5.122085,4.212085
12.912085,13.052085,13.162085,12.962085,13.732085,14.542085,14.662085,14.782085,15.122085,14.852085,15.222085,15.392085,15.422085,15.522085,15.732085,16.572084,15.812085,15.9920845,16.412085,16.092085,15.722085,15.842085,17.252085,17.262085,15.822085,15.852085,18.012085,17.552086,15.122085,15.932085,15.9920845,14.752085,14.402085,13.892085,13.312085,12.872085,12.392085,11.982085,12.262085,12.172085,12.912085,13.312085,13.342085,13.622085,13.792085,13.862085,14.332085,15.332085,16.302086,16.952085,16.812084,16.062084,16.272085,16.172085,15.662085,15.952085,15.342085,12.272085,7.572085,3.692085
12.442085,12.562085,13.052085,13.522085,13.7420845,14.692085,14.942085,15.022085,14.762085,15.422085,15.162085,15.842085,16.032085,15.932085,15.462085,15.652085,16.552086,16.252085,16.152084,15.502085,15.232085,16.452085,17.342085,17.922085,16.512085,15.382085,16.842085,17.032085,15.882085,14.712085,15.192085,14.562085,14.262085,13.932085,13.422085,13.072085,12.552085,12.482085,12.172085,12.562085,13.122085,13.022085,13.512085,14.252085,13.772085,13.092085,13.422085,14.562085,16.552086,17.342085,17.082085,16.502085,16.802086,17.222084,16.692085,15.912085,15.762085,11.302085,7.342085,4.012085
11.892085,12.332085,12.652085,13.042085,12.352085,13.652085,14.892085,14.302085,14.172085,15.012085,16.232084,16.452085,16.092085,16.212086,16.202085,15.252085,16.242085,15.292085,15.4920845,15.822085,15.292085,16.012085,16.422085,17.172085,17.072084,15.642085,15.332085,12.212085,14.932085,16.052086,14.442085,13.452085,13.872085,13.592085,13.372085,13.012085,13.032085,12.642085,12.692085,12.942085,12.892085,12.892085,12.972085,13.292085,13.502085,13.322085,13.952085,15.472085,17.452085,18.112085,17.482084,17.682085,18.232084,18.572084,17.352085,16.172085,14.692085,9.9920845,5.282085,2.812085
12.282085,11.802085,12.142085,12.832085,12.502085,13.542085,14.582085,14.432085,14.592085,15.322085,15.932085,16.212086,16.642084,14.7420845,15.872085,16.192085,16.462086,14.832085,16.072084,16.162085,14.812085,14.582085,16.132086,16.822084,18.562084,16.902084,14.342085,13.012085,13.902085,18.162085,15.622085,13.762085,13.532085,13.232085,13.082085,12.982085,13.002085,13.022085,13.062085,12.952085,13.052085,13.452085,13.432085,13.952085,15.122085,14.672085,14.602085,16.212086,17.782085,18.242085,17.692085,18.062084,19.002085,19.262085,16.522085,14.452085,11.832085,7.812085,3.522085,0.982085
12.672085,11.812085,12.692085,13.112085,13.532085,13.9920845,14.452085,14.422085,14.572085,14.652085,15.582085,15.262085,15.332085,14.012085,15.592085,16.522085,16.112085,15.782085,16.092085,15.902085,13.512085,13.212085,16.332085,17.462086,17.162085,15.412085,16.542086,14.842085,16.042086,18.322084,17.412085,13.392085,13.312085,13.182085,12.982085,13.032085,12.9920845,13.342085,13.152085,13.562085,13.682085,14.462085,14.572085,15.312085,15.952085,14.312085,14.132085,16.602085,17.762085,17.282085,17.262085,17.142084,19.492085,18.882086,13.082085,9.912085,7.242085,5.102085,1.7920849,-2.327915
12.382085,12.9920845,13.012085,13.392085,14.002085,14.302085,13.802085,13.522085,14.612085,14.092085,14.202085,14.282085,14.812085,15.222085,15.462085,15.462085,14.762085,15.542085,15.082085,14.902085,12.672085,13.852085,16.342085,15.312085,15.132085,14.892085,14.202085,13.252085,13.782085,14.202085,18.132086,14.912085,12.882085,13.292085,13.362085,12.982085,13.212085,13.422085,13.392085,14.012085,14.452085,14.672085,15.022085,15.862085,16.032085,14.752085,14.022085,15.882085,16.482084,15.712085,15.9920845,16.182085,18.772085,13.822085,7.412085,3.752085,2.772085,0.932085,-4.787915,-8.497915
11.602085,12.372085,13.092085,13.942085,14.082085,14.012085,14.022085,13.072085,13.482085,13.712085,13.722085,13.572085,14.612085,15.002085,14.752085,13.822085,14.672085,15.712085,13.4920845,14.662085,13.972085,13.132085,15.232085,13.112085,13.352085,13.632085,13.402085,12.162085,11.432085,11.542085,16.872086,13.482085,11.862085,12.862085,13.142085,13.002085,13.082085,13.192085,13.982085,14.922085,14.842085,15.322085,15.832085,15.382085,15.7420845,15.352085,14.352085,15.712085,15.942085,15.132085,14.872085,14.512085,13.312085,6.722085,4.372085,-0.11791504,-4.9979153,-7.2679152,-9.717915,-11.147915
11.032085,11.902085,12.782085,14.092085,13.962085,13.612085,14.312085,13.112085,12.592085,13.072085,13.592085,13.022085,13.582085,13.932085,13.522085,14.042085,15.102085,15.692085,12.652085,13.132085,16.152084,15.692085,14.972085,11.792085,13.112085,13.922085,14.072085,13.642085,11.302085,11.142085,13.462085,12.882085,12.022085,12.4920845,12.852085,12.792085,13.102085,13.642085,14.792085,14.902085,14.782085,16.152084,16.322084,15.362085,15.442085,15.122085,14.382085,15.852085,15.982085,14.162085,12.322085,5.932085,6.322085,6.5020847,-4.047915,-9.087915,-10.727915,-11.157915,-11.157915,-11.837915
10.122085,11.812085,12.552085,13.832085,14.382085,13.032085,12.832085,13.712085,12.192085,12.302085,12.802085,12.462085,12.872085,12.9920845,13.252085,14.902085,15.262085,13.812085,12.822085,13.962085,14.812085,16.192085,14.852085,12.352085,13.462085,14.292085,13.912085,14.432085,14.532085,14.082085,13.012085,13.142085,12.812085,12.722085,12.452085,12.842085,13.732085,14.102085,14.682085,14.792085,15.642085,16.482084,15.592085,15.472085,15.402085,15.122085,15.442085,16.862085,15.502085,11.902085,6.4820848,-5.2679152,-5.967915,-5.607915,-10.567915,-12.047915,-12.517915,-12.227915,-11.997915,-12.607915
10.842085,11.072085,12.412085,12.9920845,13.382085,12.562085,12.032085,13.642085,11.412085,11.712085,12.562085,12.572085,13.212085,13.302085,12.702085,14.592085,14.382085,13.262085,13.692085,11.802085,11.792085,14.772085,11.942085,11.332085,12.562085,10.292085,10.432085,11.782085,11.962085,11.732085,12.192085,12.632085,13.062085,13.272085,13.152085,13.272085,13.962085,14.482085,15.102085,15.522085,15.762085,15.812085,15.062085,15.442085,14.582085,14.472085,15.792085,16.382086,13.172085,10.222085,5.372085,-5.917915,-8.517915,-8.437915,-9.827915,-11.067915,-11.737915,-12.817915,-13.707915,-13.377915
9.442085,10.7420845,10.9920845,12.142085,12.632085,13.022085,12.332085,12.812085,11.002085,11.542085,12.332085,12.972085,13.022085,13.212085,12.132085,13.212085,13.512085,12.452085,11.272085,9.562085,12.802085,15.032085,12.182085,12.062085,10.572085,8.532085,10.202085,10.752085,10.822085,11.512085,12.392085,12.7420845,12.962085,13.402085,13.542085,13.672085,14.302085,15.192085,15.572085,15.852085,15.622085,15.922085,15.442085,15.592085,14.652085,15.022085,16.652084,14.2420845,11.902085,7.042085,1.452085,-4.557915,-7.197915,-9.897915,-10.237915,-11.477915,-12.877915,-13.857915,-14.277915,-14.237915
9.442085,9.9920845,10.222085,11.642085,12.732085,12.782085,12.202085,11.472085,11.402085,11.452085,12.232085,12.692085,12.022085,12.332085,12.452085,12.152085,12.572085,12.472085,11.382085,9.022085,14.462085,14.502085,11.092085,9.722085,8.262085,8.152085,10.2420845,10.902085,10.652085,11.282085,12.122085,12.442085,12.922085,13.132085,13.362085,13.822085,14.662085,15.342085,15.382085,15.722085,16.722084,16.152084,16.032085,17.102085,16.362085,15.182085,15.832085,11.812085,3.802085,-3.957915,-5.2679152,-5.887915,-8.347915,-10.597915,-12.097915,-12.717915,-13.237915,-14.357915,-12.437915,-10.427915
9.752085,10.022085,9.752085,10.572085,12.412085,12.322085,11.872085,11.032085,11.622085,11.532085,11.872085,11.762085,11.362085,11.412085,11.892085,11.712085,11.632085,11.152085,9.902085,9.902085,15.532085,10.912085,7.952085,8.282085,8.372085,8.852085,9.862085,10.052085,10.462085,11.342085,11.952085,12.262085,12.422085,12.702085,13.442085,14.382085,14.962085,15.042085,14.9920845,16.382086,15.722085,16.152084,18.132086,18.632086,15.802085,14.122085,10.962085,4.772085,-4.617915,-5.707915,-5.817915,-7.227915,-8.607915,-11.237915,-12.987915,-12.947915,-12.327915,-11.017915,-7.437915,-6.117915
9.502085,9.9920845,10.462085,10.352085,12.332085,11.962085,11.092085,10.9920845,11.332085,11.462085,11.382085,10.792085,10.9920845,11.172085,11.272085,10.932085,10.382085,8.802085,8.682085,13.222085,13.562085,7.762085,7.032085,7.582085,7.382085,7.962085,8.962085,9.652085,10.272085,10.732085,11.082085,11.532085,12.152085,12.912085,13.922085,14.822085,14.712085,14.732085,15.222085,15.692085,15.562085,18.322084,18.532085,15.482085,11.022085,8.512085,5.242085,2.262085,-5.787915,-7.977915,-7.287915,-9.717915,-10.477915,-11.977915,-12.497915,-11.907915,-10.697915,-9.947915,-6.777915,-3.977915
8.942085,9.752085,9.642085,10.042085,11.302085,10.682085,9.932085,10.532085,10.572085,10.702085,10.352085,10.442085,11.262085,11.232085,10.772085,9.602085,9.502085,8.172085,10.682085,12.512085,10.102085,6.5020847,6.162085,6.242085,6.422085,7.112085,8.032085,8.812085,9.102085,9.522085,9.872085,10.622085,12.232085,13.522085,14.712085,15.392085,14.842085,14.662085,14.902085,14.302085,17.302086,18.492085,14.132085,7.152085,5.952085,6.602085,6.442085,0.41208497,-5.727915,-9.647915,-9.927915,-11.477915,-11.337915,-10.977915,-11.197915,-10.627915,-9.967915,-6.317915,-3.577915,-3.087915
8.792085,8.352085,8.422085,8.952085,9.472085,8.682085,8.862085,9.382085,9.392085,9.292085,9.672085,10.502085,10.852085,10.482085,9.372085,8.452085,7.682085,7.792085,10.252085,5.932085,5.402085,5.102085,5.042085,5.182085,5.522085,6.282085,7.352085,7.722085,8.062085,8.582085,8.462085,9.672085,10.672085,12.752085,15.502085,15.962085,14.832085,13.782085,12.522085,14.452085,15.662085,11.9920845,3.992085,-1.377915,-0.567915,-4.837915,-7.537915,-8.077915,-9.337915,-11.777915,-12.577915,-12.107915,-11.187915,-10.557915,-10.577915,-10.057915,-6.357915,-2.827915,-3.3879151,-3.977915
7.292085,6.362085,7.202085,8.192085,8.702085,8.312085,8.442085,8.552085,8.432085,8.922085,9.772085,10.042085,9.952085,8.922085,7.452085,6.7320848,6.022085,8.582085,6.7320848,3.732085,3.442085,3.932085,4.442085,4.652085,4.892085,5.772085,6.632085,7.182085,7.562085,7.572085,7.092085,4.102085,4.622085,5.132085,4.882085,7.052085,11.042085,10.962085,9.722085,12.622085,0.17208496,-3.157915,-1.857915,-2.597915,-3.007915,-11.987915,-12.5079155,-12.427915,-12.287915,-12.717915,-12.687915,-12.897915,-11.827915,-11.527915,-10.617915,-4.617915,-3.047915,-3.557915,-4.207915,-3.657915
4.612085,6.262085,5.872085,8.792085,8.422085,8.602085,8.912085,8.612085,8.512085,8.982085,9.142085,9.132085,8.2420845,6.672085,5.662085,4.902085,5.852085,6.292085,4.262085,3.1120849,2.562085,2.8620849,3.792085,4.612085,4.872085,5.5020847,6.2320848,6.952085,6.922085,7.132085,7.382085,6.302085,3.582085,1.902085,-0.507915,0.17208496,3.1120849,2.742085,1.122085,-0.18791504,-10.587915,-13.447915,-10.357915,-10.077915,-12.077915,-14.427915,-14.017915,-13.277915,-13.107915,-12.747915,-12.137915,-12.387915,-12.397915,-11.167915,-4.927915,-2.3879151,-3.8979151,-4.147915,-2.8879151,-2.187915
7.4820848,6.182085,4.102085,9.662085,9.152085,7.442085,7.902085,7.592085,7.292085,7.4820848,7.862085,7.202085,5.422085,4.552085,4.012085,5.262085,5.822085,5.4820848,4.072085,2.472085,2.6320848,3.332085,4.042085,4.572085,5.412085,6.112085,6.452085,6.622085,7.2520847,7.722085,6.952085,4.2320848,2.8820848,4.282085,0.33208495,-1.237915,-2.787915,-8.127915,-6.667915,-3.097915,-9.787915,-13.137915,-12.727915,-8.847915,-13.837915,-15.167915,-13.927915,-13.387915,-12.097915,-11.957915,-11.727915,-12.747915,-11.987915,-4.437915,-2.157915,-3.317915,-5.327915,-3.677915,-2.707915,-2.3779151
