UV_10m_small_gfs.t12z.pgrb2.0p25.f045.json
{"header": { "discipline":0, "disciplineName":"Meteorological products", "gribEdition":2, "gribLength":17311, "center":7, "centerName":"US National Weather Service - NCEP(WMC)", "subcenter":0, "refTime":"2023-03-21T12:00:00.000Z", "significanceOfRT":1, "significanceOfRTName":"Start of forecast", "productStatus":0, "productStatusName":"Operational products", "productType":1, "productTypeName":"Forecast products", "productDefinitionTemplate":0, "productDefinitionTemplateName":"Analysis/forecast at horizontal level/layer at a point in time", "parameterCategory":2, "parameterCategoryName":"Momentum", "parameterNumber":2, "parameterNumberName":"U-component_of_wind", "parameterUnit":"m.s-1", "genProcessType":2, "genProcessTypeName":"Forecast", "forecastTime":45, "surface1Type":103, "surface1TypeName":"Specified height level above ground", "surface1Value":10.0, "surface2Type":255, "surface2TypeName":"Missing", "surface2Value":0.0, "gridDefinitionTemplate":0, "gridDefinitionTemplateName":"Latitude_Longitude", "numberPoints":11421, "shape":6, "shapeName":"Earth spherical with radius of 6,371,229.0 m", "gridUnits":"degrees", "resolution":48, "winds":"true", "scanMode":64, "nx":141, "ny":81, "basicAngle":0, "lo1":210.0, "la1":30.0, "lo2":245.0, "la2":50.0, "dx":0.25, "dy":0.25 }, "data":
[rows 54 to 80 of 81, columns 61 to 121 of 141]
12.266394,12.326394,12.316394,12.156394,12.166394,12.356394,12.246394,12.126394,12.336394,12.436394,12.286394,11.796394,11.456394,11.606394,11.336394,11.246394,10.966394,10.756394,11.196394,11.946394,11.236394,10.426394,11.006394,10.546394,9.356394,8.996394,8.716394,8.346394,7.426394,6.686394,5.986394,6.056394,6.3763943,6.606394,6.676394,6.3763943,6.156394,6.066394,5.856394,5.606394,5.526394,5.616394,3.5063941,0.35639405,0.43639404,-0.013605957,-0.62360597,0.14639404,0.60639405,1.3363941,2.736394,2.726394,1.726394,1.746394,3.576394,4.266394,5.746394,6.556394,6.156394,5.416394,6.716394
12.716394,12.736394,12.676394,12.656394,12.666394,12.786394,12.726394,12.766394,12.796394,12.796394,12.466394,12.116394,11.626394,11.206394,11.186394,11.576394,11.616394,11.206394,11.476394,11.906394,11.466394,10.216394,10.976394,12.076394,10.256394,9.1363945,8.966394,8.746394,7.506394,6.6263943,6.1263943,6.026394,6.156394,6.456394,6.656394,6.506394,6.246394,6.116394,5.886394,5.786394,5.706394,5.776394,4.336394,0.37639403,0.32639405,0.35639405,-0.103605956,-0.16360596,0.28639403,1.016394,2.596394,3.376394,3.046394,3.216394,4.476394,4.696394,5.216394,5.596394,6.286394,8.006394,4.886394
13.166394,13.166394,13.056394,13.056394,13.056394,13.046394,13.076394,13.056394,12.846394,12.426394,12.166394,12.016394,12.106394,11.756394,11.266394,11.326394,11.706394,11.596394,11.606394,11.746394,11.236394,10.376394,10.666394,12.906394,11.256394,9.336394,9.026394,8.186394,6.346394,6.056394,6.526394,6.156394,6.046394,6.306394,6.486394,6.506394,6.456394,6.186394,5.8763943,5.776394,5.676394,5.6463943,5.726394,1.5863941,0.47639406,1.126394,1.036394,0.34639403,0.696394,0.896394,1.8063941,2.666394,4.226394,3.966394,3.5163941,4.996394,3.886394,2.636394,3.346394,4.296394,1.9563941
14.076394,13.746394,13.406394,13.526394,13.596394,13.396394,13.316394,13.596394,13.246394,12.816394,12.526394,12.266394,12.216394,12.096394,11.776394,11.546394,11.706394,11.996394,12.346394,11.906394,11.626394,11.396394,11.546394,13.8863945,12.226394,9.276394,8.856394,8.676394,7.466394,6.406394,5.946394,6.056394,5.946394,6.046394,6.156394,6.366394,6.6263943,6.246394,5.846394,5.696394,5.616394,5.736394,5.546394,1.786394,0.45639405,1.5863941,1.5663941,0.59639406,0.44639406,0.85639405,1.8463941,2.306394,4.296394,2.656394,3.716394,3.596394,4.256394,3.956394,4.546394,3.836394,2.236394
14.246394,13.966394,13.576394,13.566394,13.836394,13.856394,13.776394,13.896394,13.686394,13.446394,13.096394,12.726394,12.616394,12.556394,12.6363945,12.376394,12.236394,12.196394,12.566394,12.076394,11.686394,11.556394,12.236394,14.786394,12.896394,9.566394,8.936394,8.286394,7.666394,6.466394,5.676394,5.906394,5.926394,5.726394,5.906394,6.266394,6.546394,6.1263943,5.776394,5.666394,5.6463943,5.776394,5.826394,1.8363941,0.93639404,1.536394,1.606394,1.276394,0.696394,1.406394,2.046394,2.916394,4.536394,5.176394,5.3763943,4.486394,4.236394,4.3763943,3.566394,1.426394,1.0663941
13.8863945,13.986394,13.936394,13.876394,13.866394,13.606394,13.486394,13.606394,13.836394,13.876394,13.366394,12.996394,12.806394,12.786394,12.996394,13.016394,12.926394,12.826394,12.926394,12.316394,11.776394,12.016394,12.946394,14.956394,12.286394,9.236394,8.836394,8.466394,8.106394,6.516394,5.346394,5.606394,5.496394,5.266394,5.786394,6.136394,6.286394,5.8763943,5.586394,5.556394,5.596394,5.756394,5.676394,1.9363941,1.0563941,2.166394,2.366394,1.8263941,1.2063941,1.426394,1.756394,1.9463941,3.086394,2.066394,2.236394,2.826394,4.6263943,3.896394,2.856394,1.9463941,0.91639405
14.336394,14.3863945,14.116394,13.936394,13.936394,13.756394,13.596394,13.746394,14.006394,13.936394,13.6363945,13.586394,13.506394,13.306394,13.286394,13.346394,13.576394,13.476394,12.836394,12.616394,11.496394,12.586394,13.776394,14.546394,12.326394,9.056394,8.856394,8.346394,7.706394,5.616394,4.696394,5.726394,5.686394,5.316394,5.726394,5.906394,5.946394,5.6463943,5.446394,5.416394,5.426394,5.526394,5.336394,2.056394,1.516394,1.7163941,1.6963941,2.216394,2.0163941,1.6863941,1.986394,1.926394,3.726394,5.416394,5.966394,5.136394,7.6463943,7.086394,5.846394,5.776394,3.086394
14.256394,14.266394,14.186394,14.1363945,14.046394,14.056394,13.966394,13.946394,13.946394,13.946394,13.976394,13.906394,14.006394,14.006394,13.876394,13.706394,13.926394,13.866394,12.946394,13.026394,11.776394,12.576394,14.596394,14.516394,12.976394,8.466394,7.566394,7.166394,6.586394,4.426394,3.836394,5.556394,6.226394,5.676394,5.586394,5.456394,5.526394,5.566394,5.406394,5.356394,5.326394,5.466394,5.1263943,3.096394,1.366394,2.2763941,2.376394,2.606394,2.356394,1.886394,2.396394,2.166394,3.686394,5.1463943,4.236394,5.796394,8.116394,7.996394,6.766394,6.706394,6.306394
14.286394,14.336394,14.286394,14.406394,14.316394,14.376394,14.306394,14.186394,14.046394,14.076394,14.126394,14.176394,14.336394,14.366394,14.1363945,13.846394,14.086394,13.946394,13.266394,12.986394,12.046394,11.926394,14.366394,14.8863945,12.766394,7.616394,7.186394,7.106394,6.336394,4.956394,4.416394,5.236394,5.996394,5.736394,5.436394,5.026394,5.236394,5.536394,5.3763943,5.316394,5.336394,5.436394,4.996394,2.936394,1.106394,1.9663941,1.376394,1.726394,2.366394,2.086394,2.456394,2.866394,3.5363941,3.7663941,2.0263941,2.956394,5.976394,7.1263943,7.636394,8.536394,7.816394
14.306394,14.556394,14.606394,14.626394,14.486394,14.486394,14.266394,14.086394,14.086394,14.096394,14.176394,14.196394,14.406394,14.266394,14.206394,13.876394,13.986394,13.796394,13.546394,13.206394,12.1363945,11.786394,13.666394,14.316394,12.716394,8.196394,7.606394,7.846394,7.456394,5.686394,4.226394,4.656394,5.356394,5.446394,4.976394,4.456394,5.136394,5.466394,5.236394,5.246394,5.316394,5.276394,4.916394,3.596394,1.656394,1.606394,1.0563941,1.356394,1.126394,0.766394,2.056394,1.9563941,2.566394,2.316394,3.426394,4.826394,7.436394,6.256394,6.676394,7.806394,7.846394
14.616394,14.906394,15.146394,15.106394,14.896394,14.786394,14.476394,14.366394,14.196394,14.266394,14.226394,14.116394,14.436394,14.426394,14.476394,14.566394,14.266394,13.946394,13.226394,13.186394,12.606394,11.336394,13.266394,14.106394,13.856394,9.196394,7.426394,7.956394,6.306394,4.1263943,3.5163941,4.386394,4.776394,4.746394,4.116394,3.936394,5.136394,5.3763943,5.096394,5.136394,5.286394,5.426394,5.226394,3.606394,1.526394,1.516394,1.366394,1.156394,0.39639404,1.0563941,1.9663941,2.306394,2.816394,3.9963942,4.136394,3.976394,4.926394,5.816394,8.526394,7.656394,4.956394
14.926394,15.096394,15.236394,15.356394,15.176394,14.896394,14.676394,14.436394,14.336394,14.416394,14.186394,14.216394,14.426394,14.546394,14.666394,14.646394,14.316394,13.976394,13.026394,13.696394,13.456394,11.926394,13.676394,14.346394,13.726394,9.256394,6.606394,6.426394,4.246394,3.366394,3.816394,4.346394,4.296394,3.966394,3.306394,3.716394,5.156394,5.176394,5.006394,5.136394,5.406394,5.616394,5.456394,4.996394,4.106394,2.4963942,1.526394,0.72639406,0.31639403,1.276394,2.076394,1.676394,1.5863941,3.296394,1.676394,2.116394,4.926394,5.916394,3.186394,2.376394,3.176394
15.166394,15.266394,15.426394,15.406394,15.1363945,14.916394,14.666394,14.586394,14.486394,14.3863945,14.156394,14.236394,14.546394,14.776394,14.796394,14.576394,14.226394,13.546394,12.766394,13.796394,13.546394,12.866394,13.306394,13.986394,13.976394,10.706394,7.176394,6.306394,5.266394,4.726394,4.236394,4.216394,3.666394,3.0063941,2.686394,3.656394,5.066394,4.926394,4.986394,5.296394,5.486394,5.536394,5.546394,4.566394,1.866394,1.726394,1.3463941,0.636394,0.5863941,1.1863941,1.9663941,2.0363941,2.046394,2.176394,2.396394,3.196394,2.556394,1.296394,1.386394,3.156394,3.566394
15.216394,15.156394,15.226394,15.176394,15.076394,14.866394,14.616394,14.466394,14.216394,13.966394,14.096394,14.3863945,14.676394,14.8863945,14.776394,14.406394,14.186394,13.216394,13.106394,13.866394,13.8863945,12.916394,12.936394,13.726394,13.946394,11.876394,8.356394,7.246394,6.096394,4.706394,3.9963942,3.836394,2.7763941,2.2763941,2.436394,3.616394,4.736394,4.796394,4.8763943,4.926394,5.206394,5.386394,5.456394,4.016394,2.416394,2.316394,1.926394,1.536394,1.4563941,1.266394,0.98639405,1.536394,1.756394,1.786394,2.7663941,3.5263941,3.166394,1.3363941,2.686394,4.176394,1.4463941
15.756394,15.516394,15.346394,15.196394,14.986394,14.686394,14.546394,14.506394,14.236394,13.946394,14.156394,14.436394,14.426394,14.546394,14.586394,14.196394,13.796394,13.186394,13.596394,13.726394,13.526394,11.946394,12.396394,13.336394,14.036394,12.106394,7.776394,6.166394,5.466394,4.046394,3.156394,2.906394,2.2463942,2.086394,2.456394,3.5263941,4.136394,4.246394,4.306394,4.326394,4.726394,5.006394,5.206394,3.2463942,2.2863941,2.206394,2.376394,2.366394,2.546394,2.7463942,2.2763941,2.2463942,2.156394,1.476394,1.296394,2.0063941,3.156394,3.5163941,6.176394,5.996394,3.2863941
15.726394,15.726394,15.376394,15.036394,14.876394,14.786394,14.606394,14.406394,14.236394,14.146394,14.316394,14.626394,14.706394,14.556394,14.1363945,13.536394,13.086394,13.466394,14.026394,13.656394,12.406394,10.656394,12.046394,13.776394,14.126394,11.156394,6.976394,8.156394,5.966394,1.8063941,2.086394,2.936394,2.236394,2.0063941,2.396394,3.2763941,3.2563941,3.486394,3.896394,4.046394,4.236394,4.296394,3.626394,1.736394,2.406394,3.356394,3.676394,3.706394,3.606394,3.4963942,2.696394,2.306394,2.316394,1.766394,1.9563941,2.086394,0.756394,1.786394,3.2563941,1.366394,0.81639403
15.676394,15.566394,15.266394,15.106394,15.206394,15.076394,14.786394,14.716394,14.3863945,14.446394,14.6363945,14.616394,14.526394,14.496394,14.376394,13.366394,13.256394,14.146394,14.076394,13.026394,11.546394,10.776394,11.996394,13.766394,14.686394,11.796394,5.756394,2.676394,1.0763941,1.656394,3.0263941,2.466394,1.606394,1.636394,2.316394,2.7863941,2.296394,2.7763941,3.606394,3.586394,3.476394,3.0163941,0.946394,0.756394,1.636394,2.146394,2.5063941,1.5863941,2.226394,2.566394,1.5963941,0.98639405,1.4663941,2.0063941,1.4663941,1.6963941,2.696394,2.156394,2.076394,2.186394,0.79639405
15.266394,15.206394,15.126394,15.046394,14.946394,14.846394,14.756394,14.3863945,14.716394,15.236394,14.936394,14.746394,14.556394,14.646394,13.976394,12.786394,13.436394,13.646394,13.166394,11.556394,10.196394,11.096394,12.236394,13.156394,13.396394,7.796394,2.346394,1.876394,2.076394,2.2663941,2.316394,1.616394,1.1863941,1.4463941,2.086394,1.8263941,1.736394,2.596394,3.2663941,3.056394,2.926394,1.926394,0.23639405,0.67639405,1.516394,1.726394,2.126394,1.3263941,0.076394044,0.576394,0.62639403,-0.043605957,1.146394,1.5863941,1.286394,1.9663941,1.896394,2.646394,3.056394,2.2863941,1.676394
14.926394,15.066394,14.996394,14.856394,14.526394,14.276394,13.936394,14.456394,14.976394,14.466394,14.746394,15.116394,15.056394,14.056394,12.476394,12.8863945,13.526394,13.416394,12.3863945,10.046394,10.196394,11.916394,12.656394,12.806394,11.606394,5.206394,2.166394,3.066394,2.706394,1.6963941,1.226394,0.756394,0.59639406,1.266394,1.5663941,1.126394,1.656394,2.646394,2.936394,2.846394,2.596394,0.80639404,0.62639403,1.416394,1.7063941,1.146394,0.826394,0.32639405,-0.983606,-1.1536059,-0.743606,-0.17360596,0.92639405,0.91639405,1.146394,1.3163941,1.296394,1.996394,2.406394,1.5963941,1.046394
15.106394,15.096394,15.146394,15.006394,14.726394,14.306394,14.416394,14.556394,14.116394,14.536394,14.476394,13.976394,13.926394,13.086394,12.436394,13.576394,13.926394,13.016394,10.186394,9.166394,10.576394,11.676394,11.856394,12.586394,11.216394,4.576394,2.446394,2.7563941,2.046394,1.5563941,0.85639405,-0.16360596,0.20639405,1.156394,0.97639406,0.81639403,1.7063941,2.436394,2.566394,2.7663941,2.906394,1.606394,2.796394,7.016394,9.556394,11.016394,11.516394,10.996394,8.146394,3.446394,0.79639405,0.97639406,0.59639406,0.19639404,0.87639403,1.2163941,1.676394,1.866394,2.2763941,1.8163941,1.516394
14.716394,14.516394,14.576394,14.546394,14.176394,14.226394,14.006394,13.406394,13.486394,13.466394,13.536394,14.066394,14.206394,13.606394,13.536394,13.446394,11.696394,9.906394,8.496394,9.096394,10.276394,10.826394,11.1363945,12.786394,10.646394,5.016394,3.676394,2.486394,1.356394,1.1863941,-0.023605958,-1.0436059,-0.32360595,0.34639403,0.106394045,0.45639405,1.4463941,1.896394,1.636394,2.056394,2.906394,3.0063941,3.056394,3.596394,4.316394,5.196394,7.656394,7.766394,5.926394,1.2063941,0.67639405,1.176394,-0.0036059571,0.25639403,0.946394,1.3463941,1.476394,2.086394,0.84639406,0.046394043,1.9463941
14.206394,13.956394,13.966394,13.656394,13.466394,13.496394,13.146394,13.176394,12.956394,12.966394,14.146394,14.466394,13.266394,12.076394,11.556394,10.686394,9.396394,8.226394,7.946394,9.016394,10.246394,10.686394,11.896394,12.616394,8.896394,5.746394,3.716394,0.59639406,0.14639404,-0.35360596,-2.143606,-2.093606,-1.123606,-0.743606,-0.83360595,-0.25360596,0.40639403,0.636394,1.036394,1.116394,0.946394,1.036394,1.526394,2.576394,2.486394,2.326394,4.1263943,4.546394,2.5363941,-0.20360595,0.066394046,0.046394043,0.006394043,0.516394,1.0963941,0.47639406,-0.0036059571,0.896394,0.006394043,0.87639403,2.366394
14.026394,13.796394,13.406394,13.116394,13.066394,12.996394,12.976394,12.246394,11.896394,13.116394,13.306394,11.546394,9.746394,9.626394,9.876394,8.846394,8.056394,7.886394,8.356394,9.846394,10.936394,10.366394,11.286394,10.176394,6.3963943,2.826394,0.24639404,-0.44360596,-1.073606,-3.033606,-3.2136059,-2.433606,-2.133606,-2.333606,-2.043606,-1.343606,-1.073606,-0.57360595,0.29639405,0.946394,0.756394,1.246394,1.896394,2.2463942,2.4963942,3.716394,2.5263941,1.396394,-0.38360596,-0.673606,0.12639405,0.11639404,-0.05360596,0.81639403,1.226394,-0.32360595,-0.16360596,-0.83360595,-0.14360596,2.096394,1.996394
13.8863945,13.356394,13.006394,12.766394,12.436394,12.766394,12.326394,10.726394,11.336394,12.006394,10.436394,8.826394,9.096394,9.696394,8.496394,7.366394,7.736394,7.926394,8.826394,10.306394,9.986394,8.746394,9.1363945,8.316394,4.486394,0.32639405,-0.28360596,-0.72360593,-3.313606,-4.393606,-3.683606,-3.7236059,-4.073606,-4.193606,-3.433606,-1.883606,-0.69360596,0.39639404,1.026394,0.55639404,1.0563941,1.656394,1.1963941,2.4963942,1.886394,-2.0036058,-4.393606,-2.693606,-1.983606,-1.0336059,0.14639404,0.67639405,-0.32360595,1.0863941,0.56639403,0.17639405,1.3163941,0.506394,0.696394,1.6863941,1.8163941
13.3863945,12.946394,12.616394,12.256394,12.046394,12.456394,11.576394,10.066394,10.826394,10.996394,9.916394,8.976394,8.916394,8.446394,7.436394,7.586394,8.316394,8.626394,9.036394,9.426394,8.746394,7.746394,7.026394,4.926394,3.106394,1.636394,-0.863606,-3.4836059,-5.303606,-5.023606,-5.233606,-5.483606,-5.3736057,-2.603606,-0.89360595,-0.52360594,-0.013605957,0.77639407,1.636394,1.7063941,1.496394,1.546394,2.056394,-1.4136059,-2.803606,-0.06360596,-1.503606,-1.633606,-1.013606,-0.543606,0.20639405,0.40639403,0.40639403,1.016394,0.646394,1.276394,1.496394,-0.72360593,-2.0036058,1.046394,1.3263941
12.746394,12.566394,12.236394,11.896394,12.026394,12.116394,10.856394,9.876394,10.676394,10.656394,9.516394,8.616394,8.336394,8.3863945,8.406394,8.326394,8.466394,8.776394,8.586394,8.346394,8.336394,6.716394,5.856394,7.476394,8.956394,2.836394,-5.013606,-6.423606,-6.343606,-6.673606,-6.633606,-5.643606,-1.703606,-0.733606,-0.013605957,0.506394,0.78639406,1.3363941,1.8463941,1.746394,0.97639406,-1.0536059,-1.273606,0.006394043,-0.62360597,-0.603606,-0.68360597,-1.373606,-0.47360596,0.71639407,0.44639406,0.77639407,1.146394,0.87639403,0.576394,1.4563941,0.32639405,-0.87360597,-0.38360596,1.8463941,1.0763941
12.456394,12.256394,11.936394,11.756394,11.686394,11.556394,10.656394,10.1363945,10.476394,9.916394,8.956394,8.3863945,8.316394,8.306394,8.436394,8.586394,8.556394,8.506394,7.926394,8.146394,7.976394,4.886394,6.746394,11.826394,6.676394,-4.343606,-7.733606,-7.523606,-7.343606,-6.363606,-2.7436059,-0.96360594,-0.803606,-0.28360596,0.17639405,1.026394,1.3163941,1.3363941,1.266394,-0.97360593,-2.873606,-1.073606,-0.15360595,0.36639404,0.21639404,0.13639404,-0.12360596,-0.09360596,0.016394043,-0.78360593,-0.023605958,1.136394,1.9463941,1.046394,1.3363941,1.226394,-0.09360596,-0.22360596,-0.50360596,-0.23360595,1.426394
