UV_10m_small_gfs.t12z.pgrb2.0p25.f015.json
{"header": { "discipline":0, "disciplineName":"Meteorological products", "gribEdition":2, "gribLength":17311, "center":7, "centerName":"US National Weather Service - NCEP(WMC)", "subcenter":0, "refTime":"2023-03-21T12:00:00.000Z", "significanceOfRT":1, "significanceOfRTName":"Start of forecast", "productStatus":0, "productStatusName":"Operational products", "productType":1, "productTypeName":"Forecast products", "productDefinitionTemplate":0, "productDefinitionTemplateName":"Analysis/forecast at horizontal level/layer at a point in time", "parameterCategory":2, "parameterCategoryName":"Momentum", "parameterNumber":3, "parameterNumberName":"V-component_of_wind", "parameterUnit":"m.s-1", "genProcessType":2, "genProcessTypeName":"Forecast", "forecastTime":15, "surface1Type":103, "surface1TypeName":"Specified height level above ground", "surface1Value":10.0, "surface2Type":255, "surface2TypeName":"Missing", "surface2Value":0.0, "gridDefinitionTemplate":0, "gridDefinitionTemplateName":"Latitude_Longitude", "numberPoints":11421, "shape":6, "shapeName":"Earth spherical with radius of 6,371,229.0 m", "gridUnits":"degrees", "resolution":48, "winds":"true", "scanMode":64, "nx":141, "ny":81, "basicAngle":0, "lo1":210.0, "la1":30.0, "lo2":245.0, "la2":50.0, "dx":0.25, "dy":0.25 }, "data":
[rows 50 to 74 of 81, columns 0 to 56 of 141]
0.8440137,0.55401367,0.29401368,0.104013674,-0.025986329,-0.10598633,-0.075986326,0.024013672,-0.12598632,-0.41598633,-0.5359863,-0.50598633,-0.35598633,-0.35598633,-0.47598633,-0.6459863,-0.7859863,-0.86598635,-1.0259863,-1.3659863,-1.6559863,-1.9559864,-2.2359862,-2.6259863,-2.7959864,-2.6559863,-2.6359863,-1.5859864,-0.28598633,-1.0359863,-0.5159863,0.44401368,-0.36598632,-1.2659863,-1.6259863,-2.3959863,-3.3359864,-4.065986,-4.6159863,-4.625986,-4.8859863,-5.2459865,-5.9559865,-6.4559865,-6.065986,-4.6959863,-4.9159865,-5.7659864,-6.4159865,-6.6559863,-6.8259864,-7.2059865,-7.625986,-8.015986,-8.365986,-8.735987,-9.095986
1.0340136,0.8440137,0.62401366,0.41401368,0.26401368,0.21401367,0.27401367,0.29401368,0.23401368,0.15401368,0.054013673,-0.16598633,-0.20598632,-0.15598632,-0.22598633,-0.33598632,-0.38598633,-0.45598632,-0.6459863,-0.86598635,-1.1159863,-1.4559864,-1.7259864,-2.0459864,-2.2959864,-1.9859864,-2.0359864,-1.6759863,-0.35598633,-0.47598633,-0.34598634,0.7740137,0.41401368,-0.26598632,-0.81598634,-1.6659863,-2.6359863,-3.4659863,-4.1559863,-4.3059864,-4.5159864,-4.9959865,-5.5759864,-6.3659863,-6.4059863,-4.275986,-4.4159865,-5.375986,-6.005986,-6.315986,-6.6359863,-7.005986,-7.4559865,-7.8459864,-8.1859865,-8.545986,-8.895987
1.2140137,1.0740137,0.95401365,0.8340137,0.7240137,0.64401364,0.6540137,0.70401365,0.6540137,0.5240137,0.50401366,0.50401366,0.32401368,0.28401366,0.29401368,0.21401367,0.14401367,0.004013672,-0.25598633,-0.5259863,-0.7759863,-0.98598635,-1.1359863,-1.3259864,-1.6259863,-1.3559864,-1.3059863,-1.2159864,0.064013675,0.42401367,0.48401368,1.3440137,0.7940137,-0.025986329,-0.67598635,-1.3859863,-2.1959863,-2.9659863,-3.6859863,-4.065986,-4.1759863,-4.7059865,-5.3459864,-6.0359864,-6.2659864,-3.7059863,-4.105986,-4.9959865,-5.6459866,-6.1359863,-6.4359865,-6.8259864,-7.2659864,-7.5959864,-7.9659863,-8.355987,-8.705986
1.6740136,1.5240136,1.3840137,1.2840136,1.2040137,1.1640136,1.1440136,1.1340137,1.0740137,0.99401367,0.95401365,0.9240137,0.69401366,0.5940137,0.57401365,0.57401365,0.50401366,0.43401366,0.18401366,-0.16598633,-0.50598633,-0.68598634,-0.81598634,-0.94598633,-1.2059864,-1.1559863,-1.2059864,-1.2459863,-0.115986325,0.9140137,0.88401365,1.9340137,1.6740136,0.7340137,-0.06598633,-0.8359863,-1.6759863,-2.4759862,-3.1459863,-3.6459863,-3.8559864,-4.2659864,-4.9659863,-5.8859863,-5.5559864,-3.4059863,-4.085986,-4.795986,-5.4559865,-5.9759865,-6.275986,-6.6959863,-7.0559864,-7.4359865,-7.8259864,-8.195987,-8.525987
2.0640137,1.9040136,1.7440137,1.5840137,1.4640137,1.4340137,1.5040137,1.6240137,1.6940137,1.6540136,1.5740137,1.4540137,1.2240137,0.9640137,0.7840137,0.7940137,0.8340137,0.8340137,0.55401367,0.16401367,-0.23598632,-0.50598633,-0.7059863,-0.75598633,-0.80598634,-0.81598634,-0.93598634,-1.0859864,-0.60598636,0.94401366,1.0540137,1.9840137,2.5340137,1.7640136,0.9040137,0.23401368,-0.7059863,-1.6959863,-2.5259864,-3.0859864,-3.3759863,-3.7959864,-4.3659863,-5.4459863,-4.8259864,-3.4559863,-3.9259863,-4.605986,-5.275986,-5.815986,-6.1759863,-6.4359865,-6.735986,-7.125986,-7.5759864,-8.045986,-8.405987
2.6240137,2.4540136,2.2240136,2.0140138,1.8040137,1.6540136,1.6440136,1.7540137,1.9140136,2.0040138,2.0340137,1.9640137,1.7940136,1.5140136,1.2140137,1.0840137,1.0740137,1.1240137,0.9040137,0.5340137,0.14401367,-0.23598632,-0.5259863,-0.67598635,-0.75598633,-0.92598635,-1.0259863,-1.1059864,-1.1959863,0.37401366,1.1740136,1.8740137,3.0040138,2.3440137,1.4340137,0.89401364,0.15401368,-0.81598634,-1.7759863,-2.5259864,-2.8459864,-3.1859863,-3.7159863,-4.6859865,-4.9159865,-3.3459864,-3.4659863,-4.2859864,-4.9959865,-5.585986,-5.9359865,-6.1559863,-6.4359865,-6.8059864,-7.2859864,-7.7659864,-8.1859865
3.0040138,2.9240136,2.7940137,2.6040137,2.3840137,2.1740136,2.0240138,1.9640137,1.9640137,2.0140138,2.0840137,2.1140137,2.0540137,1.9440137,1.8040137,1.6440136,1.4740137,1.3440137,1.0640137,0.7840137,0.51401365,0.18401366,-0.115986325,-0.45598632,-0.61598635,-0.7759863,-0.98598635,-0.9759863,-1.4959863,-0.7259863,0.7140137,1.5340136,3.2840137,2.9440136,1.9840137,1.2540137,0.6140137,-0.12598632,-1.0559863,-1.9659864,-2.4859862,-2.7359862,-3.3259864,-3.7259862,-4.9959865,-3.7659864,-2.9959862,-3.7659864,-4.6159863,-5.2259865,-5.625986,-5.9159865,-6.1759863,-6.5559864,-6.985986,-7.4659863,-7.9359865
3.2640138,3.1940136,3.1140137,3.0140138,2.8640137,2.6940136,2.5340137,2.4140136,2.2840137,2.2240136,2.2340136,2.2540138,2.1940136,2.1440136,2.1640136,2.1540136,2.0240138,1.7540137,1.3140137,0.9140137,0.64401364,0.35401368,0.07401367,-0.17598633,-0.34598634,-0.38598633,-0.6659863,-0.69598633,-1.1159863,-1.3759863,0.21401367,1.6740136,3.6740136,3.4740136,2.4040136,1.4340137,0.7340137,0.13401367,-0.54598635,-1.4059863,-2.0659864,-2.2659864,-2.9559863,-3.2059863,-4.065986,-4.625986,-3.0259864,-3.0559864,-3.9559863,-4.7159863,-5.2159863,-5.5759864,-5.8659863,-6.235986,-6.6759863,-7.1359863,-7.6359863
3.6940136,3.6340137,3.5640137,3.4440136,3.3140137,3.1740136,3.0540137,2.9540136,2.8140137,2.6440136,2.4940138,2.4640136,2.4640136,2.4240136,2.4840136,2.5340137,2.4640136,2.2340136,1.7740136,1.2940136,0.9740137,0.57401365,0.23401368,0.024013672,-0.075986326,-0.19598633,-0.34598634,-0.49598634,-0.5859863,-1.2659863,-0.06598633,1.5540137,3.6540136,3.6840136,2.7340136,1.8740137,1.1040137,0.46401367,-0.08598633,-0.8259863,-1.5559863,-1.8959863,-2.2259862,-3.2059863,-3.0959864,-4.3459864,-4.1759863,-2.7959864,-3.0259864,-4.0359864,-4.7059865,-5.1759863,-5.5559864,-5.9459863,-6.3959866,-6.8659863,-7.3659863
3.9540136,3.9240136,3.8840137,3.7840137,3.5940137,3.4140136,3.3040137,3.2740138,3.2040136,3.0840137,2.9140136,2.7840137,2.6940136,2.6640136,2.8240137,2.9340136,2.9040136,2.7640138,2.3440137,1.8640137,1.3840137,0.8340137,0.43401366,0.22401367,0.24401367,0.12401367,0.054013673,-0.39598632,-0.46598634,-0.9759863,-0.35598633,0.99401367,3.3240137,3.8440137,2.9640136,2.3240137,1.6840137,0.9640137,0.38401368,-0.30598632,-0.98598635,-1.6959863,-1.6959863,-2.5959864,-3.6459863,-2.8659863,-4.6759863,-2.6659863,-2.1659863,-3.3859863,-4.2059865,-4.795986,-5.255986,-5.6759863,-6.0959864,-6.585986,-7.105986
4.3240137,4.1940136,4.1140137,4.0440135,3.9140136,3.7540138,3.6240137,3.5540137,3.5340137,3.4940138,3.3640137,3.2340136,3.0640137,2.9340136,3.1040137,3.3240137,3.3540137,3.2040136,2.8440137,2.4640136,1.9940137,1.3940136,0.8340137,0.5340137,0.50401366,0.39401367,0.39401367,-0.025986329,-0.2759863,-0.74598634,-0.18598633,1.0340136,2.6740136,4.1140137,3.7740138,2.8440137,2.0340137,1.3240137,0.74401367,0.14401367,-0.55598634,-1.2859863,-1.7559863,-1.6959863,-3.3359864,-2.8759863,-4.6359863,-1.8259864,-1.7959863,-2.9959862,-3.8459864,-4.4359865,-4.9059863,-5.3859863,-5.835986,-6.355986,-6.855986
4.7740135,4.5340137,4.3440137,4.2140136,4.0340137,3.8340137,3.6740136,3.5840137,3.5840137,3.6540136,3.6540136,3.5740137,3.5240138,3.5140138,3.5540137,3.6540136,3.7440138,3.6140137,3.1940136,2.7940137,2.4640136,2.0240138,1.4340137,0.9840137,0.8640137,0.6640137,0.5940137,0.30401367,-0.035986327,-0.54598635,0.25401366,0.81401366,0.9740137,3.6140137,3.8140137,2.7040136,1.9740137,1.4340137,0.9740137,0.48401368,-0.13598633,-0.7759863,-1.5459863,-1.5459863,-2.2959864,-2.9959862,-3.9459863,-1.3359864,-1.5659863,-2.5959864,-3.4159863,-4.0359864,-4.5559864,-5.0959864,-5.605986,-6.0959864,-6.565986
5.164014,4.934014,4.704014,4.474014,4.2140136,3.8440137,3.5640137,3.3440137,3.2740138,3.4040136,3.6240137,3.6240137,3.5840137,3.8340137,4.0940137,4.144014,4.1540136,4.014014,3.6140137,3.1540136,2.8140137,2.4940138,1.9840137,1.4440137,1.1740136,0.89401364,0.69401366,0.36401367,-0.025986329,-0.115986325,0.11401367,0.18401366,1.5240136,3.4440136,3.3040137,2.7340136,2.2840137,1.8440137,1.3740137,0.9140137,0.38401368,-0.28598633,-0.94598633,-1.2659863,-1.8359864,-2.2859864,-3.7459862,-1.6859863,-1.0659863,-2.0259864,-2.8559864,-3.5159864,-4.1159863,-4.7459865,-5.3259864,-5.8459864,-6.3259864
5.514014,5.3840137,5.1740136,4.954014,4.5840135,3.9640136,3.5740137,3.3340137,3.1840136,3.0840137,3.1940136,3.4740136,3.7140136,3.8640137,4.0740137,4.3840137,4.6340137,4.494014,4.014014,3.3740137,2.9240136,2.7440138,2.4940138,2.0440137,1.5640137,1.0840137,0.7840137,0.57401365,0.24401367,0.21401367,0.30401367,0.68401366,2.8940136,4.3440137,4.264014,3.8440137,3.3340137,2.7240136,2.0940137,1.5040137,0.95401365,0.31401366,-0.47598633,-0.79598635,-1.4559864,-1.4359863,-3.0959864,-2.2659864,-0.62598634,-1.4259863,-2.2859864,-2.9859862,-3.6259863,-4.255986,-4.8959866,-5.4759865,-6.0159864
5.7540135,5.5840135,5.454014,5.3840137,5.2540135,4.684014,4.0840135,3.7340136,3.4840136,3.3640137,3.3540137,3.4940138,3.7740138,4.1040134,4.3640137,4.624014,4.8540134,4.7940135,4.414014,3.8640137,3.3840137,3.0540137,2.7740138,2.4640136,2.0140138,1.4440137,1.0040137,0.80401367,0.63401365,0.6540137,0.76401365,0.57401365,1.9640137,3.5240138,3.7340136,3.5240138,3.3140137,3.1240137,2.6640136,2.0640137,1.4940137,0.94401366,0.16401367,-0.34598634,-0.85598636,-1.1359863,-2.2959864,-2.0359864,-0.5959863,-1.0159863,-1.8059863,-2.5259864,-3.1459863,-3.7559862,-4.3859863,-5.005986,-5.625986
5.9840136,5.704014,5.4840136,5.374014,5.394014,5.0740137,4.6140137,4.224014,3.7340136,3.5940137,3.5740137,3.7240136,4.0440135,4.3040137,4.5640135,4.9440136,5.0740137,5.0240135,4.664014,4.2340136,3.8540137,3.4240136,2.9740136,2.7040136,2.3740137,1.9140136,1.4340137,1.1640136,0.93401366,1.0940137,1.2740136,1.0040137,1.4440137,2.4040136,2.9240136,3.1440136,3.3640137,3.4240136,3.0940137,2.5640137,2.0440137,1.5640137,0.9140137,0.22401367,-0.22598633,-0.54598635,-1.4459863,-1.7759863,-0.60598636,-0.61598635,-1.3059863,-2.0959864,-2.7559862,-3.3259864,-3.9259863,-4.5159864,-5.1359863
6.394014,6.184014,5.8440137,5.5740137,5.4640136,5.264014,4.994014,4.5740137,4.394014,4.124014,3.8740137,3.8740137,4.184014,4.434014,4.7540135,5.1740136,5.3440137,5.3140135,5.0540137,4.704014,4.3640137,3.9640136,3.5140138,3.1240137,2.6840136,2.2140136,1.7740136,1.4140136,1.2840136,1.5140136,1.8240137,1.7640136,1.7540137,1.9740137,2.0540137,2.2840137,3.0840137,3.4840136,3.3240137,3.0040138,2.6240137,2.1640136,1.6140137,0.9740137,0.36401367,-0.08598633,-0.5859863,-1.5859864,-0.6659863,-0.19598633,-0.80598634,-1.6359863,-2.3459864,-2.9359863,-3.5059862,-4.0959864,-4.7159863
6.4440136,6.494014,6.4640136,6.2740135,5.9840136,5.624014,5.3340135,4.9640136,4.724014,4.5340137,4.3140135,4.1740136,4.1740136,4.3840137,4.764014,5.2740135,5.5440135,5.494014,5.2740135,5.0440135,4.7140136,4.2540135,3.8540137,3.4540136,2.9340136,2.4440136,2.0640137,1.7040137,1.4640137,1.6640136,2.2240136,2.2240136,2.0140138,2.0340137,2.1640136,2.4840136,3.2540138,3.6640136,3.5640137,3.4040136,3.2140136,2.7540138,2.2740138,1.5040137,1.0040137,0.36401367,0.18401366,-0.99598634,-1.0359863,-0.13598633,-0.32598633,-1.0359863,-1.7959863,-2.4759862,-3.0759864,-3.6559863,-4.2859864
6.5740137,6.5240135,6.394014,6.2840137,6.0440135,5.8640137,5.704014,5.2840137,4.894014,4.6940136,4.5840135,4.5340137,4.5440135,4.5740137,4.7940135,5.2140136,5.6140137,5.624014,5.4240136,5.2740135,5.0640135,4.6740136,4.184014,3.7140136,3.2240136,2.7840137,2.3340137,1.9140136,1.6940137,1.8440137,2.2440138,2.1940136,2.1740136,2.2440138,2.3740137,2.6940136,3.2740138,3.8340137,4.0640135,4.0740137,3.8440137,3.3040137,2.7940137,2.0040138,1.4240136,0.76401365,0.39401367,-0.09598633,-1.0359863,-0.6459863,-0.14598633,-0.38598633,-1.0559863,-1.8359864,-2.5059862,-3.1159863,-3.7859864
7.1340137,6.684014,6.2940135,6.0940137,5.9840136,5.8440137,5.7740135,5.5940137,5.2740135,5.1040134,4.874014,4.7340136,4.7140136,4.7740135,5.0940137,5.4840136,5.664014,5.664014,5.5240135,5.4840136,5.4840136,5.2340136,4.6740136,4.144014,3.6740136,3.1640136,2.5640137,2.1440136,1.9940137,2.0740137,2.3240137,2.3640137,2.6840136,2.6040137,2.0540137,1.9640137,2.6040137,3.3540137,4.0240135,4.4240136,4.264014,3.7340136,3.1840136,2.6240137,1.9140136,1.4240136,0.7840137,0.40401366,-0.23598632,-0.9559863,-0.7159863,-0.16598633,-0.36598632,-1.1859863,-1.9359863,-2.5159864,-3.1859863
7.1040134,6.8840137,6.5940137,6.4040136,6.4240136,6.2840137,6.014014,5.7940135,5.644014,5.204014,4.9440136,4.7840137,4.724014,4.894014,5.3240137,5.644014,5.7840137,5.8440137,5.724014,5.684014,5.724014,5.494014,5.0340137,4.5240135,4.0640135,3.5440137,2.9440136,2.5140138,2.2940137,2.3240137,2.5040138,2.7240136,2.9340136,2.6740136,2.0540137,1.7540137,2.2440138,2.6140137,3.4240136,4.4440136,4.5540137,3.9940138,3.5340137,3.1740136,2.5540137,2.0140138,1.5240136,0.87401366,0.4740137,-0.22598633,-1.1659863,-0.93598634,-0.33598632,-0.61598635,-1.3959863,-2.0159864,-2.6259863
7.0740137,7.014014,6.8640137,6.704014,6.664014,6.5340137,6.2540135,6.0740137,5.704014,5.3140135,5.1140137,5.0640135,4.974014,5.144014,5.494014,5.6740136,5.8640137,6.0240135,6.0940137,6.0940137,6.0040135,5.7140136,5.3240137,4.874014,4.3840137,3.7640138,3.1040137,2.7240136,2.6140137,2.6540136,2.8040137,2.9540136,3.1340137,2.8240137,2.2240136,1.9140136,2.1340137,2.5440137,3.8240137,4.9240136,5.1140137,4.644014,4.0040135,3.5140138,3.0640137,2.4040136,1.9540137,1.4240136,0.75401366,0.5240137,-0.31598634,-1.4359863,-1.4859864,-0.7159863,-0.9759863,-1.7159864,-2.2859864
7.244014,7.1940136,7.0740137,6.874014,6.6340137,6.7940135,6.724014,6.494014,5.9840136,5.6140137,5.3640137,5.0540137,5.0640135,5.3540134,5.704014,5.9840136,6.1040134,6.164014,6.3040137,6.3240137,6.184014,5.934014,5.6340137,5.2540135,4.684014,3.9140136,3.2440138,2.8740137,2.7740138,2.8540137,2.9840136,3.1140137,3.2640138,3.1340137,2.6540136,2.2340136,2.2740138,2.7740138,4.224014,5.3240137,5.374014,5.0040135,4.4240136,3.8840137,3.4940138,2.9040136,2.2840137,1.8640137,1.1240137,0.5340137,0.26401368,-0.60598636,-1.8659863,-1.0459863,-0.85598636,-1.5459863,-2.0859864
7.474014,7.3540134,7.1940136,7.0240135,6.974014,7.124014,7.2840137,6.874014,6.3640137,5.8140135,5.5040135,5.474014,5.4640136,5.6540136,6.0440135,6.3340135,6.474014,6.514014,6.5540137,6.5340137,6.3440137,6.124014,5.8540134,5.3640137,4.8140135,4.3440137,3.8140137,3.3240137,3.0140138,2.8740137,2.9340136,3.1740136,3.3540137,3.3440137,3.1240137,2.6940136,2.5240138,2.8540137,4.0840135,5.0840135,5.164014,4.994014,4.664014,4.2940135,3.8340137,3.1640136,2.5440137,2.0340137,1.6240137,0.89401364,0.24401367,0.16401367,-0.73598635,-0.7759863,-0.7059863,-1.2959863,-1.8559864
7.7340136,7.474014,7.2740135,7.124014,7.124014,7.3140135,7.4840136,7.394014,6.8440137,6.204014,5.994014,6.0340137,5.9840136,6.0540137,6.4240136,6.744014,6.7940135,6.8440137,6.9240136,6.9440136,6.8440137,6.5740137,6.0740137,5.5840135,5.144014,4.5840135,3.9040136,3.2340136,2.6340137,2.2440138,2.3940136,2.7640138,3.1640136,3.6040137,3.6040137,3.1140137,2.7840137,2.8540137,3.6440136,4.6940136,4.9640136,5.0040135,4.894014,4.5740137,4.0740137,3.4140136,2.8040137,2.3340137,1.9340137,1.4840137,0.5440137,0.35401368,0.034013674,-0.44598633,-0.5959863,-1.0259863,-1.5659863
