UV_10m_small_gfs.t12z.pgrb2.0p25.f018.json
{"header": { "discipline":0, "disciplineName":"Meteorological products", "gribEdition":2, "gribLength":17311, "center":7, "centerName":"US National Weather Service - NCEP(WMC)", "subcenter":0, "refTime":"2023-03-21T12:00:00.000Z", "significanceOfRT":1, "significanceOfRTName":"Start of forecast", "productStatus":0, "productStatusName":"Operational products", "productType":1, "productTypeName":"Forecast products", "productDefinitionTemplate":0, "productDefinitionTemplateName":"Analysis/forecast at horizontal level/layer at a point in time", "parameterCategory":2, "parameterCategoryName":"Momentum", "parameterNumber":2, "parameterNumberName":"U-component_of_wind", "parameterUnit":"m.s-1", "genProcessType":2, "genProcessTypeName":"Forecast", "forecastTime":18, "surface1Type":103, "surface1TypeName":"Specified height level above ground", "surface1Value":10.0, "surface2Type":255, "surface2TypeName":"Missing", "surface2Value":0.0, "gridDefinitionTemplate":0, "gridDefinitionTemplateName":"Latitude_Longitude", "numberPoints":11421, "shape":6, "shapeName":"Earth spherical with radius of 6,371,229.0 m", "gridUnits":"degrees", "resolution":48, "winds":"true", "scanMode":64, "nx":141, "ny":81, "basicAngle":0, "lo1":210.0, "la1":30.0, "lo2":245.0, "la2":50.0, "dx":0.25, "dy":0.25 }, "data":
[rows 26 to 51 of 81, columns 59 to 117 of 141]
2.2733886,2.2633886,2.3333886,2.4133887,2.4833887,2.4533887,2.4733887,2.7533886,3.2033887,3.3933887,3.4733887,3.6833887,4.0533886,4.2233887,4.1333885,4.373389,4.873389,5.2833886,5.2033887,5.4633884,5.563389,5.6833887,5.7133884,5.6433887,6.2033887,6.9333887,7.1733885,7.3933887,7.9233885,8.533389,9.053389,9.063389,8.983389,9.663388,10.783389,11.283389,11.293388,11.403389,11.433389,11.283389,10.843389,11.113389,11.523389,11.283389,11.113389,11.403389,11.013389,10.493389,11.453388,10.823389,8.813389,8.6333885,7.4033885,6.353389,-0.62661135,-1.5666113,-2.0966113,1.1533886,1.7933887
2.4933887,2.5733886,2.5633886,2.5633886,2.6033888,2.7033887,2.8533888,3.0533886,3.2833886,3.0833886,3.2333887,3.7533886,4.3433886,4.8233886,5.063389,5.273389,5.0933886,4.6633887,4.9333887,5.3633885,5.4533887,5.8833885,5.7633886,5.9033885,6.3933887,7.1133885,7.1733885,7.5333886,8.1333885,8.663388,8.993389,8.583388,8.6733885,9.583388,10.523389,10.733389,10.853389,10.763389,10.533389,10.303389,10.063389,9.853389,10.143389,11.233389,11.583388,11.793388,11.313389,10.403389,8.983389,8.063389,7.7133884,7.353389,6.9333887,7.3033886,-0.76661134,0.20338868,-0.50661135,-0.11661133,-0.87661135
2.2033887,2.4233887,2.6133888,2.7033887,2.7733886,2.8933887,2.9733887,3.1533887,3.3733888,3.1233888,3.1133888,3.5133886,4.1333885,4.6733885,4.773389,4.6333885,4.563389,4.543389,4.8933887,5.103389,5.3433886,5.833389,5.733389,5.8233886,6.2633886,7.023389,7.3033886,7.6733885,8.083388,8.613389,8.663388,8.003388,8.433389,9.153389,9.663388,9.783389,9.993389,9.653389,9.463388,9.403389,9.153389,9.073389,9.623388,10.663388,10.733389,9.483389,8.873388,8.913388,8.743389,7.353389,6.333389,6.063389,3.4733887,2.4333887,-0.6066113,-0.17661133,-0.51661134,-2.6466112,-4.976611
2.0233886,2.1433887,2.2033887,2.2433887,2.4333887,2.7033887,2.8533888,2.9433887,3.0933886,3.0333886,3.1033888,3.3833888,3.9533887,4.523389,4.6933885,4.6933885,4.6633887,4.6533885,4.9333887,5.123389,5.3833885,5.753389,5.7133884,5.733389,6.0333886,6.793389,7.4033885,7.6833887,7.853389,8.373388,8.083388,7.4933887,7.793389,8.283389,8.623388,9.023389,9.083388,8.343389,8.553389,8.4233885,8.083388,8.693389,9.443389,9.433389,9.073389,9.463388,9.6733885,9.523389,8.723389,7.3833885,5.6533885,3.5733886,1.2633886,-0.69661134,-2.5866113,-0.82661134,-0.28661132,-3.6966114,-6.6766114
1.6733887,1.8733886,2.0733886,2.0633886,2.1433887,2.3333886,2.5333886,2.7033887,3.0633886,3.0133886,3.1533887,3.4733887,3.9133887,4.543389,4.733389,4.6633887,4.6133885,4.7033887,4.9733887,5.3033886,5.5733886,5.8433886,5.813389,5.8033886,5.9133887,6.5933886,7.293389,7.4533887,7.6633887,8.003388,7.563389,6.9133887,7.0733886,7.3933887,7.853389,8.303389,7.753389,7.1633887,7.4133887,6.8033886,6.9633884,7.9033885,7.313389,5.103389,3.9533887,5.1733885,7.1433887,9.243389,9.393389,8.533389,5.8833885,2.0833886,-0.58661133,-2.0366113,-2.1166112,-1.3866113,-2.6566114,-4.666611,-7.5566115
1.7333887,1.8433887,1.9133887,1.8733886,1.9133887,1.9233887,2.1433887,2.3133886,2.6433887,2.9233887,3.1233888,3.5633886,3.8933887,4.6433887,4.833389,4.563389,4.4433885,4.623389,4.9233885,5.333389,5.6133885,5.9033885,5.9633884,5.8233886,5.813389,6.523389,7.0533886,7.1633887,7.3633885,7.623389,7.123389,6.4133887,6.353389,6.773389,7.123389,7.1833887,6.5933886,6.733389,6.773389,7.4033885,8.013389,7.7133884,4.1533885,-0.6066113,1.4433887,3.8533888,7.9033885,10.513389,9.603389,6.773389,4.1833887,-0.82661134,-2.8966112,-2.7566113,-2.5766113,-4.996611,-5.4066114,-5.1566114,-6.2566113
2.0833886,2.0033886,1.9433887,1.8733886,1.8133887,1.8233887,2.0233886,2.0833886,2.3633888,2.8733888,2.8633888,3.4633887,3.8033886,4.5733886,5.123389,4.6333885,4.3233886,4.373389,4.623389,5.043389,5.4733887,5.7233887,5.9333887,5.853389,5.8833885,6.523389,6.813389,7.003389,7.1533885,7.313389,6.7433887,5.833389,5.733389,6.063389,6.3033886,6.1733885,6.0133886,6.5533886,6.4233885,6.733389,6.6933885,5.1633887,-3.2866113,-2.3166113,0.7233887,1.0433887,-0.46661133,1.6433886,3.8333886,1.1833887,-1.6666113,-4.666611,-4.246611,-3.1166112,-5.3366113,-5.8866115,-4.8566113,-5.436611,-4.3366113
2.1133888,2.0033886,1.8333887,1.6333886,1.5933887,1.5333886,1.8733886,2.2133887,2.2133887,2.4133887,2.6433887,3.0433886,3.3533888,3.8333886,4.8033886,4.8833885,4.373389,4.313389,4.4433885,4.6533885,5.1833887,5.503389,5.563389,5.563389,5.9533887,6.563389,6.7433887,7.0333886,6.9733887,6.8433886,6.4133887,5.5533886,4.9933887,5.313389,5.583389,5.4633884,5.6833887,5.7833886,5.3033886,5.3233886,4.9233885,-3.3166113,-5.5466113,-1.5166113,1.0733887,-2.8866112,-8.316611,-13.986611,-13.726611,-8.476611,-5.186611,-5.186611,-5.5566115,-4.246611,-6.726611,-6.456611,-5.3266115,-3.2266114,-3.6166112
2.0733886,1.7633886,1.7233887,1.7033887,1.6333886,1.4133887,1.5133886,2.0433886,1.8533887,1.8633887,2.0533886,2.2933886,2.6733887,3.1533887,3.8633888,4.5333886,4.4633884,4.2633886,4.3833885,4.6133885,4.9133887,5.293389,5.4333887,5.353389,5.773389,6.4433885,6.733389,6.9133887,6.583389,6.253389,5.8933887,5.353389,4.4533887,4.5733886,4.7433887,4.6933885,4.6833887,4.8033886,4.2033887,3.5033886,-0.82661134,-6.1366115,-3.5866113,-1.0166113,-1.0966114,-6.0666113,-9.746612,-13.226611,-10.476611,-7.4466114,-5.626611,-4.0766115,-3.8366113,-4.8866115,-6.2966113,-5.3366113,-3.3366113,-2.9666114,-3.0566113
2.1033888,1.8333887,1.7033887,1.5433887,1.5633887,1.5533887,1.5333886,1.8233887,1.6133887,1.4233887,1.2433887,1.6133887,1.8733886,2.2933886,2.9433887,3.7033887,4.1533885,4.063389,4.3233886,4.4333887,4.563389,5.063389,5.313389,5.043389,5.4233885,6.1133885,6.353389,6.4733887,6.1133885,5.8233886,5.5533886,5.3433886,4.3933887,3.8533888,3.8333886,3.7433887,3.6333888,3.7233887,3.0333886,1.0233886,-4.1766114,-6.0866113,-5.3066115,-6.396611,-7.2866116,-7.8266115,-7.2966113,-7.4266114,-6.2766113,-4.876611,-4.3666115,-3.9666114,-4.416611,-6.1766114,-5.9066114,-4.0366116,-2.9466114,-2.4666114,-2.2266114
2.4933887,2.2333887,1.8333887,1.3533887,1.4033886,1.4633887,1.3733886,1.4833887,1.5833887,1.7333887,1.3533887,1.3633887,1.4333887,1.4333887,1.9733887,2.7633886,3.5733886,3.8933887,4.2633886,4.3633885,4.503389,4.773389,5.083389,4.8833885,5.1133885,5.6333885,5.7133884,5.8633885,5.8633885,5.753389,5.273389,5.1633887,4.5933886,3.1933887,2.8333886,2.9133887,2.7633886,2.4333887,2.3333886,0.013388672,-0.7266113,-1.6666113,-3.3966112,-5.4666114,-5.496611,-4.166611,-4.4066114,-5.246611,-5.4266114,-6.0566115,-6.7866116,-6.166611,-4.416611,-4.9866114,-4.1766114,-2.7966113,-2.1766114,-1.7766113,-2.0966113
2.8333886,2.5533886,2.0333886,1.6333886,1.7033887,1.5433887,1.3533887,1.4633887,1.6633887,1.7633886,2.1433887,2.4233887,2.3733888,2.1833887,2.0433886,2.6133888,3.0233886,3.3533888,3.9233887,4.3233886,4.483389,4.6733885,4.8933887,4.773389,4.7433887,5.103389,5.313389,5.5133886,5.8433886,5.8433886,5.2233887,4.8233886,4.6933885,3.0733886,2.0033886,2.2033887,2.1833887,1.8933886,2.6633887,1.1333886,1.3433887,1.2933887,1.0033886,0.25338867,-2.5566113,-3.9366114,-3.0666113,-3.7366114,-4.8366113,-4.416611,-6.016611,-5.0966115,-2.6566114,-1.9866114,-1.1166114,-0.94661134,-1.7466114,-2.1166112,-2.5266113
3.0833886,2.8433886,2.4633887,2.2233887,1.9933887,1.6433886,1.5633887,1.9733887,2.0733886,2.0033886,2.5733886,3.1433887,3.4933887,3.6133888,3.3533888,3.2533886,3.3033886,3.2533886,3.5433886,4.043389,4.373389,4.5733886,4.773389,4.6133885,4.483389,4.6933885,5.1633887,5.4333887,5.8433886,5.8933887,5.273389,4.563389,4.1733885,3.2233887,2.0033886,1.8533887,1.8933886,1.3233887,2.2233887,1.8033887,1.3133887,1.2033887,0.13338867,-1.0666113,-2.6066113,-3.5666113,-2.7066114,-0.8466113,-0.68661135,-3.4866114,-4.8666115,-1.7566113,-0.42661133,-0.6566113,-0.88661134,-1.5666113,-1.7066113,-1.0866113,-1.6666113
3.0833886,2.7633886,2.4133887,2.4333887,2.4633887,2.1533887,1.8433887,2.1533887,2.5933886,2.4833887,2.7833886,2.6033888,2.2533886,2.1733887,2.6733887,3.3933887,3.9633887,4.023389,3.6933887,3.8833888,4.123389,4.313389,4.4933887,4.5133886,4.2833886,4.353389,5.003389,5.353389,5.6933885,5.7833886,5.2433887,4.5133886,3.6733887,3.2733886,2.5233886,1.6233886,1.4733887,1.2033887,1.0533887,1.5833887,1.2933887,1.1433886,0.8833887,0.31338868,-2.6166112,-4.5666113,-2.2066114,-0.50661135,0.08338867,-2.6866114,-3.8566113,0.74338865,1.1133887,0.7033887,-1.0366113,-1.8066113,-1.6266114,-0.50661135,0.15338868
3.1933887,2.9533887,2.6933887,2.5733886,2.6533887,2.6733887,2.3733888,2.1633887,2.3533888,2.6633887,2.8633888,2.9633887,3.3533888,3.0933886,2.3233886,1.9733887,2.9333887,4.0333886,3.8833888,3.7133887,3.8033886,3.9733887,4.2233887,4.373389,4.1933885,4.0933886,4.6733885,5.1733885,5.4533887,5.603389,5.1433887,4.3633885,3.6833887,3.2833886,3.0333886,1.7733886,1.3933886,1.5933887,0.6933887,0.7733887,0.9733887,1.0433887,0.9033887,0.39338866,-3.3066113,-3.6566114,-1.4366113,-1.1866113,-1.1466113,-3.2166114,-3.4266114,1.1333886,1.2433887,-0.29661134,-1.4366113,-1.1666113,0.48338866,0.20338868,-1.1466113
3.4633887,3.2133887,2.9233887,2.6633887,2.6333888,2.6333888,2.4033887,2.1833887,2.3133886,2.4833887,2.6133888,2.5133886,2.5633886,3.0033886,3.2433887,3.0133886,2.6633887,2.8133886,2.9933887,3.3533888,3.3733888,3.7533886,4.1333885,4.2133884,4.0933886,3.9033887,4.0733886,4.6633887,5.2233887,5.523389,5.1733885,4.1633887,3.7233887,3.3933887,3.0033886,2.3333886,1.4533887,1.5033886,0.8233887,0.43338868,0.45338866,0.36338866,0.05338867,-2.2466114,-2.3866112,-0.12661132,-1.2166114,-1.4766114,-1.9766114,-2.3666112,-0.27661133,1.2533886,0.61338866,-0.46661133,-1.8966113,-1.0866113,0.6933887,-0.29661134,-0.35661134
3.5533886,3.2433887,3.0433886,2.9333887,2.8933887,2.8033886,2.6133888,2.3133886,2.1533887,2.3233886,2.7133887,3.0833886,3.1033888,2.9633887,2.9733887,2.9633887,2.6033888,2.3333886,2.3633888,3.1033888,3.2333887,3.7133887,4.2833886,4.1733885,3.8833888,3.6733887,3.7433887,4.1833887,4.8233886,5.233389,5.023389,4.1833887,3.6433887,3.4133887,2.8033886,2.5433886,2.3633888,1.8633887,1.0233886,0.27338868,0.29338866,0.24338867,0.66338867,-1.0366113,-2.3866112,-1.1966113,-2.1166112,-1.9266113,-1.3966113,-1.8466114,0.043388672,1.3533887,-1.0466113,-1.0366113,-2.4466114,-0.9866113,0.36338866,0.5133887,0.81338865
3.6933887,3.3233886,3.0633886,2.9433887,2.9633887,3.0233886,2.9733887,2.6833887,2.2633886,2.0533886,2.3433886,2.8033886,3.0833886,3.0833886,2.9433887,2.8833888,2.8233886,2.7233887,2.7633886,3.1533887,3.4733887,3.9433887,4.2433887,4.0933886,3.6733887,3.4933887,3.5433886,3.8333886,4.293389,4.6733885,4.773389,4.1433887,3.7333887,3.4333887,2.6933887,2.6033888,2.5833886,2.5633886,2.1633887,0.7733887,0.11338867,0.013388672,0.6933887,0.24338867,-1.9466113,-2.4666114,-2.2866113,-1.8266113,-1.5366113,-1.1466113,0.17338867,1.5933887,-0.06661133,-0.5966113,-1.6366113,-0.11661133,-0.7766113,-0.48661134,0.13338867
3.8533888,3.4933887,3.1433887,2.9533887,2.9333887,2.9633887,2.9733887,2.9033887,2.5633886,2.1433887,2.0833886,2.6133888,3.0633886,3.2733886,3.3733888,3.4533887,3.5333886,3.2233887,2.9533887,3.1433887,3.5433886,3.9833887,4.1533885,3.9833887,3.6233888,3.3833888,3.3733888,3.4833887,3.8133886,4.233389,4.4433885,4.1833887,3.7633886,3.6133888,2.6233888,2.7033887,2.8733888,2.5133886,2.3733888,1.9733887,1.0533887,0.08338867,0.25338867,1.0733887,-0.5566113,-2.5966113,-2.0966113,-2.1766114,-1.9566113,-1.5766113,1.5433887,1.3933886,-0.09661133,-1.2366114,-0.88661134,0.68338865,0.50338864,-0.69661134,-0.62661135
3.9233887,3.7333887,3.4533887,3.1233888,2.9633887,3.0233886,3.0633886,2.9833887,2.8033886,2.4033887,1.9833887,2.2033887,2.7133887,3.0033886,3.3533888,3.7233887,3.7033887,3.2833886,2.8533888,2.7933886,3.3133886,3.8433886,4.023389,3.8733888,3.5733886,3.2833886,3.2133887,3.2333887,3.4033887,3.7733886,4.0133886,4.123389,4.043389,3.5033886,2.7633886,2.7033887,2.9333887,2.5633886,2.2233887,2.0233886,1.6733887,1.0333886,0.5933887,0.9433887,-0.30661133,-2.5366113,-1.7666113,-1.9266113,-1.3966113,-1.8866113,-0.22661133,-0.14661133,0.5833887,-0.5966113,0.15338868,0.19338867,0.18338867,-0.12661132,-0.5966113
4.0133886,3.8533888,3.6633887,3.3633888,3.0533886,2.9333887,3.0233886,3.0633886,2.9533887,2.6633887,2.2633886,2.1233888,2.4733887,2.7233887,2.9633887,3.3733888,3.3933887,3.3233886,2.7933886,2.6033888,2.9933887,3.5033886,3.8833888,3.8733888,3.6033888,3.2733886,3.1033888,3.0833886,3.2033887,3.3833888,3.6133888,3.8033886,4.0133886,3.5833886,2.8933887,2.8633888,2.9233887,2.5333886,1.9533887,1.8133887,1.8733886,1.5833887,0.9633887,0.99338865,-0.7166113,-2.4866114,-2.2066114,-1.2966113,-2.0566113,0.28338867,0.5733887,0.56338865,-1.8366113,0.5933887,-0.33661133,0.99338865,0.18338867,-0.83661133,-1.0466113
4.0733886,3.9433887,3.8333886,3.5933886,3.2233887,2.9433887,2.9033887,2.9933887,2.9633887,2.7233887,2.3133886,2.0233886,2.2233887,2.7133887,3.0133886,3.2533886,3.0933886,3.0633886,2.8733888,2.6033888,2.7433887,3.2233887,3.8233886,3.9133887,3.5633886,3.2033887,3.0133886,3.0333886,3.1533887,3.2533886,3.4133887,3.6433887,3.7133887,3.3733888,2.9533887,2.9333887,3.0033886,2.5233886,1.8033887,1.5333886,1.7033887,1.4433887,1.3433887,0.92338866,-1.3466114,-2.5466113,-2.2666113,0.50338864,-1.7266114,-0.29661134,0.18338867,0.27338868,-2.1366112,-0.42661133,-0.08661133,-0.38661134,-0.35661134,-1.4666114,-1.6166114
4.043389,4.023389,3.9233887,3.7133887,3.3833888,3.0333886,2.8733888,2.9033887,2.9233887,2.6833887,2.2333887,1.8833886,2.0433886,2.6833887,3.0333886,2.9433887,2.5633886,2.4933887,2.8033886,2.7133887,2.6033888,2.9033887,3.6433887,3.8633888,3.5133886,3.1233888,2.9533887,2.9333887,3.0733886,3.2533886,3.2933886,3.3333886,3.5133886,3.3633888,2.8533888,2.7033887,2.8333886,2.5133886,1.8733886,1.4033886,1.2933887,1.0133886,1.4633887,0.9533887,-2.3666112,-3.2366114,-1.4066113,-1.8666114,0.05338867,-1.8266113,0.22338867,-0.11661133,-2.3266113,-0.6166113,-0.64661133,-0.17661133,-0.8466113,-1.4866114,-0.9766113
3.9633887,4.103389,4.0733886,3.8333886,3.4833887,3.1233888,2.8833888,2.8533888,2.8533888,2.7333887,2.3533888,1.9433887,2.0333886,2.4333887,2.7233887,2.7833886,2.5133886,2.2333887,2.4033887,2.5933886,2.5333886,2.7333887,3.3633888,3.7433887,3.5233886,3.1433887,2.9933887,2.8933887,2.9433887,3.1633887,3.2633886,3.2633886,3.2333887,3.0933886,2.7733886,2.5833886,2.5333886,2.3933887,2.0433886,1.5733887,1.2033887,0.79338866,0.5833887,-0.42661133,-2.3166113,-2.1566114,-0.21661133,-0.28661132,-0.36661133,0.19338867,-1.9166113,-2.2666113,-1.5266113,0.54338866,-0.23661132,-0.57661134,-1.0866113,-1.9466113,-1.2766113
3.8733888,4.0333886,4.1133885,4.0133886,3.6833887,3.2833886,2.9633887,2.8133886,2.7733886,2.6733887,2.3933887,1.9333887,1.7933887,2.1633887,2.6233888,2.6633887,2.7133887,2.6833887,2.3533888,2.4733887,2.6433887,2.8333886,3.1933887,3.5233886,3.4933887,3.2533886,3.0933886,2.9633887,2.9233887,3.0733886,3.1733887,3.2533886,3.1733887,2.8833888,2.6733887,2.5733886,2.4233887,2.1433887,1.8833886,1.7033887,1.1133887,0.42338866,0.21338867,-1.0466113,-2.3066113,-1.6966113,-0.75661135,0.80338866,-1.0766113,-0.62661135,-1.7066113,-3.0666113,-2.5166113,2.0033886,-1.3666114,-0.42661133,-0.7866113,-1.9866114,-1.1766113
3.7933886,3.9433887,4.103389,4.123389,3.8933887,3.4633887,3.0333886,2.7333887,2.5733886,2.4233887,2.2633886,1.9733887,1.7533886,1.9133887,2.2833886,2.4733887,3.0133886,3.0233886,2.5633886,2.5333886,2.7533886,2.9133887,3.1233888,3.2833886,3.4033887,3.3533888,3.1333888,3.0333886,3.0633886,3.1033888,3.1133888,3.2133887,3.1733887,2.9033887,2.6733887,2.5433886,2.3633888,1.9733887,1.6433886,1.6133887,1.4733887,0.48338866,-0.8066113,-1.9266113,-1.7166114,-1.4166113,-0.58661133,-0.17661133,-1.4366113,-0.9666113,-1.4466113,-2.5466113,-3.0466113,0.23338868,-0.20661134,-1.6466113,-1.2266114,-2.2266114,-0.64661133
