UV_10m_small_gfs.t12z.pgrb2.0p25.f048.json
{"header": { "discipline":0, "disciplineName":"Meteorological products", "gribEdition":2, "gribLength":17311, "center":7, "centerName":"US National Weather Service - NCEP(WMC)", "subcenter":0, "refTime":"2023-03-21T12:00:00.000Z", "significanceOfRT":1, "significanceOfRTName":"Start of forecast", "productStatus":0, "productStatusName":"Operational products", "productType":1, "productTypeName":"Forecast products", "productDefinitionTemplate":0, "productDefinitionTemplateName":"Analysis/forecast at horizontal level/layer at a point in time", "parameterCategory":2, "parameterCategoryName":"Momentum", "parameterNumber":2, "parameterNumberName":"U-component_of_wind", "parameterUnit":"m.s-1", "genProcessType":2, "genProcessTypeName":"Forecast", "forecastTime":48, "surface1Type":103, "surface1TypeName":"Specified height level above ground", "surface1Value":10.0, "surface2Type":255, "surface2TypeName":"Missing", "surface2Value":0.0, "gridDefinitionTemplate":0, "gridDefinitionTemplateName":"Latitude_Longitude", "numberPoints":11421, "shape":6, "shapeName":"Earth spherical with radius of 6,371,229.0 m", "gridUnits":"degrees", "resolution":48, "winds":"true", "scanMode":64, "nx":141, "ny":81, "basicAngle":0, "lo1":210.0, "la1":30.0, "lo2":245.0, "la2":50.0, "dx":0.25, "dy":0.25 }, "data":
[rows 54 to 80 of 81, columns 0 to 60 of 141]
4.686825,4.906825,5.056825,5.2668247,5.346825,5.446825,5.586825,5.926825,6.256825,6.196825,6.116825,6.026825,6.256825,6.5168247,6.596825,6.636825,6.856825,6.916825,7.006825,7.186825,7.366825,7.786825,8.316825,8.786825,8.716825,8.566825,8.726825,9.036825,9.366825,9.486825,9.636825,9.636825,9.496825,9.466825,9.816825,10.176825,10.666825,11.226825,11.606825,11.536825,11.446825,11.786825,12.346825,12.516825,12.676825,12.826825,12.476825,12.326825,12.456825,12.746825,12.536825,12.106825,12.046825,11.806825,11.786825,11.836825,11.976825,12.476825,12.246825,12.056825,12.346825
5.446825,5.436825,5.546825,5.816825,5.986825,6.116825,6.376825,6.616825,6.656825,6.4768248,6.696825,7.076825,7.306825,7.4768248,7.576825,7.606825,7.196825,6.816825,7.056825,7.526825,7.966825,8.316825,8.856825,9.316825,9.266825,9.086825,8.916825,8.936825,9.236825,9.5068245,9.716825,9.916825,10.196825,10.446825,10.656825,10.856825,11.066825,11.316825,11.726825,11.946825,11.846825,11.736825,12.2568245,13.106825,13.136825,13.0068245,13.016825,13.166825,13.266825,13.076825,12.676825,12.836825,12.696825,12.296825,12.376825,12.056825,12.476825,13.106825,12.816825,12.806825,12.946825
5.856825,5.956825,6.186825,6.626825,6.836825,6.986825,6.916825,7.036825,7.046825,6.796825,7.146825,7.7668247,7.7268248,7.946825,8.236825,8.386825,8.206825,8.066825,8.0068245,7.9768248,8.406825,9.026825,9.036825,8.946825,9.356825,9.516825,9.346825,9.396825,9.706825,9.996825,10.336825,10.786825,10.876825,10.476825,10.386825,10.426825,10.526825,10.766825,11.166825,11.726825,12.176825,12.536825,12.636825,12.7568245,13.026825,13.346825,13.786825,13.886825,13.856825,13.646825,13.326825,13.376825,13.2568245,13.036825,12.916825,12.606825,12.926825,13.276825,13.406825,13.216825,13.056825
6.2668247,6.2668247,6.666825,7.316825,7.406825,7.2468247,7.166825,7.376825,7.676825,7.816825,8.086825,8.336825,8.076825,7.986825,8.086825,8.106825,8.396825,8.576825,8.576825,8.826825,9.2568245,9.126825,8.776825,8.976825,9.396825,9.696825,9.886825,9.896825,10.066825,10.376825,10.576825,10.736825,10.666825,10.576825,10.636825,10.976825,11.376825,11.666825,11.976825,12.176825,12.446825,12.886825,13.356825,13.266825,12.946825,13.466825,13.926825,13.986825,14.376825,14.606825,14.306825,13.716825,13.296825,13.356825,13.496825,13.646825,13.736825,13.796825,13.716825,13.356825,13.016825
6.736825,6.886825,7.146825,7.486825,7.626825,7.4768248,7.5168247,8.096825,8.576825,8.286825,7.986825,8.076825,8.226825,8.326825,8.336825,8.536825,8.876825,8.986825,9.0068245,9.216825,9.546825,9.486825,9.316825,9.7568245,10.356825,10.266825,10.086825,10.416825,10.746825,10.736825,10.616825,10.696825,10.956825,11.206825,11.436825,11.646825,11.736825,11.916825,12.196825,12.456825,12.676825,12.856825,13.166825,13.486825,13.706825,13.7568245,13.986825,14.526825,14.916825,14.716825,14.346825,14.286825,13.936825,13.7568245,14.016825,14.276825,14.236825,13.896825,13.666825,13.526825,13.416825
7.416825,7.576825,7.606825,7.7468247,7.756825,7.706825,7.826825,8.076825,8.346825,8.386825,8.216825,8.066825,8.096825,8.346825,8.896825,9.166825,8.916825,8.956825,9.146825,9.306825,9.746825,10.426825,10.496825,10.526825,10.716825,10.356825,10.156825,10.606825,10.926825,10.816825,10.666825,11.126825,11.676825,11.696825,11.676825,11.716825,11.966825,12.146825,12.116825,12.106825,12.316825,12.526825,12.846825,13.436825,13.856825,13.966825,14.326825,14.896825,15.106825,14.916825,14.896825,14.876825,14.476825,14.446825,14.686825,14.426825,13.986825,13.916825,13.936825,13.836825,13.536825
7.356825,7.716825,7.906825,7.986825,8.186825,8.346825,8.426825,8.516825,8.876825,8.906825,8.846825,9.036825,9.096825,9.216825,9.286825,9.076825,9.186825,9.496825,9.766825,9.836825,10.026825,10.636825,10.946825,10.836825,10.866825,10.716825,10.616825,11.166825,11.676825,11.616825,11.536825,11.716825,11.966825,12.116825,12.126825,12.106825,12.186825,12.356825,12.386825,12.386825,12.436825,12.566825,12.936825,13.456825,13.626825,13.656825,13.966825,14.426825,14.906825,15.0068245,15.126825,15.016825,14.566825,14.646825,15.0068245,14.606825,14.286825,14.196825,14.086825,13.746825,13.706825
8.236825,8.566825,8.716825,8.776825,8.876825,8.846825,8.916825,9.116825,9.156825,9.2568245,9.606825,9.776825,9.746825,9.876825,9.936825,9.496825,9.496825,9.966825,10.176825,10.036825,9.816825,10.016825,10.556825,10.946825,11.116825,11.406825,11.656825,12.066825,12.2568245,12.186825,12.426825,12.476825,12.456825,12.326825,12.416825,12.766825,12.886825,12.846825,12.7568245,12.786825,12.796825,12.956825,13.206825,13.536825,13.666825,13.736825,14.0068245,14.396825,14.776825,14.706825,14.796825,15.026825,15.186825,15.286825,14.956825,14.696825,14.796825,14.646825,14.276825,13.776825,13.606825
8.486825,8.576825,8.516825,8.706825,8.926825,9.046825,9.136825,9.166825,9.136825,9.276825,9.596825,9.856825,9.826825,9.706825,9.946825,10.2568245,10.2568245,9.996825,10.146825,10.376825,10.236825,10.346825,10.586825,11.036825,11.696825,12.116825,12.226825,12.526825,12.346825,12.336825,12.846825,12.886825,12.736825,12.7568245,13.176825,13.786825,13.766825,13.476825,13.266825,13.286825,13.306825,13.486825,13.766825,13.886825,13.806825,13.956825,14.166825,14.366825,14.346825,14.496825,14.806825,15.276825,15.556825,15.266825,14.966825,15.236825,15.336825,14.836825,14.436825,14.076825,13.616825
8.446825,8.5068245,8.876825,9.146825,9.186825,9.176825,9.146825,9.2568245,9.416825,9.536825,9.616825,9.736825,9.826825,9.976825,10.286825,10.646825,10.686825,10.456825,10.226825,10.286825,10.516825,10.806825,11.106825,11.286825,11.346825,11.5068245,12.076825,12.616825,12.556825,12.466825,12.666825,12.866825,13.096825,13.516825,14.056825,14.406825,14.296825,14.116825,14.096825,14.076825,14.016825,14.186825,14.346825,14.186825,14.036825,14.076825,14.236825,14.236825,14.186825,14.516825,15.146825,15.586825,15.396825,15.226825,15.276825,15.386825,15.206825,14.746825,14.5068245,14.096825,13.816825
9.156825,9.476825,9.666825,9.536825,9.376825,9.386825,9.476825,9.586825,9.716825,9.806825,9.846825,9.976825,10.186825,10.416825,10.676825,10.806825,10.806825,10.636825,10.426825,10.326825,10.606825,11.046825,11.276825,11.276825,11.296825,11.456825,11.896825,12.346825,12.456825,12.426825,12.566825,12.666825,13.0068245,13.686825,14.336825,14.616825,14.5068245,14.516825,14.696825,14.606825,14.476825,14.606825,14.636825,14.626825,14.346825,14.176825,14.306825,14.186825,14.186825,14.546825,14.826825,14.996825,15.446825,15.626825,15.436825,15.176825,14.916825,14.746825,14.7568245,14.446825,13.936825
10.2568245,10.356825,10.356825,10.286825,10.216825,10.196825,10.186825,10.176825,10.2568245,10.296825,10.376825,10.536825,10.706825,10.816825,10.876825,10.926825,10.916825,10.746825,10.626825,10.686825,10.946825,11.106825,11.266825,11.496825,11.616825,11.726825,11.766825,11.906825,12.166825,12.476825,12.7568245,12.886825,13.066825,13.646825,14.346825,14.7568245,14.926825,14.836825,14.916825,14.696825,14.626825,14.856825,14.636825,14.606825,14.616825,14.616825,14.7568245,14.606825,14.356825,14.386825,14.5068245,14.836825,15.366825,15.556825,15.186825,14.946825,14.896825,14.826825,14.766825,14.246825,13.976825
10.896825,11.096825,11.216825,11.416825,11.466825,11.286825,11.096825,11.026825,10.906825,10.866825,11.016825,11.166825,11.216825,11.206825,11.196825,11.216825,11.2568245,11.096825,10.936825,11.016825,11.126825,11.186825,11.396825,11.686825,11.796825,11.796825,11.816825,12.076825,12.436825,12.666825,12.796825,12.976825,13.346825,13.736825,14.086825,14.516825,14.876825,14.936825,14.956825,14.996825,15.036825,15.036825,14.976825,15.206825,15.216825,14.766825,14.946825,15.196825,14.7568245,14.376825,14.426825,14.586825,14.776825,15.016825,15.176825,15.096825,15.0068245,14.996825,14.806825,14.446825,14.296825
11.466825,11.576825,11.766825,12.026825,12.356825,12.496825,12.386825,12.216825,12.016825,11.836825,11.766825,11.776825,11.826825,11.926825,12.026825,12.066825,11.916825,11.676825,11.436825,11.366825,11.466825,11.586825,11.716825,11.886825,12.036825,12.186825,12.376825,12.596825,12.796825,12.996825,13.236825,13.566825,13.736825,13.746825,13.956825,14.306825,14.566825,14.576825,14.766825,15.086825,15.196825,15.106825,14.976825,15.306825,15.456825,15.066825,14.816825,14.906825,14.996825,14.816825,14.706825,14.776825,14.866825,15.066825,15.186825,15.126825,15.336825,15.356825,14.956825,14.746825,14.636825
11.766825,12.066825,12.166825,12.136825,12.356825,12.726825,12.816825,12.956825,13.126825,13.086825,12.886825,12.666825,12.646825,12.866825,13.026825,12.996825,12.886825,12.666825,12.476825,12.386825,12.406825,12.396825,12.326825,12.336825,12.446825,12.636825,12.846825,12.986825,13.146825,13.366825,13.586825,13.656825,13.646825,13.826825,14.076825,14.236825,14.296825,14.466825,14.736825,14.986825,15.216825,15.336825,15.466825,15.646825,15.456825,15.106825,15.106825,14.996825,14.926825,15.096825,14.996825,14.826825,14.996825,15.446825,15.276825,15.076825,15.516825,15.566825,15.296825,15.106825,14.626825
12.146825,12.5068245,12.666825,12.526825,12.436825,12.396825,12.456825,12.686825,12.806825,12.736825,12.796825,13.096825,13.436825,13.796825,13.966825,14.146825,14.096825,13.7568245,13.446825,13.376825,13.526825,13.556825,13.356825,13.126825,13.086825,13.206825,13.306825,13.456825,13.486825,13.646825,13.856825,13.926825,13.996825,14.176825,14.436825,14.576825,14.536825,14.526825,14.626825,14.906825,15.286825,15.396825,15.656825,15.796825,15.566825,15.486825,15.526825,15.426825,15.036825,15.0068245,15.186825,14.766825,14.886825,15.526825,14.916825,14.826825,15.5068245,15.656825,15.316825,14.7568245,14.266825
12.796825,12.946825,12.966825,12.796825,12.586825,12.626825,12.7568245,12.896825,13.066825,13.376825,13.726825,13.796825,13.716825,13.766825,13.866825,13.966825,14.0068245,13.906825,13.7568245,13.906825,14.316825,14.466825,14.406825,14.076825,13.806825,13.736825,13.746825,13.706825,13.676825,13.956825,14.386825,14.406825,14.366825,14.516825,14.366825,14.146825,14.186825,14.286825,14.626825,14.956825,15.016825,15.356825,15.686825,15.816825,15.886825,15.856825,15.616825,15.706825,15.366825,15.106825,15.226825,14.526825,14.546825,15.056825,14.896825,15.216825,15.516825,15.286825,14.916825,14.546825,14.326825
13.486825,13.496825,13.376825,13.196825,13.246825,13.336825,13.396825,13.596825,13.886825,14.166825,14.406825,14.606825,14.786825,14.796825,14.746825,14.726825,14.706825,14.676825,14.676825,14.636825,14.636825,14.616825,14.566825,14.626825,14.606825,14.466825,14.376825,14.296825,14.186825,14.386825,14.656825,14.676825,14.556825,14.826825,14.886825,14.456825,14.536825,14.856825,15.106825,14.956825,15.126825,15.416825,15.336825,15.446825,15.806825,15.656825,15.296825,15.516825,15.336825,15.126825,15.036825,14.496825,14.606825,15.376825,15.726825,15.5068245,14.996825,14.696825,14.466825,14.486825,14.386825
13.646825,13.776825,13.816825,13.876825,13.896825,13.976825,14.136825,14.346825,14.606825,14.736825,14.806825,15.026825,15.276825,15.446825,15.566825,15.626825,15.616825,15.586825,15.566825,15.596825,15.526825,15.286825,14.986825,14.896825,15.036825,14.936825,14.896825,14.896825,14.636825,14.646825,14.876825,14.916825,14.916825,15.156825,15.206825,15.016825,14.996825,14.956825,15.146825,15.076825,15.046825,15.266825,15.366825,15.446825,15.806825,15.726825,15.636825,15.456825,15.036825,14.796825,14.636825,14.696825,14.836825,15.176825,15.456825,15.236825,14.746825,14.356825,14.266825,14.456825,14.396825
13.966825,14.146825,14.276825,14.386825,14.476825,14.576825,14.716825,14.846825,14.966825,15.216825,15.436825,15.686825,15.896825,16.066826,16.236824,16.316826,16.396826,16.486824,16.556826,16.506824,16.446825,16.206825,15.926825,15.556825,15.286825,15.306825,15.556825,15.486825,15.106825,14.996825,15.016825,15.126825,15.196825,15.2568245,15.406825,15.486825,15.2568245,14.936825,14.896825,14.846825,14.956825,15.206825,15.2568245,15.066825,15.336825,15.516825,15.706825,15.496825,14.996825,14.416825,14.596825,15.206825,15.236825,15.306825,15.276825,14.866825,14.436825,14.176825,13.986825,14.196825,14.416825
14.466825,14.696825,14.836825,14.956825,15.086825,15.166825,15.2568245,15.446825,15.616825,15.896825,16.176825,16.476826,16.686825,16.786825,16.856825,16.996824,17.146826,17.276825,17.436825,17.476826,17.386826,17.126825,16.856825,16.446825,15.826825,15.796825,15.956825,15.906825,15.716825,15.166825,14.846825,14.986825,14.986825,15.196825,15.676825,15.5068245,15.056825,14.966825,14.916825,14.826825,14.956825,15.096825,14.956825,14.946825,15.326825,15.336825,15.366825,15.586825,15.556825,15.2568245,15.276825,15.436825,15.276825,15.106825,14.926825,14.526825,14.236825,14.266825,14.236825,14.196825,14.226825
14.986825,15.176825,15.356825,15.526825,15.606825,15.726825,15.906825,16.066826,16.286825,16.626825,16.976826,17.186825,17.316826,17.416824,17.586824,17.816826,18.006824,18.156824,18.226826,18.166824,18.056826,17.816826,17.646826,17.446825,16.746824,16.556826,16.116825,16.116825,16.026825,15.186825,14.946825,14.936825,15.0068245,15.166825,15.286825,15.126825,14.996825,15.236825,15.146825,14.666825,14.466825,14.626825,14.886825,15.076825,15.276825,15.066825,14.966825,15.5068245,15.646825,15.386825,15.326825,15.296825,15.016825,14.696825,14.726825,14.5068245,14.136825,14.266825,14.796825,14.746825,14.576825
15.306825,15.566825,15.866825,16.126825,16.216825,16.316826,16.456825,16.646826,16.926825,17.366825,17.716825,17.766825,17.836824,18.036825,18.256824,18.496824,18.866825,19.146826,19.056826,18.636826,18.226826,18.006824,17.986824,18.156824,17.926825,17.006824,15.926825,15.476825,15.5068245,15.216825,15.156825,14.976825,14.946825,14.926825,14.976825,14.916825,15.2568245,15.226825,14.866825,14.566825,14.026825,14.236825,15.076825,15.406825,15.416825,15.466825,15.346825,15.476825,15.396825,15.376825,15.216825,14.816825,14.426825,14.346825,14.366825,14.396825,14.386825,14.546825,14.816825,14.956825,14.856825
15.576825,15.926825,16.286825,16.566826,16.736824,16.906824,17.026825,17.166824,17.376825,17.706825,18.086824,18.286825,18.076824,17.806826,17.646826,18.026825,18.706825,19.496824,20.016825,19.496824,18.576824,18.226826,18.336824,18.356825,18.186825,16.776825,14.196825,13.596825,15.086825,15.436825,15.196825,14.686825,14.286825,14.526825,14.796825,15.216825,15.536825,15.056825,14.976825,14.686825,14.2568245,14.5068245,15.086825,15.316825,15.306825,15.5068245,15.476825,15.2568245,15.166825,15.046825,14.956825,14.716825,14.456825,14.516825,14.466825,14.376825,14.576825,14.946825,15.106825,14.986825,14.706825
15.886825,16.256824,16.636826,16.876825,17.156824,17.356825,17.536825,17.356825,17.116825,17.166824,17.166824,16.606825,15.866825,14.076825,11.746825,10.716825,10.396825,10.016825,10.356825,11.996825,13.766825,15.696825,17.726826,18.256824,15.696825,11.926825,11.2568245,13.476825,14.996825,14.826825,14.276825,14.2568245,14.496825,14.426825,15.016825,15.546825,15.296825,15.486825,15.016825,14.846825,15.0068245,15.056825,15.106825,15.216825,15.496825,15.5068245,15.196825,15.0068245,14.936825,14.816825,14.856825,14.876825,14.806825,14.826825,14.816825,14.956825,15.126825,15.116825,14.946825,14.896825,15.026825
16.036825,15.866825,15.456825,15.076825,14.406825,13.356825,12.366825,12.156825,12.486825,12.666825,12.726825,12.956825,13.626825,14.106825,14.106825,14.0068245,14.326825,14.386825,13.796825,13.136825,11.866825,9.996825,8.906825,9.276825,9.976825,11.196825,13.046825,14.316825,14.616825,14.496825,14.596825,14.646825,14.396825,14.746825,15.486825,15.516825,15.856825,15.916825,15.116825,14.796825,15.286825,15.226825,15.096825,15.216825,15.596825,15.766825,15.246825,14.726825,14.696825,14.966825,15.326825,15.496825,15.456825,15.456825,15.446825,15.306825,15.226825,15.406825,15.596825,15.736825,15.656825
11.826825,12.2568245,12.746825,13.196825,13.426825,13.616825,14.156825,14.5068245,14.536825,14.496825,14.206825,13.856825,14.076825,14.326825,14.366825,14.606825,14.816825,14.776825,14.886825,14.836825,14.666825,14.426825,13.466825,12.486825,12.366825,13.246825,14.0068245,13.886825,13.996825,14.436825,14.966825,15.086825,14.946825,15.146825,15.466825,15.736825,15.926825,15.686825,15.156825,15.106825,15.456825,15.426825,15.126825,15.286825,15.766825,15.596825,15.276825,15.026825,15.146825,15.296825,15.486825,15.476825,15.536825,15.726825,15.696825,15.536825,15.656825,15.886825,15.906825,15.766825,15.426825
