UV_10m_small_gfs.t12z.pgrb2.0p25.f039.json
{"header": { "discipline":0, "disciplineName":"Meteorological products", "gribEdition":2, "gribLength":17311, "center":7, "centerName":"US National Weather Service - NCEP(WMC)", "subcenter":0, "refTime":"2023-03-21T12:00:00.000Z", "significanceOfRT":1, "significanceOfRTName":"Start of forecast", "productStatus":0, "productStatusName":"Operational products", "productType":1, "productTypeName":"Forecast products", "productDefinitionTemplate":0, "productDefinitionTemplateName":"Analysis/forecast at horizontal level/layer at a point in time", "parameterCategory":2, "parameterCategoryName":"Momentum", "parameterNumber":3, "parameterNumberName":"V-component_of_wind", "parameterUnit":"m.s-1", "genProcessType":2, "genProcessTypeName":"Forecast", "forecastTime":39, "surface1Type":103, "surface1TypeName":"Specified height level above ground", "surface1Value":10.0, "surface2Type":255, "surface2TypeName":"Missing", "surface2Value":0.0, "gridDefinitionTemplate":0, "gridDefinitionTemplateName":"Latitude_Longitude", "numberPoints":11421, "shape":6, "shapeName":"Earth spherical with radius of 6,371,229.0 m", "gridUnits":"degrees", "resolution":48, "winds":"true", "scanMode":64, "nx":141, "ny":81, "basicAngle":0, "lo1":210.0, "la1":30.0, "lo2":245.0, "la2":50.0, "dx":0.25, "dy":0.25 }, "data":
[rows 0 to 25 of 81, columns 0 to 58 of 141]
2.914253,2.5742528,2.264253,2.0542529,1.9942529,2.0542529,1.934253,1.694253,1.3642529,1.324253,1.2842529,1.074253,1.1042529,1.194253,0.9442529,0.66425294,0.5042529,0.36425292,0.24425294,0.23425293,0.21425293,0.06425293,0.03425293,-0.0057470705,-0.45574707,-0.5057471,-0.7557471,-1.045747,-1.1057471,-1.4857471,-1.4657471,-1.7657471,-2.075747,-1.805747,-2.1457472,-2.245747,-2.135747,-2.835747,-4.8357472,-4.3357472,-3.625747,-3.835747,-3.485747,-3.745747,-3.785747,-4.215747,-4.435747,-4.625747,-4.8157473,-4.855747,-5.075747,-5.235747,-5.415747,-5.305747,-5.655747,-6.0257473,-6.055747,-5.925747,-5.915747
2.904253,2.8342528,2.7942529,2.624253,2.2942529,2.134253,1.964253,1.6642529,1.434253,1.454253,1.2242529,0.78425294,0.64425296,0.8042529,0.90425295,0.6742529,0.30425292,-0.04574707,-0.07574707,-0.01574707,-0.07574707,-0.26574707,-0.44574708,-0.31574708,-0.37574708,-0.8257471,-0.9957471,-1.2057471,-1.2057471,-1.4557471,-1.7357471,-1.435747,-2.005747,-2.095747,-1.9757471,-2.035747,-2.275747,-2.9057472,-4.8357472,-4.485747,-3.515747,-3.6757472,-3.4457471,-4.255747,-3.9357471,-4.055747,-4.235747,-4.505747,-4.5257473,-4.575747,-4.725747,-4.655747,-4.8357472,-4.925747,-4.905747,-5.195747,-5.445747,-5.555747,-5.625747
3.014253,2.8342528,2.5742528,2.444253,2.504253,2.264253,1.9842529,1.944253,2.144253,1.954253,1.5342529,1.1442529,0.7342529,0.42425293,0.25425294,0.20425293,0.26425293,0.35425293,0.23425293,-0.105747074,-0.39574707,-0.42574707,-0.70574707,-0.95574707,-0.6957471,-0.7557471,-0.8657471,-0.96574706,-1.425747,-1.325747,-1.785747,-2.095747,-2.235747,-2.375747,-2.065747,-1.945747,-2.3957472,-2.985747,-4.285747,-4.3157473,-2.9557471,-3.555747,-3.465747,-3.9557471,-4.0257473,-3.975747,-4.125747,-4.445747,-4.625747,-4.575747,-4.375747,-4.455747,-4.705747,-4.915747,-4.865747,-4.955747,-5.135747,-5.2957473,-5.425747
2.5942528,2.114253,1.9042529,2.124253,2.234253,2.0642529,1.844253,1.7842529,1.5042529,1.574253,2.174253,1.804253,1.714253,1.0442529,0.15425293,-0.38574708,-0.37574708,-0.19574708,-0.33574706,-0.52574706,-0.5157471,-0.7457471,-0.78574705,-0.64574707,-0.7357471,-0.8257471,-1.1357471,-1.0157471,-1.425747,-1.8757471,-2.085747,-2.255747,-2.235747,-2.505747,-2.6857471,-2.355747,-2.2057471,-2.535747,-3.755747,-4.765747,-3.6857471,-3.855747,-3.265747,-3.7057471,-3.845747,-3.805747,-4.215747,-4.465747,-4.465747,-4.645747,-4.635747,-4.625747,-4.715747,-5.0657473,-5.175747,-5.215747,-5.225747,-5.155747,-5.185747
2.0642529,2.1042528,2.444253,2.434253,2.234253,2.1042528,1.964253,1.444253,0.6142529,0.04425293,1.2342529,1.7942529,1.924253,1.7442529,1.214253,0.32425293,0.21425293,-0.05574707,-0.32574707,-0.53574705,-0.64574707,-0.7657471,-0.7557471,-0.72574705,-0.84574705,-1.1057471,-1.295747,-1.3657471,-1.565747,-1.815747,-2.055747,-2.1757472,-2.075747,-2.4057472,-2.735747,-3.235747,-2.835747,-3.075747,-3.775747,-4.645747,-4.455747,-3.9157472,-3.115747,-3.465747,-3.985747,-3.9357471,-3.9457471,-4.225747,-4.5457473,-4.605747,-4.765747,-5.195747,-5.0457473,-5.185747,-5.365747,-5.435747,-5.655747,-5.625747,-5.415747
2.264253,2.3542528,2.164253,1.9042529,1.964253,2.004253,1.9742529,1.674253,1.1342529,0.5542529,0.07425293,-0.07574707,1.584253,0.9842529,0.8842529,0.84425294,0.91425294,0.60425293,0.29425293,-0.02574707,-0.5657471,-0.70574707,-0.60574704,-0.72574705,-0.90574706,-1.1257471,-1.5157471,-1.6157471,-1.815747,-1.8857471,-1.805747,-2.005747,-2.105747,-2.465747,-3.095747,-2.965747,-2.965747,-3.355747,-4.255747,-4.975747,-4.255747,-2.985747,-2.725747,-3.4157472,-3.815747,-4.055747,-4.255747,-4.0657473,-4.2757473,-4.375747,-4.505747,-4.655747,-4.855747,-5.015747,-5.375747,-5.5657473,-5.665747,-5.7957473,-5.445747
2.3342528,2.014253,1.6642529,1.6342529,1.7442529,1.7742529,1.6442529,1.5342529,1.2442529,0.77425295,0.24425294,-0.27574706,-0.105747074,0.20425293,0.17425293,0.16425294,0.25425294,0.58425295,0.85425293,0.23425293,-0.30574706,-0.91574705,-0.9957471,-1.1057471,-1.0057471,-1.0957471,-1.4557471,-1.815747,-1.7757471,-1.915747,-2.015747,-2.355747,-2.625747,-2.3957472,-2.6557472,-2.735747,-2.775747,-3.515747,-4.285747,-3.875747,-5.115747,-3.615747,-3.105747,-3.735747,-3.725747,-4.365747,-4.865747,-4.655747,-4.205747,-4.145747,-4.2757473,-4.395747,-4.745747,-5.215747,-5.225747,-5.435747,-5.495747,-5.655747,-5.645747
2.494253,2.0642529,1.9742529,2.004253,1.924253,1.6242529,1.2742529,0.97425294,0.96425295,0.85425293,0.58425295,0.30425292,-0.0057470705,-0.20574707,-0.40574706,-0.6857471,-0.58574706,-0.18574707,0.13425294,-0.24574707,-0.39574707,-0.44574708,-0.64574707,-1.2057471,-1.3857471,-1.195747,-1.2657471,-1.4857471,-1.675747,-1.945747,-2.025747,-2.025747,-2.305747,-2.865747,-2.9057472,-2.635747,-2.6757472,-3.6857471,-4.705747,-5.055747,-4.265747,-3.9457471,-3.835747,-3.785747,-3.9257472,-3.9057472,-4.095747,-4.375747,-4.475747,-4.385747,-4.575747,-4.435747,-4.665747,-4.885747,-4.925747,-5.0857472,-5.285747,-5.425747,-5.5857472
2.534253,2.224253,2.214253,2.0942528,1.704253,1.1642529,0.9342529,0.79425293,0.71425295,0.59425294,0.37425292,-0.01574707,-0.39574707,-0.47574708,-0.38574708,-1.155747,-0.9857471,-1.175747,-1.1157471,-0.97574705,-0.9357471,-0.8257471,-0.89574707,-1.0257471,-1.415747,-1.695747,-1.3957471,-1.0957471,-1.045747,-1.3757471,-1.8557471,-2.1657472,-2.265747,-2.525747,-2.995747,-3.295747,-3.315747,-3.765747,-4.655747,-5.345747,-4.0657473,-4.465747,-4.175747,-3.715747,-3.6657472,-3.6657472,-3.735747,-4.0657473,-4.505747,-4.755747,-4.955747,-4.935747,-4.985747,-4.905747,-4.985747,-5.015747,-5.125747,-5.345747,-5.475747
2.0642529,2.214253,2.014253,1.8742529,1.2742529,0.90425295,0.78425294,0.5042529,0.5742529,0.40425292,0.08425293,0.04425293,-0.17574707,-0.105747074,-0.16574708,-0.8657471,-0.72574705,-1.0157471,-0.7457471,-1.035747,-1.3457471,-1.425747,-1.5057471,-1.4557471,-1.5857471,-1.5857471,-1.575747,-1.305747,-1.0057471,-1.185747,-1.5957471,-1.9657471,-2.385747,-2.6957471,-3.065747,-3.335747,-3.605747,-3.875747,-4.455747,-4.635747,-4.785747,-4.305747,-3.865747,-3.615747,-3.515747,-3.785747,-3.795747,-4.0257473,-4.345747,-4.685747,-5.155747,-5.0457473,-4.735747,-4.735747,-4.975747,-5.255747,-5.145747,-5.2757473,-5.555747
1.3642529,1.584253,1.9042529,1.9042529,1.714253,1.4842529,1.0442529,0.6142529,0.30425292,0.14425293,0.39425293,0.35425293,0.37425292,0.39425293,0.13425294,-0.23574707,-0.59574705,-0.47574708,-0.60574704,-0.70574707,-1.045747,-1.285747,-1.5257471,-1.7257471,-1.7757471,-1.7757471,-1.815747,-1.935747,-1.825747,-1.825747,-1.8657471,-2.105747,-2.545747,-2.825747,-2.865747,-3.025747,-3.295747,-3.615747,-3.9257472,-4.665747,-4.615747,-4.285747,-3.755747,-3.595747,-3.475747,-3.4357471,-3.6957471,-3.795747,-3.985747,-4.325747,-5.0257473,-5.385747,-5.215747,-5.105747,-4.925747,-5.175747,-5.395747,-5.195747,-5.285747
0.6742529,0.9442529,1.054253,1.1342529,1.344253,1.2242529,0.9242529,0.52425295,0.46425292,0.27425292,0.14425293,0.0042529297,-0.18574707,-0.39574707,-0.5557471,-0.9257471,-0.8857471,-0.48574707,-0.39574707,-0.31574708,-0.44574708,-0.84574705,-1.195747,-1.575747,-1.8457471,-2.075747,-1.9957471,-2.035747,-2.025747,-2.045747,-1.8857471,-1.7657471,-1.805747,-2.1657472,-2.495747,-2.735747,-3.035747,-3.4457471,-3.735747,-3.965747,-4.5257473,-4.495747,-4.425747,-4.205747,-3.885747,-3.6857471,-3.235747,-2.6557472,-2.755747,-3.495747,-4.375747,-5.015747,-5.125747,-5.255747,-5.255747,-5.075747,-5.355747,-5.595747,-5.375747
0.49425292,-0.03574707,-0.04574707,0.26425293,0.41425294,0.37425292,0.25425294,0.16425294,0.22425292,-0.16574708,-0.6957471,-1.2157471,-1.5257471,-1.4557471,-1.4657471,-1.285747,-1.325747,-0.9357471,-0.6957471,-0.46574706,-0.27574706,-0.47574708,-0.83574706,-0.95574707,-1.2157471,-1.5957471,-1.7457471,-1.785747,-1.9757471,-2.075747,-2.295747,-2.065747,-1.8357471,-1.7657471,-2.275747,-2.6457472,-2.6557472,-2.9257472,-3.615747,-3.875747,-3.8957472,-4.425747,-4.855747,-5.055747,-4.905747,-4.905747,-4.735747,-3.6857471,-2.6957471,-2.9157472,-3.4557471,-3.995747,-4.495747,-4.665747,-4.925747,-5.005747,-5.055747,-5.2757473,-5.5257473
0.89425296,0.46425292,0.26425293,0.19425292,0.08425293,0.08425293,0.10425293,0.05425293,-0.19574708,-0.32574707,-0.49574706,-0.8157471,-0.9957471,-0.9857471,-1.4757471,-1.3857471,-2.115747,-1.2657471,-0.07574707,-0.64574707,-0.41574708,-0.07574707,-0.16574708,-0.31574708,-0.31574708,-0.54574704,-1.0857471,-1.3657471,-1.5957471,-1.8357471,-1.945747,-1.925747,-1.915747,-2.125747,-2.595747,-2.8957472,-2.975747,-2.9057472,-2.965747,-3.315747,-3.745747,-4.115747,-4.445747,-4.975747,-5.3357472,-5.305747,-5.605747,-5.675747,-4.475747,-3.965747,-3.585747,-3.4357471,-3.535747,-3.865747,-4.2757473,-4.575747,-4.735747,-4.965747,-5.385747
0.8742529,0.84425294,0.45425293,-0.01574707,0.06425293,0.41425294,0.37425292,-0.03574707,-0.43574706,-1.045747,-1.2457471,-1.0857471,-1.175747,-1.545747,-1.9957471,-1.8957471,-2.115747,-1.8657471,-1.1157471,-0.12574707,0.05425293,0.0042529297,0.05425293,0.01425293,-0.06574707,-0.22574706,-0.54574704,-1.0157471,-1.3457471,-1.5957471,-1.7457471,-1.6257471,-1.4857471,-1.405747,-1.815747,-2.225747,-2.745747,-3.125747,-3.375747,-3.475747,-3.225747,-3.305747,-3.6957471,-4.0857472,-4.435747,-4.945747,-5.2757473,-5.405747,-5.575747,-5.865747,-5.415747,-4.015747,-3.625747,-3.865747,-3.9357471,-4.185747,-4.375747,-4.535747,-4.945747
0.64425296,0.10425293,-0.38574708,-0.58574706,-0.32574707,0.6742529,0.7542529,0.28425294,-0.19574708,-0.9457471,-1.065747,-0.47574708,0.42425293,-0.9457471,-1.945747,-2.325747,-2.515747,-2.835747,-2.625747,-2.085747,-0.28574708,0.28425294,-0.07574707,-0.07574707,-0.26574707,-0.5657471,-0.8057471,-1.0057471,-1.195747,-1.405747,-1.5857471,-1.7457471,-1.8657471,-1.6257471,-1.0957471,-1.5057471,-1.7757471,-2.275747,-2.755747,-3.1557472,-3.335747,-3.485747,-3.4457471,-3.4557471,-3.605747,-3.8957472,-4.285747,-4.535747,-4.965747,-5.215747,-5.415747,-5.035747,-4.2757473,-3.985747,-3.795747,-3.9457471,-4.135747,-4.155747,-4.285747
0.90425295,0.45425293,-0.02574707,-0.6857471,-0.35574707,0.70425296,0.8742529,0.45425293,-0.70574707,-0.6157471,-1.0257471,-0.89574707,0.08425293,-0.95574707,-1.8957471,-2.4357471,-2.835747,-2.855747,-2.775747,-2.6657472,-2.1757472,-0.5657471,-0.11574707,-0.42574707,-0.19574708,-0.32574707,-0.6257471,-0.85574704,-0.9957471,-1.2057471,-1.3457471,-1.3957471,-1.4957471,-1.7657471,-1.4557471,-0.8057471,-1.425747,-1.7257471,-2.015747,-2.4457471,-2.9257472,-3.325747,-3.515747,-3.575747,-3.785747,-3.785747,-3.875747,-4.0857472,-4.185747,-4.605747,-4.885747,-5.055747,-4.885747,-4.735747,-4.105747,-3.765747,-3.965747,-4.435747,-4.495747
1.2742529,0.66425294,-0.07574707,0.0042529297,0.40425292,1.0342529,1.6242529,1.0442529,-0.36574706,-0.53574705,-0.52574706,-0.7357471,-1.2057471,-1.7257471,-2.055747,-2.325747,-2.485747,-2.585747,-2.565747,-2.535747,-2.4557471,-2.085747,-1.1057471,-0.9857471,-1.315747,-1.315747,-0.85574704,-0.5657471,-0.8657471,-1.185747,-1.535747,-1.785747,-1.805747,-1.4557471,-1.555747,-1.3457471,-0.58574706,-1.155747,-1.4557471,-1.665747,-2.3957472,-3.025747,-3.525747,-3.6657472,-3.865747,-4.165747,-4.145747,-4.095747,-4.175747,-4.2757473,-4.435747,-4.595747,-4.735747,-4.965747,-5.235747,-5.285747,-4.675747,-4.005747,-4.345747
1.3942529,0.6842529,0.23425293,-0.30574706,-0.8057471,-0.96574706,-0.78574705,-0.71574706,-0.9357471,-1.3757471,-1.7557471,-2.1457472,-2.055747,-1.8857471,-2.005747,-2.255747,-2.535747,-2.795747,-2.725747,-2.535747,-2.335747,-2.325747,-2.365747,-2.505747,-2.7057471,-2.845747,-3.1757472,-2.9057472,-2.315747,-2.065747,-2.1657472,-1.945747,-1.7257471,-1.925747,-2.1557472,-2.285747,-1.555747,-0.48574707,-0.6757471,-1.1157471,-1.9557471,-2.6657472,-3.215747,-3.6857471,-4.005747,-4.105747,-4.185747,-4.2957473,-4.415747,-4.445747,-4.325747,-4.505747,-4.745747,-4.665747,-4.825747,-4.825747,-4.785747,-4.055747,-3.795747
0.70425296,-0.08574707,-0.8757471,-1.2157471,-1.3857471,-1.555747,-1.6157471,-1.575747,-1.665747,-1.905747,-2.055747,-2.085747,-1.9857471,-2.035747,-1.9657471,-2.125747,-2.6557472,-2.985747,-3.045747,-3.065747,-3.015747,-2.835747,-2.835747,-2.975747,-3.245747,-3.325747,-3.335747,-3.355747,-3.315747,-3.135747,-3.115747,-3.245747,-2.245747,-1.6057471,-1.5057471,-1.925747,-2.115747,-1.545747,-1.1157471,-0.6357471,-1.185747,-1.8557471,-2.475747,-2.9457471,-3.355747,-3.6857471,-3.825747,-4.015747,-4.265747,-4.485747,-4.575747,-4.355747,-4.395747,-4.635747,-4.725747,-4.5657473,-4.615747,-4.225747,-3.9357471
-0.52574706,-0.6357471,-0.6757471,-1.045747,-1.535747,-1.6257471,-1.3457471,-1.3557471,-1.3657471,-1.5257471,-1.655747,-1.805747,-2.115747,-2.535747,-2.335747,-2.245747,-2.8957472,-3.1757472,-3.085747,-3.085747,-3.215747,-3.1757472,-3.1657472,-3.2057471,-3.1757472,-3.085747,-3.255747,-3.225747,-2.835747,-2.845747,-3.285747,-4.0257473,-3.815747,-2.535747,-1.815747,-1.5057471,-1.305747,-1.555747,-1.5957471,-1.0957471,-0.38574708,-0.60574704,-1.155747,-1.685747,-2.085747,-2.6857471,-3.215747,-3.465747,-3.865747,-4.285747,-4.485747,-4.425747,-4.355747,-4.365747,-4.5257473,-4.505747,-4.155747,-4.455747,-4.325747
-0.13574708,-0.20574707,-0.58574706,-1.0157471,-1.195747,-1.2257471,-1.3457471,-1.3757471,-1.295747,-1.305747,-1.3457471,-1.825747,-2.105747,-2.4257472,-2.6557472,-2.4057472,-2.9257472,-3.1957471,-3.2057471,-3.055747,-3.045747,-3.1557472,-3.245747,-3.525747,-3.625747,-3.545747,-3.6457472,-3.765747,-3.625747,-2.975747,-2.825747,-3.6557472,-4.175747,-3.485747,-2.6857471,-2.135747,-1.6457471,-1.6357471,-1.815747,-1.685747,-1.1257471,-0.8657471,-0.79574704,-0.90574706,-1.1457471,-1.565747,-2.125747,-2.585747,-3.025747,-3.525747,-3.9557471,-4.245747,-4.235747,-4.2957473,-4.3357472,-4.215747,-4.125747,-4.0457473,-4.255747
-0.01574707,-0.15574707,-0.64574707,-1.075747,-1.2157471,-1.325747,-1.2357471,-1.165747,-1.1457471,-1.295747,-1.565747,-1.925747,-2.225747,-2.335747,-2.6857471,-3.1557472,-3.3957472,-3.345747,-3.4057472,-3.235747,-3.1457472,-3.1757472,-3.335747,-3.785747,-4.095747,-4.125747,-4.465747,-4.895747,-5.215747,-4.965747,-4.075747,-4.0857472,-4.375747,-4.235747,-3.795747,-3.4457471,-2.985747,-2.7057471,-2.715747,-2.6857471,-2.715747,-2.595747,-1.905747,-1.2257471,-0.9957471,-1.055747,-1.315747,-1.815747,-2.475747,-2.975747,-3.285747,-3.585747,-3.775747,-3.9057472,-4.015747,-4.165747,-4.105747,-3.9057472,-4.135747
-0.26574707,-0.58574706,-0.6357471,-0.91574705,-0.9357471,-0.8657471,-0.96574706,-1.4957471,-1.3857471,-1.555747,-1.7257471,-2.2057471,-2.4457471,-2.715747,-2.9257472,-3.1657472,-3.1757472,-3.275747,-3.355747,-3.515747,-3.6857471,-3.585747,-3.515747,-3.635747,-3.9157472,-4.115747,-4.705747,-5.205747,-5.465747,-5.655747,-5.715747,-5.495747,-5.5457473,-5.2757473,-5.105747,-5.0657473,-4.935747,-4.445747,-4.005747,-3.885747,-3.965747,-4.035747,-3.595747,-2.065747,-1.4757471,-1.6357471,-1.665747,-1.8657471,-2.305747,-2.755747,-3.005747,-3.095747,-3.245747,-3.225747,-3.385747,-3.6657472,-3.8957472,-3.845747,-3.835747
-0.02574707,-0.27574706,-0.48574707,-0.83574706,-0.83574706,-0.84574705,-1.295747,-2.065747,-2.1557472,-2.215747,-2.1757472,-2.495747,-2.715747,-2.885747,-3.075747,-3.255747,-3.315747,-3.235747,-3.295747,-3.745747,-4.0257473,-4.015747,-4.265747,-4.285747,-4.105747,-3.965747,-4.3357472,-4.8357472,-5.235747,-5.515747,-5.655747,-5.825747,-6.165747,-6.285747,-6.035747,-5.615747,-5.245747,-5.165747,-5.155747,-5.075747,-5.0657473,-4.925747,-4.375747,-3.7057471,-2.805747,-2.3957472,-2.325747,-2.465747,-2.7057471,-2.805747,-2.725747,-2.605747,-2.595747,-2.625747,-2.635747,-2.6957471,-3.045747,-3.355747,-3.4157472
0.38425294,0.32425293,0.03425293,-0.53574705,-1.155747,-1.555747,-2.045747,-2.325747,-2.4357471,-2.365747,-2.235747,-2.245747,-2.4557471,-2.635747,-2.725747,-2.6557472,-2.795747,-3.1457472,-3.515747,-3.735747,-3.845747,-4.115747,-4.575747,-4.715747,-4.705747,-4.615747,-4.365747,-4.405747,-4.785747,-5.245747,-5.5257473,-5.685747,-5.985747,-6.245747,-6.3157473,-6.255747,-5.875747,-5.415747,-5.495747,-5.485747,-5.375747,-5.185747,-5.035747,-4.905747,-4.255747,-3.4557471,-3.275747,-3.105747,-3.4057472,-3.735747,-3.385747,-2.9157472,-2.095747,-1.925747,-2.265747,-2.325747,-2.1757472,-2.505747,-2.815747
