UV_10m_small_gfs.t12z.pgrb2.0p25.f012.json
{"header": { "discipline":0, "disciplineName":"Meteorological products", "gribEdition":2, "gribLength":17311, "center":7, "centerName":"US National Weather Service - NCEP(WMC)", "subcenter":0, "refTime":"2023-03-21T12:00:00.000Z", "significanceOfRT":1, "significanceOfRTName":"Start of forecast", "productStatus":0, "productStatusName":"Operational products", "productType":1, "productTypeName":"Forecast products", "productDefinitionTemplate":0, "productDefinitionTemplateName":"Analysis/forecast at horizontal level/layer at a point in time", "parameterCategory":2, "parameterCategoryName":"Momentum", "parameterNumber":2, "parameterNumberName":"U-component_of_wind", "parameterUnit":"m.s-1", "genProcessType":2, "genProcessTypeName":"Forecast", "forecastTime":12, "surface1Type":103, "surface1TypeName":"Specified height level above ground", "surface1Value":10.0, "surface2Type":255, "surface2TypeName":"Missing", "surface2Value":0.0, "gridDefinitionTemplate":0, "gridDefinitionTemplateName":"Latitude_Longitude", "numberPoints":11421, "shape":6, "shapeName":"Earth spherical with radius of 6,371,229.0 m", "gridUnits":"degrees", "resolution":48, "winds":"true", "scanMode":64, "nx":141, "ny":81, "basicAngle":0, "lo1":210.0, "la1":30.0, "lo2":245.0, "la2":50.0, "dx":0.25, "dy":0.25 }, "data":
[rows 0 to 26 of 81, columns 61 to 121 of 141]
5.716333,6.106333,6.536333,6.846333,7.396333,7.676333,8.006333,8.546333,9.106333,9.156333,9.036333,9.396333,9.206333,9.146333,9.206333,9.466333,9.406333,9.306333,9.156333,10.376333,10.936333,10.916333,11.276333,11.486333,11.656333,12.516333,13.546333,14.036333,14.796333,15.096333,14.996333,15.396333,15.646333,15.166333,15.006333,15.276333,15.236333,15.016333,14.556333,14.726333,14.786333,14.816333,14.766333,14.796333,14.806333,14.896333,14.776333,14.616333,14.726333,14.686333,13.826333,13.546333,12.976333,13.176333,12.966333,12.536333,12.756333,12.926333,13.286333,12.866333,12.206333
6.336333,6.796333,7.326333,7.736333,8.216333,8.486333,8.726333,9.136333,9.496333,10.176333,9.236333,8.986333,8.886333,9.746333,10.376333,10.136333,10.046333,9.576333,9.146333,10.196333,11.166333,11.096333,11.466333,11.686333,12.266333,13.016333,13.866333,13.836333,14.506333,14.826333,15.016333,15.186333,15.356333,15.226333,14.996333,15.096333,15.106333,14.956333,14.646333,14.556333,14.246333,14.206333,14.466333,14.856333,14.886333,14.716333,14.626333,14.486333,14.286333,14.616333,14.436333,14.046333,13.976333,13.556333,13.426333,12.976333,12.516333,12.686333,13.056333,12.906333,12.286333
6.816333,7.446333,7.866333,7.866333,8.536333,8.926333,9.106333,9.766333,9.916333,9.906333,9.976333,10.076333,9.506333,10.256333,11.016333,10.386333,10.006333,10.426333,10.146333,9.926333,10.966333,10.986333,10.916333,11.166333,12.366333,12.976333,13.986333,13.956333,14.086333,14.396333,14.436333,14.966333,14.716333,14.916333,15.266333,14.886333,14.376333,14.796333,14.706333,14.506333,13.946333,13.596333,14.186333,14.896333,14.716333,14.376333,14.476333,14.626333,14.516333,14.386333,14.446333,14.476333,14.436333,13.896333,13.626333,13.236333,12.666333,12.506333,12.676333,12.616333,12.446333
7.266333,7.476333,8.046333,8.226333,8.666333,9.356333,10.246333,10.116333,10.266333,10.126333,10.696333,11.246333,10.326333,10.396333,11.066333,10.356333,10.636333,10.786333,10.556333,9.666333,10.186333,10.986333,10.816333,11.416333,12.226333,12.476333,14.116333,13.606333,12.956333,14.086333,14.436333,14.466333,14.336333,13.726333,13.916333,14.326333,14.006333,14.446333,14.466333,13.756333,13.566333,13.496333,14.036333,14.716333,14.626333,14.376333,14.726333,14.826333,14.816333,14.886333,14.876333,14.596333,14.776333,14.416333,14.206333,13.556333,12.956333,12.806333,12.606333,12.456333,12.176333
7.326333,7.626333,7.856333,8.536333,9.196333,9.306333,10.156333,10.546333,9.806333,10.706333,11.056333,11.296333,9.736333,10.516333,11.276333,11.526333,11.246333,10.946333,10.546333,9.926333,10.516333,11.356333,10.476333,11.516333,11.786333,12.906333,13.126333,11.416333,12.286333,14.366333,15.166333,14.596333,13.926333,13.316333,13.376333,13.606333,13.896333,14.226333,14.086333,13.436333,13.176333,13.836333,14.126333,14.606333,14.496333,14.606333,14.986333,15.036333,15.026333,15.156333,15.236333,14.906333,15.006333,14.696333,14.276333,13.996333,13.326333,12.816333,12.496333,12.166333,11.756333
7.396333,7.606333,8.346333,8.996333,8.706333,8.076333,7.706333,8.816333,9.806333,10.076333,10.526333,10.666333,10.576333,10.656333,11.116333,11.666333,11.596333,10.406333,9.966333,10.486333,10.966333,10.476333,10.466333,10.136333,10.346333,10.786333,10.586333,11.346333,12.636333,13.406333,15.226333,15.276333,14.026333,13.596333,13.786333,13.666333,13.436333,13.746333,13.566333,13.556333,13.686333,13.976333,14.296333,14.646333,14.896333,14.826333,14.896333,14.896333,14.836333,14.726333,14.986333,15.096333,14.986333,14.636333,13.966333,13.576333,13.486333,13.196333,12.896333,12.116333,11.676333
7.786333,8.206333,9.216333,8.396333,6.776333,6.586333,7.626333,8.996333,9.436333,8.766333,8.906333,9.636333,10.696333,10.946333,11.216333,11.276333,11.086333,10.616333,10.566333,10.606333,10.636333,10.796333,10.586333,11.366333,11.766333,10.526333,11.196333,11.906333,11.186333,11.856333,13.426333,13.646333,13.646333,13.986333,14.316333,14.016333,13.436333,13.216333,13.436333,13.586333,14.236333,14.706333,14.806333,14.746333,14.846333,14.886333,14.956333,14.716333,14.576333,14.556333,14.636333,14.796333,14.706333,14.376333,13.756333,13.346333,13.366333,13.286333,13.316333,12.546333,11.766333
8.556333,8.716333,8.886333,7.626333,7.346333,7.416333,7.736333,8.256333,7.896333,7.546333,8.376333,9.186333,10.056333,10.766333,11.006333,10.926333,10.876333,11.076333,11.076333,10.946333,10.256333,10.686333,10.986333,11.526333,10.306333,9.826333,10.426333,11.036333,11.186333,12.766333,11.666333,11.486333,11.776333,12.896333,14.236333,14.326333,13.796333,13.686333,13.266333,13.626333,14.426333,14.966333,15.116333,14.996333,14.816333,14.886333,14.866333,14.646333,14.546333,14.656333,14.616333,14.786333,14.616333,14.696333,14.326333,13.776333,13.296333,13.046333,13.106333,12.436333,11.276333
8.986333,8.456333,8.426333,8.096333,7.816333,7.586333,7.346333,7.986333,7.946333,7.756333,8.416333,9.096333,9.756333,10.236333,10.406333,10.686333,11.116333,11.576333,11.546333,11.026333,10.296333,11.066333,10.956333,10.456333,10.366333,10.016333,9.306333,10.346333,8.716333,9.196333,11.236333,11.806333,12.376333,11.756333,12.466333,13.736333,13.796333,13.726333,13.456333,13.296333,14.276333,15.266333,15.566333,15.496333,15.286333,14.996333,15.096333,15.066333,14.936333,14.916333,14.366333,14.316333,14.166333,14.286333,14.186333,13.786333,13.106333,12.896333,12.696333,12.536333,9.906333
8.396333,8.406333,8.716333,8.376333,8.026333,8.386333,8.276333,8.346333,8.366333,8.246333,8.696333,9.346333,9.706333,9.986333,10.476333,10.996333,11.376333,11.776333,12.026333,11.276333,11.076333,11.766333,12.066333,12.146333,11.866333,11.166333,10.416333,9.796333,7.176333,7.596333,11.026333,12.846333,13.276333,13.026333,11.106333,11.436333,12.646333,13.106333,13.476333,13.946333,13.936333,15.266333,16.316334,16.036333,15.526333,15.196333,15.336333,15.346333,14.766333,14.446333,14.566333,14.476333,14.656333,14.666333,14.536333,13.826333,12.856333,12.636333,12.166333,12.216333,10.226333
8.006333,8.696333,8.756333,8.886333,8.516333,9.006333,9.216333,9.216333,9.246333,9.466333,9.696333,10.326333,10.646333,10.586333,10.756333,11.126333,11.576333,12.016333,12.056333,11.886333,11.636333,12.386333,12.036333,11.216333,10.936333,10.696333,10.226333,10.326333,6.846333,7.246333,11.086333,12.046333,12.056333,12.646333,11.086333,11.196333,11.776333,12.526333,12.696333,12.306333,11.636333,13.636333,15.746333,15.546333,15.366333,15.166333,14.836333,14.556333,14.666333,14.956333,15.106333,14.896333,14.346333,14.316333,14.466333,13.786333,13.036333,12.746333,12.346333,11.716333,10.636333
7.936333,8.556333,8.806333,9.106333,9.106333,9.166333,9.776333,10.016333,9.986333,10.026333,10.366333,10.536333,10.716333,10.816333,10.866333,11.176333,11.726333,12.246333,12.596333,12.316333,12.246333,11.926333,11.466333,11.546333,11.416333,11.086333,10.556333,10.166333,9.786333,9.506333,10.736333,12.156333,11.806333,10.566333,10.546333,11.376333,12.356333,12.756333,13.486333,13.466333,13.086333,13.946333,14.496333,14.156333,14.936333,15.346333,14.766333,14.966333,15.176333,14.326333,13.816333,13.586333,13.586333,13.236333,13.626333,13.776333,13.306333,12.816333,12.606333,11.916333,10.666333
7.606333,8.096333,8.786333,9.196333,9.586333,9.726333,9.796333,10.236333,10.376333,10.406333,10.516333,10.736333,10.876333,11.006333,11.166333,11.536333,12.066333,12.566333,12.886333,12.626333,12.536333,12.146333,11.966333,11.776333,11.186333,11.686333,11.886333,11.146333,10.056333,9.776333,10.506333,9.956333,10.746333,10.896333,10.196333,10.196333,10.806333,10.426333,11.266333,11.626333,11.886333,12.136333,13.256333,14.046333,14.316333,14.526333,14.816333,14.726333,14.616333,14.396333,14.036333,13.636333,13.436333,13.496333,13.956333,14.166333,13.816333,13.146333,12.636333,11.446333,10.276333
7.886333,8.406333,9.036333,9.296333,9.656333,9.916333,10.016333,10.166333,10.586333,10.976333,11.116333,11.136333,11.206333,11.336333,11.656333,12.016333,12.376333,12.656333,12.846333,12.656333,12.636333,12.526333,12.236333,11.506333,11.766333,11.756333,11.456333,11.116333,11.356333,12.146333,12.156333,11.886333,12.226333,11.976333,10.956333,11.316333,10.976333,11.206333,11.466333,12.026333,12.046333,11.676333,11.566333,12.976333,13.866333,13.936333,14.226333,14.366333,13.736333,14.066333,14.356333,14.186333,13.426333,13.196333,13.426333,13.426333,13.326333,12.916333,11.956333,10.826333,9.436333
8.286333,8.746333,9.276333,9.436333,9.996333,10.186333,10.096333,10.366333,10.636333,11.056333,11.366333,11.586333,11.666333,11.866333,12.186333,12.456333,12.716333,12.886333,13.066333,13.006333,12.766333,12.526333,12.306333,12.106333,12.016333,11.966333,12.126333,12.376333,12.636333,12.446333,12.256333,12.066333,11.846333,11.766333,11.266333,11.736333,11.776333,12.146333,12.516333,12.036333,12.126333,12.246333,11.956333,11.426333,11.516333,11.746333,11.966333,12.416333,10.196333,11.776333,15.036333,14.876333,14.106333,13.266333,12.426333,12.276333,12.436333,11.836333,11.386333,10.696333,9.716333
8.386333,8.956333,9.666333,9.946333,10.246333,10.566333,10.496333,10.786333,10.976333,11.176333,11.376333,11.596333,11.836333,12.306333,12.706333,12.896333,12.996333,13.096333,13.236333,13.126333,12.666333,12.536333,12.706333,12.416333,12.216333,12.346333,12.796333,12.816333,12.656333,12.406333,12.396333,12.706333,12.856333,12.756333,12.036333,12.116333,11.886333,12.666333,12.596333,11.966333,12.486333,12.376333,11.586333,11.486333,11.596333,11.516333,11.686333,11.196333,9.446333,10.216333,13.976333,14.656333,12.936333,12.426333,11.836333,11.116333,10.586333,10.296333,10.596333,10.116333,9.486333
8.796333,9.376333,9.776333,10.206333,10.166333,10.256333,10.236333,11.296333,11.276333,11.326333,11.386333,11.496333,11.936333,12.496333,12.916333,13.186333,13.336333,13.386333,13.426333,13.096333,12.756333,12.846333,12.746333,12.766333,12.756333,13.136333,13.326333,13.236333,13.136333,12.926333,12.966333,12.936333,13.146333,13.236333,12.856333,12.506333,12.476333,12.966333,12.556333,12.496333,12.916333,12.376333,12.246333,12.266333,12.306333,12.146333,11.686333,12.146333,11.576333,11.896333,11.736333,11.446333,11.306333,11.426333,11.676333,11.076333,10.396333,10.336333,9.886333,8.526333,5.846333
8.336333,8.816333,9.296333,9.466333,9.076333,9.326333,9.796333,10.456333,10.756333,10.756333,11.206333,11.616333,11.886333,12.246333,12.556333,12.926333,13.246333,13.416333,13.246333,13.026333,12.906333,12.986333,13.126333,13.326333,13.536333,13.916333,14.076333,13.936333,13.826333,13.676333,13.176333,13.126333,13.346333,13.606333,13.346333,13.236333,13.096333,13.196333,12.776333,13.196333,12.946333,12.196333,13.076333,13.386333,13.336333,13.146333,12.116333,11.546333,11.696333,11.316333,11.076333,10.666333,9.946333,10.346333,11.346333,10.476333,9.576333,9.756333,8.966333,7.176333,5.576333
8.106333,8.956333,9.346333,9.136333,8.956333,8.986333,9.146333,9.616333,9.526333,9.836333,10.766333,11.556333,11.806333,11.876333,12.156333,12.416333,12.726333,12.936333,12.846333,12.806333,12.916333,13.296333,13.656333,14.036333,14.306333,14.386333,14.326333,14.336333,14.446333,14.406333,14.106333,13.746333,13.636333,13.806333,13.686333,13.436333,13.426333,13.396333,13.256333,13.466333,13.676333,12.936333,13.836333,14.146333,13.816333,13.186333,12.896333,11.906333,11.166333,10.626333,10.486333,10.176333,9.256333,9.236333,10.656333,9.496333,8.306333,6.606333,4.976333,2.716333,2.106333
8.396333,8.906333,8.986333,8.486333,8.166333,8.556333,9.046333,9.666333,10.206333,10.266333,10.366333,10.756333,11.366333,11.686333,11.776333,11.936333,12.096333,12.306333,12.496333,12.756333,13.186333,13.716333,13.936333,14.016333,14.166333,14.296333,14.616333,14.716333,14.746333,14.656333,14.606333,14.426333,14.026333,13.856333,13.836333,13.876333,13.816333,13.766333,13.496333,14.046333,14.216333,13.386333,14.146333,13.826333,11.976333,11.126333,12.376333,13.266333,12.456333,11.546333,10.576333,9.836333,9.476333,8.806333,9.986333,8.466333,8.146333,5.366333,3.766333,2.396333,1.916333
8.156333,8.226333,8.366333,7.416333,6.836333,7.696333,8.446333,9.136333,9.736333,10.236333,10.396333,10.426333,10.596333,10.856333,11.116333,11.386333,11.656333,11.956333,12.426333,12.776333,13.286333,13.526333,13.196333,13.156333,13.606333,13.776333,14.066333,14.456333,14.716333,14.766333,14.686333,14.356333,14.386333,14.306333,14.166333,13.986333,13.916333,13.776333,13.846333,13.896333,14.086333,14.346333,14.616333,13.576333,12.446333,12.116333,12.796333,14.036333,14.186333,13.236333,11.826333,10.566333,9.716333,9.116333,9.216333,8.816333,8.826333,5.186333,4.206333,2.856333,1.346333
7.536333,6.956333,7.786333,6.296333,6.156333,7.146333,8.096333,8.786333,8.896333,8.926333,9.326333,9.606333,9.736333,10.036333,10.446333,10.716333,10.866333,11.096333,11.226333,10.936333,11.286333,11.836333,11.936333,12.066333,12.536333,13.266333,14.016333,14.836333,15.226333,15.046333,15.076333,14.866333,14.726333,14.426333,14.096333,13.656333,13.596333,13.656333,13.876333,14.496333,14.866333,14.626333,14.656333,13.746333,12.836333,13.106333,13.926333,14.386333,14.196333,13.386333,11.746333,10.336333,9.406333,8.936333,8.606333,7.836333,4.966333,2.696333,5.406333,4.216333,0.026333008
6.586333,5.906333,6.146333,4.406333,5.516333,6.236333,6.526333,6.676333,6.666333,6.816333,7.216333,7.696333,7.896333,8.436333,8.966333,9.126333,9.096333,8.716333,9.286333,10.256333,11.426333,12.136333,12.566333,13.276333,14.166333,14.856333,14.426333,14.446333,14.726333,14.506333,14.696333,14.286333,14.136333,13.696333,13.356333,13.016333,13.136333,13.316333,13.426333,13.246333,12.496333,12.406333,12.386333,12.786333,13.716333,12.816333,10.496333,11.056333,12.346333,12.776333,11.226333,9.816333,8.926333,8.766333,7.746333,5.966333,3.576333,3.9963331,9.076333,7.676333,0.406333
6.126333,6.066333,5.026333,3.636333,4.666333,4.126333,3.416333,3.296333,3.436333,3.806333,4.216333,4.676333,5.456333,6.416333,7.006333,7.336333,7.626333,8.686333,10.736333,11.456333,12.166333,13.226333,13.556333,12.486333,10.006333,6.956333,4.576333,3.926333,4.556333,5.356333,7.166333,8.726333,10.146333,10.726333,10.826333,10.716333,10.016333,10.236333,11.216333,11.936333,12.836333,13.196333,13.296333,14.576333,13.956333,10.676333,9.806333,10.696333,10.356333,11.516333,11.076333,9.626333,8.186333,7.666333,5.416333,4.306333,4.066333,4.416333,6.906333,3.986333,0.35633302
6.136333,5.896333,3.916333,3.166333,3.796333,3.136333,2.586333,2.106333,1.886333,2.276333,2.886333,3.906333,5.276333,6.656333,6.786333,6.636333,8.406333,9.406333,10.086333,9.426333,8.086333,6.836333,5.576333,4.206333,3.796333,4.906333,5.236333,4.396333,3.676333,2.2463331,1.376333,1.606333,3.066333,4.716333,6.136333,7.456333,9.076333,10.016333,10.966333,11.646333,12.266333,12.436333,13.476333,12.596333,10.476333,10.456333,10.106333,10.606333,11.476333,10.106333,10.616333,8.676333,7.166333,6.266333,4.516333,2.836333,3.056333,4.186333,2.826333,1.146333,1.636333
5.396333,3.946333,1.816333,2.336333,2.4963331,2.456333,2.646333,2.566333,2.616333,2.676333,2.7463331,3.066333,4.156333,5.736333,5.646333,4.396333,3.926333,2.036333,2.196333,0.306333,2.356333,3.216333,3.676333,1.716333,1.176333,2.7463331,3.386333,3.156333,2.706333,1.906333,2.706333,3.386333,4.216333,5.546333,6.406333,7.306333,9.046333,11.476333,12.436333,12.526333,11.556333,8.946333,8.366333,8.796333,9.906333,11.266333,11.706333,11.466333,9.906333,10.496333,9.466333,6.556333,3.756333,3.206333,2.476333,1.446333,2.396333,3.436333,0.186333,-0.753667,1.346333
1.756333,0.38633302,0.956333,1.706333,2.076333,2.226333,2.316333,2.426333,2.566333,2.596333,1.726333,-0.13366699,-0.383667,-1.743667,-2.633667,0.47633302,2.976333,4.536333,3.676333,2.586333,0.336333,0.696333,3.136333,5.066333,4.656333,4.186333,3.476333,2.356333,1.666333,2.106333,3.086333,4.556333,5.916333,6.876333,7.986333,8.386333,10.076333,10.816333,11.266333,11.886333,9.986333,10.136333,11.786333,12.396333,12.846333,13.356333,13.236333,12.916333,11.426333,9.406333,9.776333,8.456333,2.426333,0.576333,-1.883667,1.816333,2.826333,-0.263667,-2.873667,-2.103667,0.17633301
