UV_10m_small_gfs.t12z.pgrb2.0p25.f048.json
{"header": { "discipline":0, "disciplineName":"Meteorological products", "gribEdition":2, "gribLength":17311, "center":7, "centerName":"US National Weather Service - NCEP(WMC)", "subcenter":0, "refTime":"2023-03-21T12:00:00.000Z", "significanceOfRT":1, "significanceOfRTName":"Start of forecast", "productStatus":0, "productStatusName":"Operational products", "productType":1, "productTypeName":"Forecast products", "productDefinitionTemplate":0, "productDefinitionTemplateName":"Analysis/forecast at horizontal level/layer at a point in time", "parameterCategory":2, "parameterCategoryName":"Momentum", "parameterNumber":2, "parameterNumberName":"U-component_of_wind", "parameterUnit":"m.s-1", "genProcessType":2, "genProcessTypeName":"Forecast", "forecastTime":48, "surface1Type":103, "surface1TypeName":"Specified height level above ground", "surface1Value":10.0, "surface2Type":255, "surface2TypeName":"Missing", "surface2Value":0.0, "gridDefinitionTemplate":0, "gridDefinitionTemplateName":"Latitude_Longitude", "numberPoints":11421, "shape":6, "shapeName":"Earth spherical with radius of 6,371,229.0 m", "gridUnits":"degrees", "resolution":48, "winds":"true", "scanMode":64, "nx":141, "ny":81, "basicAngle":0, "lo1":210.0, "la1":30.0, "lo2":245.0, "la2":50.0, "dx":0.25, "dy":0.25 }, "data":
[rows 54 to 80 of 81, columns 61 to 121 of 141]
12.526825,12.676825,12.856825,12.806825,12.406825,12.636825,13.246825,13.166825,12.836825,12.896825,13.376825,13.086825,12.436825,12.396825,12.326825,12.136825,12.156825,12.106825,11.696825,11.516825,11.416825,11.586825,11.316825,11.086825,11.026825,11.246825,11.176825,10.826825,10.706825,9.306825,9.876825,11.856825,11.466825,9.776825,7.936825,5.306825,4.626825,4.5168247,5.256825,5.986825,5.336825,5.7468247,2.836825,0.28682494,0.566825,-0.33317506,-0.91317505,-0.16317505,0.24682495,0.51682496,1.516825,3.026825,2.846825,3.406825,5.2468247,6.406825,7.316825,6.2468247,4.546825,4.046825,4.356825
13.056825,12.936825,12.5068245,12.726825,13.096825,13.386825,13.456825,13.596825,13.746825,13.316825,13.356825,13.616825,13.376825,12.926825,12.876825,12.866825,12.776825,12.616825,12.576825,12.536825,12.206825,12.266825,12.226825,12.0068245,11.706825,11.586825,11.5068245,11.186825,10.866825,10.106825,9.266825,11.086825,12.5068245,10.476825,8.776825,6.446825,4.506825,4.576825,5.2268248,5.736825,5.026825,6.006825,4.676825,0.04682495,0.58682495,0.57682496,0.38682497,0.016824951,0.14682496,0.45682496,1.396825,3.176825,2.756825,3.026825,3.966825,3.056825,2.8968248,3.756825,3.816825,4.486825,6.346825
13.276825,13.206825,13.026825,13.376825,13.626825,13.626825,13.546825,13.596825,13.986825,14.096825,13.596825,13.446825,13.016825,12.536825,12.5068245,12.826825,13.096825,12.816825,12.586825,12.736825,12.776825,12.616825,12.576825,12.496825,12.616825,12.336825,11.956825,12.136825,11.406825,11.176825,11.026825,10.916825,12.656825,10.626825,8.156825,6.586825,4.816825,4.956825,5.806825,5.696825,4.7468247,5.526825,6.076825,0.53682494,0.09682495,0.8068249,0.996825,-0.11317505,-0.34317505,0.43682495,1.1768249,1.996825,4.126825,3.766825,5.146825,6.506825,5.4968247,5.376825,4.956825,4.256825,4.676825
13.2568245,13.366825,13.336825,13.716825,13.836825,13.896825,14.016825,14.266825,13.936825,13.436825,13.136825,13.146825,13.096825,12.966825,12.926825,12.946825,13.096825,12.936825,12.716825,12.926825,13.196825,13.116825,12.896825,12.826825,12.876825,12.786825,11.986825,12.196825,12.096825,11.346825,11.596825,11.616825,12.726825,11.536825,8.696825,6.466825,4.776825,5.706825,6.2268248,5.716825,4.706825,5.206825,5.946825,1.3068249,-0.41317505,0.88682497,0.51682496,-0.33317506,0.04682495,0.66682494,1.156825,1.476825,3.486825,1.6868249,1.976825,2.226825,2.566825,2.496825,2.436825,3.716825,4.636825
13.546825,13.456825,13.226825,13.856825,14.446825,14.086825,13.646825,13.816825,13.946825,13.7568245,13.666825,13.416825,13.176825,13.286825,13.326825,13.096825,13.046825,13.146825,12.956825,12.996825,13.226825,13.406825,13.306825,13.176825,13.126825,13.266825,12.436825,12.616825,12.266825,11.596825,12.026825,11.706825,12.966825,12.0068245,8.056825,6.356825,5.856825,5.4968247,5.566825,5.666825,4.896825,5.186825,6.146825,1.7968249,0.026824951,0.8068249,0.53682494,0.08682495,-0.39317504,0.79682493,1.756825,2.206825,3.486825,2.8968248,4.066825,4.286825,3.846825,2.6468248,2.346825,2.936825,1.4168249
13.546825,13.606825,13.586825,14.076825,14.596825,14.246825,13.766825,14.156825,14.136825,13.946825,14.176825,13.906825,13.526825,13.456825,13.566825,13.426825,13.306825,13.466825,13.276825,13.216825,13.396825,13.566825,13.636825,13.676825,13.396825,13.396825,12.796825,12.986825,12.706825,11.956825,12.586825,11.976825,13.016825,12.736825,9.116825,7.736825,5.806825,4.356825,4.9968247,5.406825,5.0168247,5.366825,5.916825,1.536825,0.04682495,1.3368249,0.77682495,0.09682495,-0.17317505,1.026825,1.526825,2.026825,3.806825,2.436825,2.426825,4.336825,7.676825,7.386825,5.136825,3.596825,1.746825
13.836825,13.746825,13.526825,13.826825,14.096825,13.966825,14.116825,14.556825,14.476825,14.306825,14.096825,13.806825,13.776825,13.786825,13.806825,13.846825,13.736825,13.786825,13.616825,13.606825,13.516825,13.576825,13.776825,13.906825,13.726825,13.486825,13.356825,13.216825,13.0068245,12.336825,12.776825,13.326825,13.406825,13.696825,9.656825,7.176825,5.206825,4.376825,4.5168247,4.696825,4.956825,5.586825,5.686825,2.016825,1.276825,1.0868249,0.8068249,0.42682496,0.13682495,0.876825,1.6868249,2.026825,4.146825,5.2468247,5.4768248,5.036825,6.206825,4.776825,4.346825,5.356825,4.7668247
13.826825,13.966825,13.746825,13.726825,13.826825,14.236825,14.686825,14.736825,14.5068245,14.336825,14.286825,14.226825,14.396825,14.526825,14.406825,14.416825,14.306825,14.176825,13.916825,13.856825,13.7568245,13.916825,13.996825,13.946825,13.926825,13.836825,13.736825,13.196825,12.906825,12.236825,11.936825,13.536825,14.626825,13.966825,8.986825,7.126825,5.076825,3.986825,4.366825,4.296825,4.566825,5.396825,5.396825,3.226825,-0.11317505,1.026825,1.376825,0.94682497,1.1668249,1.5768249,1.726825,2.346825,4.076825,5.0168247,4.366825,6.966825,8.846825,8.566825,8.0068245,8.416825,7.426825
13.826825,14.126825,14.136825,13.926825,13.806825,14.476825,14.866825,14.676825,14.556825,14.446825,14.316825,14.436825,14.636825,14.746825,14.746825,14.686825,14.596825,14.486825,14.406825,14.246825,14.056825,14.2568245,14.076825,13.936825,13.956825,14.076825,13.996825,13.2568245,12.626825,11.066825,11.746825,13.616825,15.206825,13.5068245,9.076825,6.446825,3.8868248,4.176825,4.816825,3.916825,3.936825,5.056825,5.296825,3.1068249,-0.013175049,1.226825,1.346825,1.266825,1.6968249,1.406825,0.76682496,2.016825,3.556825,3.8868248,4.506825,3.506825,4.946825,6.816825,7.066825,6.806825,6.816825
14.0068245,14.596825,14.726825,14.126825,13.886825,14.276825,14.516825,14.586825,14.496825,14.286825,14.266825,14.516825,14.796825,14.916825,14.866825,14.726825,14.796825,14.576825,14.456825,14.276825,14.046825,14.216825,14.066825,13.976825,14.016825,14.166825,14.216825,13.516825,12.766825,10.146825,11.706825,14.956825,15.136825,12.106825,6.826825,5.106825,3.906825,4.146825,4.616825,3.476825,3.3768249,4.686825,4.946825,3.6068249,1.4268249,1.026825,0.5568249,1.0468249,1.096825,1.026825,1.736825,2.1468248,2.976825,2.486825,4.376825,5.626825,6.7468247,5.356825,6.186825,7.446825,8.326825
14.346825,14.926825,14.726825,14.186825,14.076825,14.376825,14.616825,14.496825,14.346825,14.316825,14.2568245,14.466825,14.746825,14.806825,14.856825,14.866825,14.7568245,14.626825,14.536825,14.286825,13.956825,13.996825,14.016825,14.286825,14.156825,14.236825,14.2568245,13.476825,13.336825,11.426825,11.376825,14.436825,15.2568245,12.796825,7.466825,5.276825,3.656825,3.926825,3.986825,2.766825,2.976825,4.576825,4.806825,3.1368248,0.38682497,-0.12317505,0.016824951,0.70682496,0.116824955,-0.29317504,0.85682493,1.9368249,4.166825,5.436825,5.116825,5.206825,6.826825,6.486825,9.196825,8.796825,5.9768248
14.636825,14.936825,14.646825,14.326825,14.396825,14.656825,14.686825,14.386825,14.356825,14.376825,14.616825,14.726825,14.776825,14.946825,14.906825,14.966825,14.856825,14.516825,14.436825,14.236825,14.106825,13.956825,13.886825,14.076825,13.976825,14.216825,14.056825,13.026825,13.136825,12.036825,11.676825,13.936825,14.816825,11.566825,4.836825,3.786825,3.6468248,3.926825,3.316825,2.026825,2.826825,4.5168247,4.646825,4.126825,1.276825,-0.42317504,0.37682495,0.84682494,0.27682495,0.18682495,1.126825,1.356825,2.006825,4.2468247,2.706825,2.966825,5.056825,5.656825,5.706825,2.346825,1.5568249
14.686825,14.776825,14.486825,14.266825,14.516825,14.776825,14.526825,14.2568245,14.206825,14.456825,14.656825,14.566825,14.646825,14.836825,14.766825,14.846825,14.566825,14.296825,14.306825,14.146825,14.086825,13.906825,13.856825,13.976825,14.046825,14.166825,13.436825,12.516825,13.166825,12.016825,12.486825,13.636825,13.666825,11.0068245,5.046825,4.146825,3.8968248,3.246825,2.3968248,1.5768249,2.796825,4.436825,4.436825,3.656825,0.6168249,0.48682496,0.9868249,0.70682496,0.34682494,0.13682495,0.756825,1.1868249,1.726825,2.6168249,2.986825,3.256825,2.416825,1.0568249,2.046825,3.566825,2.846825
14.696825,14.536825,14.196825,14.346825,14.546825,14.566825,14.376825,14.346825,14.436825,14.516825,14.586825,14.686825,14.716825,14.676825,14.966825,14.716825,14.206825,14.066825,14.096825,14.166825,14.156825,14.406825,14.686825,14.596825,14.026825,13.766825,12.326825,12.676825,12.836825,11.046825,11.936825,13.026825,13.166825,11.936825,6.586825,3.516825,2.556825,2.326825,1.606825,1.3068249,2.8568249,4.066825,3.996825,3.3968248,1.3068249,0.27682495,0.33682495,0.20682496,0.69682497,1.026825,-0.27317506,0.47682494,2.1468248,2.156825,3.3968248,3.666825,2.696825,1.376825,3.226825,5.436825,6.106825
14.446825,14.316825,14.196825,14.436825,14.436825,14.426825,14.626825,14.516825,14.536825,14.566825,14.496825,14.516825,14.466825,14.696825,14.466825,14.206825,14.216825,14.156825,13.896825,13.926825,14.456825,14.876825,14.7568245,14.416825,13.816825,13.136825,11.966825,13.326825,11.786825,10.0068245,11.736825,13.396825,13.696825,12.086825,6.086825,2.446825,1.6868249,1.596825,0.816825,1.0768249,2.826825,3.406825,3.176825,1.596825,0.28682494,0.04682495,0.77682495,1.256825,1.536825,1.3168249,0.76682496,1.726825,2.166825,1.5668249,1.8268249,2.1168249,3.406825,4.926825,7.7668247,8.616825,7.126825
14.286825,14.396825,14.396825,14.386825,14.526825,14.796825,14.996825,14.766825,14.686825,14.606825,14.546825,14.476825,14.386825,14.316825,14.516825,14.776825,14.356825,13.806825,13.996825,14.396825,14.446825,14.116825,14.216825,14.386825,13.586825,12.476825,12.546825,14.416825,11.966825,10.166825,12.136825,13.426825,13.416825,8.826825,2.986825,1.246825,0.96682495,0.24682495,-0.28317505,0.94682497,2.3568249,1.9468249,0.42682496,-0.91317505,-0.72317505,0.85682493,1.976825,2.306825,2.266825,2.1168249,1.606825,1.656825,2.096825,1.736825,2.6368248,3.276825,2.1268249,2.416825,3.1468248,1.876825,1.1668249
14.136825,14.336825,14.596825,14.676825,14.996825,15.106825,14.846825,14.676825,14.676825,14.606825,14.616825,14.526825,14.446825,14.806825,14.806825,14.106825,14.026825,14.2568245,14.276825,14.126825,13.946825,14.176825,14.366825,13.956825,12.626825,11.856825,14.366825,13.456825,10.076825,10.126825,11.926825,13.216825,12.176825,4.966825,0.28682494,0.506825,-0.64317507,-1.223175,-0.46317506,1.0868249,1.136825,-0.33317506,-1.503175,-1.8031751,-0.30317506,1.3068249,2.046825,2.1368248,2.556825,2.516825,1.6768249,0.6168249,0.756825,1.9568249,2.306825,2.266825,3.026825,2.1068249,2.1168249,2.3968248,1.236825
14.286825,14.446825,14.636825,14.596825,14.686825,14.826825,14.916825,15.056825,15.086825,15.206825,15.156825,14.876825,14.696825,14.346825,14.186825,14.496825,14.356825,13.936825,13.966825,14.276825,14.286825,14.156825,13.536825,12.886825,11.346825,12.586825,13.556825,10.426825,9.726825,11.116825,12.166825,12.956825,12.866825,6.256825,-0.13317505,-1.3331751,-1.8031751,-1.383175,-0.36317503,0.53682494,-0.21317504,-2.243175,-1.733175,-0.90317506,0.19682495,0.9868249,2.286825,2.1468248,0.936825,1.236825,0.686825,-0.563175,0.35682496,2.266825,2.236825,2.3568249,2.426825,2.916825,3.236825,2.726825,1.8368249
14.326825,14.426825,14.706825,14.796825,14.826825,14.836825,14.846825,14.836825,15.076825,15.096825,15.176825,15.016825,14.556825,14.466825,14.436825,13.626825,13.556825,13.986825,14.166825,14.176825,13.546825,13.166825,13.216825,12.056825,12.236825,13.666825,11.846825,9.956825,11.416825,12.406825,11.846825,14.746825,11.896825,1.966825,-2.8631752,-2.763175,-1.853175,-1.523175,-0.6931751,0.08682495,-0.86317503,-1.0531751,-0.13317505,0.31682494,0.566825,0.51682496,0.21682495,-0.5131751,-1.653175,-1.113175,-0.79317504,-1.8131751,0.24682495,1.6968249,1.746825,1.9568249,1.6668249,2.246825,2.436825,1.3068249,0.96682495
14.496825,14.806825,15.236825,15.516825,15.396825,15.036825,14.556825,14.606825,14.696825,14.716825,14.786825,14.696825,14.676825,14.326825,13.116825,13.076825,13.636825,13.926825,13.746825,13.596825,14.086825,13.236825,11.976825,13.066825,13.586825,11.326825,9.446825,10.456825,13.226825,12.616825,13.886825,9.626825,-1.093175,-3.163175,-2.153175,-1.983175,-2.323175,-2.403175,-1.003175,0.25682494,-0.30317506,-0.16317505,2.1068249,6.346825,7.256825,7.556825,7.386825,6.196825,0.97682494,-1.4331751,-1.593175,-0.813175,0.7368249,1.3268249,1.766825,2.246825,1.626825,1.886825,2.306825,1.646825,1.466825
14.336825,14.626825,14.916825,15.146825,15.056825,14.786825,14.616825,14.706825,14.616825,14.5068245,14.486825,14.316825,14.336825,13.426825,12.816825,12.796825,13.206825,14.176825,14.566825,14.316825,12.766825,11.706825,12.056825,10.156825,8.676825,8.586825,9.266825,12.2568245,12.576825,12.856825,11.096825,0.39682496,-2.573175,-1.383175,-2.253175,-3.523175,-4.143175,-3.243175,-1.033175,-0.41317505,-0.79317504,-0.54317504,1.1868249,3.3668249,4.506825,5.116825,6.416825,3.1268249,-0.53317505,-0.71317506,-0.503175,0.20682496,1.4468249,1.6768249,1.226825,1.3168249,1.366825,2.286825,0.9868249,0.33682495,1.5668249
14.596825,14.516825,14.656825,14.836825,14.726825,14.626825,14.496825,14.436825,14.346825,14.206825,13.986825,13.846825,13.796825,12.936825,12.186825,12.636825,13.826825,13.126825,11.206825,9.786825,9.426825,9.166825,8.476825,8.186825,8.176825,9.026825,11.416825,11.986825,11.346825,12.996825,7.066825,-1.253175,-2.703175,-3.793175,-5.763175,-6.513175,-5.133175,-2.8631752,-2.233175,-1.8331751,0.09682495,0.056824952,0.816825,1.656825,1.856825,3.096825,6.326825,4.846825,0.38682497,-0.77317506,-0.12317505,0.43682495,1.0868249,1.3068249,0.79682493,0.686825,0.91682494,1.346825,0.32682496,0.9268249,1.736825
14.536825,14.696825,14.966825,14.946825,14.736825,14.726825,14.426825,14.126825,13.866825,13.566825,13.496825,13.456825,13.116825,12.286825,12.226825,12.116825,9.686825,7.296825,7.026825,7.336825,7.606825,7.796825,7.756825,7.7468247,8.866825,11.016825,12.146825,11.556825,12.716825,10.466825,2.756825,-3.713175,-6.993175,-8.343175,-8.323175,-6.543175,-4.903175,-2.033175,-1.353175,-0.72317505,-0.65317506,0.19682495,1.256825,1.526825,1.4468249,2.3668249,2.6368248,0.816825,-1.123175,-1.1931751,0.70682496,1.896825,1.4468249,1.116825,0.17682496,-0.04317505,0.53682494,-0.40317506,0.016824951,1.846825,1.5768249
14.856825,15.206825,15.186825,15.136825,14.796825,14.366825,13.876825,13.426825,12.996825,12.936825,12.936825,12.846825,12.486825,12.076825,11.466825,9.446825,7.546825,7.656825,8.126825,7.786825,7.126825,6.616825,6.906825,8.496825,10.486825,11.646825,11.366825,12.116825,9.446825,0.94682497,-6.7331753,-8.973175,-9.363175,-9.153175,-7.803175,-5.433175,-1.733175,-0.70317507,-0.11317505,-0.15317506,0.16682495,0.8668249,0.59682494,0.21682495,-0.27317506,-2.6031752,-3.8531752,-2.233175,-2.233175,-1.1931751,0.91682494,1.616825,1.6868249,1.6968249,0.53682494,0.52682495,1.1868249,0.58682495,0.626825,1.496825,1.8268249
15.196825,15.2568245,15.106825,14.906825,14.386825,13.876825,13.536825,12.956825,12.586825,12.546825,12.516825,12.236825,11.786825,11.666825,10.196825,8.406825,8.136825,8.556825,7.806825,6.666825,6.196825,6.556825,8.096825,9.626825,10.666825,10.866825,7.986825,6.0168247,0.566825,-7.543175,-10.173175,-10.173175,-9.283175,-5.043175,-1.463175,-1.0531751,-1.093175,-0.27317506,0.6768249,0.876825,0.57682496,0.51682496,0.31682494,-1.4431751,-2.8531752,-0.79317504,-0.38317505,-1.103175,-0.86317503,-0.28317505,0.876825,0.89682496,0.97682494,1.366825,1.0468249,1.276825,0.95682496,-0.8831751,-2.003175,1.036825,1.286825
15.366825,15.206825,14.976825,14.576825,14.106825,13.736825,13.226825,12.856825,12.526825,12.346825,12.126825,11.486825,11.396825,11.236825,9.406825,8.046825,8.576825,8.646825,7.196825,6.686825,6.566825,7.076825,8.986825,10.216825,9.056825,9.166825,10.076825,6.906825,-6.443175,-12.653175,-11.663175,-8.213175,-2.163175,-1.473175,-0.47317505,-0.47317505,-0.07317505,0.056824952,0.79682493,-0.10317505,-2.083175,-1.503175,-0.5131751,0.21682495,-0.34317505,-0.47317505,-0.48317504,-1.023175,0.17682496,1.4168249,0.85682493,0.79682493,1.126825,1.0768249,1.126825,1.226825,0.13682495,-1.093175,-0.52317506,1.876825,1.116825
15.346825,15.196825,14.856825,14.416825,13.856825,13.176825,12.856825,12.706825,12.346825,12.026825,11.586825,11.446825,11.396825,10.586825,8.976825,8.356825,8.596825,7.596825,6.866825,6.956825,7.156825,7.926825,9.426825,9.036825,8.746825,7.716825,4.206825,-7.953175,-13.4931755,-10.583175,-3.543175,-1.0731751,-1.533175,-1.253175,-0.78317505,0.17682496,0.51682496,-0.12317505,-1.5731751,-4.203175,-3.6431751,-0.683175,-0.28317505,0.116824955,0.31682494,-0.12317505,-0.20317505,-0.033175047,0.78682494,0.43682495,1.096825,1.476825,1.366825,0.82682496,1.4568249,1.016825,0.17682496,-0.0031750489,-0.47317505,-0.24317504,1.246825
