UV_10m_small_gfs.t12z.pgrb2.0p25.f033.json
{"header": { "discipline":0, "disciplineName":"Meteorological products", "gribEdition":2, "gribLength":17311, "center":7, "centerName":"US National Weather Service - NCEP(WMC)", "subcenter":0, "refTime":"2023-03-21T12:00:00.000Z", "significanceOfRT":1, "significanceOfRTName":"Start of forecast", "productStatus":0, "productStatusName":"Operational products", "productType":1, "productTypeName":"Forecast products", "productDefinitionTemplate":0, "productDefinitionTemplateName":"Analysis/forecast at horizontal level/layer at a point in time", "parameterCategory":2, "parameterCategoryName":"Momentum", "parameterNumber":3, "parameterNumberName":"V-component_of_wind", "parameterUnit":"m.s-1", "genProcessType":2, "genProcessTypeName":"Forecast", "forecastTime":33, "surface1Type":103, "surface1TypeName":"Specified height level above ground", "surface1Value":10.0, "surface2Type":255, "surface2TypeName":"Missing", "surface2Value":0.0, "gridDefinitionTemplate":0, "gridDefinitionTemplateName":"Latitude_Longitude", "numberPoints":11421, "shape":6, "shapeName":"Earth spherical with radius of 6,371,229.0 m", "gridUnits":"degrees", "resolution":48, "winds":"true", "scanMode":64, "nx":141, "ny":81, "basicAngle":0, "lo1":210.0, "la1":30.0, "lo2":245.0, "la2":50.0, "dx":0.25, "dy":0.25 }, "data":
[rows 50 to 74 of 81, columns 57 to 113 of 141]
-1.3269385,-0.18693848,0.50306153,0.80306154,2.1530616,3.5730615,3.5630615,2.9830616,2.2830615,1.7130616,0.9030615,0.24306153,-0.2869385,-0.13693848,0.29306152,-0.32693848,-1.1369385,-1.7369385,-2.1969385,-2.6069384,-3.0369384,-3.4869385,-4.0169387,-4.5569386,-5.1369386,-5.5069385,-5.9069386,-6.3769383,-6.7169385,-7.1169386,-7.5369387,-7.7169385,-7.9469385,-8.106938,-8.166939,-7.4569383,-7.2169385,-7.2269382,-7.2469387,-6.8869386,-6.6769385,-6.4369383,-6.1169386,-5.9069386,-5.7169385,-4.0069385,0.38306153,0.5430615,-0.13693848,0.053061523,0.37306154,0.8230615,0.4630615,-0.13693848,-0.45693848,0.16306153,0.6430615
-1.5869385,-0.11693848,0.8830615,0.73306155,1.5330615,3.3430614,3.8130615,3.4530616,2.7230616,2.1530616,1.4530616,0.7930615,-0.096938476,-0.27693847,0.4630615,0.013061523,-0.7969385,-1.4069384,-1.8869385,-2.2969384,-2.7169385,-3.1469386,-3.6669385,-4.1669383,-4.7669387,-5.3269386,-5.8169384,-6.2869387,-6.6469383,-7.0369387,-7.4469385,-7.6669383,-7.7669387,-8.146938,-8.286939,-7.5869384,-7.2569385,-7.2869387,-7.3469386,-7.2869387,-6.9769382,-6.4469385,-5.8569384,-5.5569386,-5.4269385,-3.3469384,-0.5469385,-0.39693847,-0.5369385,-1.3469385,-1.1769385,-0.69693846,0.48306152,1.2630615,1.1630615,0.35306153,1.7730615
-1.8269385,-0.32693848,1.1130615,0.86306155,1.1230615,2.9930615,4.2630615,4.3030615,3.4930615,2.7430615,2.1130614,1.5130615,0.56306154,0.113061525,0.7230615,0.4030615,-0.39693847,-1.0869385,-1.6269385,-2.0269384,-2.3969386,-2.8269384,-3.3469384,-3.8769386,-4.3969383,-5.0469384,-5.6369386,-6.1369386,-6.5169387,-6.8769383,-7.2569385,-7.4569383,-7.5269384,-7.8969383,-8.366939,-7.8669386,-7.5369387,-7.4569383,-7.3969383,-7.3169384,-7.1369386,-6.5569386,-5.7869387,-5.3769383,-5.0969386,-3.8769386,-1.4069384,-0.29693848,-0.4769385,-1.2469385,-2.4269385,-1.5269384,-0.3169385,0.06306152,0.61306155,0.68306154,1.0930616
-1.3669385,-0.6669385,0.9630615,1.4030615,0.93306154,2.7430615,4.3830614,4.3630614,3.6330614,3.0130615,2.5730615,2.1230614,1.1930615,0.5230615,0.8930615,0.8330615,0.13306153,-0.5869385,-1.1969385,-1.6869385,-2.0969384,-2.5469384,-3.0369384,-3.5869384,-4.1269383,-4.7269382,-5.3369384,-5.9169383,-6.3569384,-6.7369385,-7.0469384,-7.3069386,-7.3469386,-7.6369386,-8.176938,-7.9769382,-7.6869383,-7.5269384,-7.3369384,-7.2069383,-6.9269385,-6.5569386,-6.0069385,-5.5969386,-5.1669383,-4.2469387,-2.4969385,-0.9869385,0.35306153,0.23306152,-0.51693845,-0.88693845,-0.19693847,0.31306154,0.5230615,0.113061525,0.36306152
-1.1469384,-1.0069385,0.75306153,1.7730615,1.3330616,2.0930614,3.7730615,4.3830614,3.9430616,3.3330615,2.8030615,2.5130615,1.8430616,0.9530615,1.0430615,1.2030616,0.6030615,-0.13693848,-0.7269385,-1.2569385,-1.7569385,-2.2669384,-2.7269385,-3.2369385,-3.8369384,-4.4369383,-5.0469384,-5.6569386,-6.2169385,-6.5669384,-6.8469386,-7.2069383,-7.3069386,-7.4769382,-7.8869386,-7.9069386,-7.8369384,-7.6769385,-7.3069386,-7.1269383,-6.9469385,-6.7669387,-6.2869387,-5.9569383,-5.6369386,-4.9869385,-3.6769385,-1.2569385,-0.08693848,0.19306153,0.5130615,0.36306152,-0.026938476,0.14306152,0.113061525,0.14306152,-0.20693848
-0.6669385,-0.6469385,0.6330615,2.1130614,1.8130615,1.6930615,3.7030616,4.8430614,4.5130615,3.9130616,3.2930615,2.8730614,2.4530616,1.4730616,1.3230615,1.6130615,1.0330615,0.28306153,-0.26693848,-0.82693845,-1.4169384,-1.9669385,-2.4469385,-2.9369385,-3.5669384,-4.2469387,-4.8569384,-5.4069386,-6.0669384,-6.4769382,-6.6369386,-6.9569383,-7.1969385,-7.3569384,-7.5869384,-7.6569386,-7.7669387,-7.7269382,-7.4769382,-7.3269386,-7.2669387,-7.0969386,-6.6569386,-6.2469387,-5.9769382,-5.5069385,-4.4569383,-1.7669384,-0.106938474,0.34306154,0.75306153,0.47306153,-0.15693848,-0.07693848,0.16306153,-0.21693848,-0.99693847
-0.20693848,-0.33693847,0.28306153,2.2330616,2.0530615,2.0930614,4.4930615,5.4330616,5.1130614,4.6430616,4.0130615,3.2630615,2.8230615,1.8430616,1.6930615,2.0930614,1.5530615,0.7730615,0.10306153,-0.46693847,-1.0369384,-1.5769385,-2.1069384,-2.6669385,-3.3269384,-3.9669385,-4.6469383,-5.2069383,-5.8169384,-6.3169384,-6.5069385,-6.7069383,-6.9569383,-7.1769385,-7.4269385,-7.4669385,-7.5769386,-7.5869384,-7.4769382,-7.4969387,-7.4869385,-7.1469383,-6.8369384,-6.3969383,-5.9969387,-5.3969383,-4.5769386,-1.2569385,0.26306152,1.0030615,0.9130615,0.36306152,0.053061523,-0.08693848,0.18306153,0.17306152,-0.32693848
0.073061526,-0.16693848,0.12306152,2.0630615,2.4830616,2.9930615,5.0530615,5.7530613,5.4630613,5.0630617,4.4130616,3.7530615,3.2130616,2.2530615,2.1330614,2.6130614,2.0830615,1.1730615,0.41306153,-0.12693848,-0.63693845,-1.1569384,-1.7469385,-2.3869386,-3.0569384,-3.7069385,-4.3769383,-4.9969387,-5.4769382,-5.9769382,-6.2769384,-6.4569383,-6.6569386,-6.8669386,-7.0969386,-7.1069384,-7.3069386,-7.3069386,-7.2469387,-7.3669386,-7.5369387,-7.2869387,-6.8969383,-6.6869383,-6.2469387,-5.3969383,-4.6369386,-1.9969385,-0.9169385,0.39306152,2.2830615,1.5630615,1.3030615,0.8930615,0.86306155,0.48306152,0.17306152
0.33306152,0.113061525,0.4330615,2.0430615,3.0130615,3.4630616,4.7330613,5.4030614,5.5730615,5.3830614,4.6230617,4.1430616,3.5130615,2.4630616,2.4730616,3.0630615,2.4130616,1.5230615,0.8430615,0.24306153,-0.2569385,-0.7769385,-1.4169384,-2.0969384,-2.7569385,-3.4269385,-4.0669384,-4.7469387,-5.2169385,-5.6369386,-6.0669384,-6.3569384,-6.5169387,-6.6669383,-6.6669383,-6.6669383,-6.9769382,-7.0369387,-7.1069384,-7.2069383,-7.5769386,-7.4069386,-6.8969383,-6.7269382,-6.4469385,-5.5269384,-4.4969387,-2.1969385,-1.0369384,-0.20693848,2.1530616,2.3030615,0.6530615,0.14306152,0.38306153,0.5330615,0.16306153
0.7630615,0.5830615,0.44306153,1.8730615,3.1330614,3.3230615,3.8830614,4.6830616,5.5130615,5.5630617,4.9730616,4.6030617,3.8330615,2.7530615,2.8030615,3.3630614,2.6430616,1.8430616,1.2030616,0.6030615,0.073061526,-0.44693848,-1.0969385,-1.8069385,-2.4469385,-3.1069384,-3.7569385,-4.3769383,-4.9369383,-5.3269386,-5.7969384,-6.2169385,-6.4769382,-6.4769382,-6.3269386,-6.4669385,-6.7469387,-6.8569384,-6.9969387,-7.2669387,-7.6369386,-7.4669385,-6.9469385,-6.4669385,-5.9869385,-5.3169384,-4.3969383,-2.3069384,-0.48693848,0.61306155,2.4330616,2.5330615,1.8330616,0.48306152,0.043061525,0.12306152,-0.016938476
1.2330616,0.81306154,0.34306154,1.7830615,3.6230614,4.1030617,4.0930614,4.6030617,5.4830613,5.6230617,5.3330617,5.1130614,4.3330617,3.2230616,3.0130615,3.6330614,3.0930614,2.1630616,1.4730616,0.98306155,0.38306153,-0.17693847,-0.75693846,-1.4669385,-2.1369386,-2.7769384,-3.4869385,-4.0769386,-4.6269383,-5.1269383,-5.6169386,-6.0969386,-6.4169383,-6.4169383,-6.2969384,-6.3469386,-6.4869385,-6.8169384,-7.0969386,-7.4369383,-7.7169385,-7.4769382,-6.9769382,-6.4569383,-5.8069386,-5.0369387,-4.0669384,-1.8869385,-0.5369385,-0.37693846,2.1530616,2.2830615,2.6430616,1.0030615,0.23306152,0.5230615,-0.08693848
1.5930616,1.2830615,0.8530615,1.7830615,3.7030616,4.0130615,4.3730617,4.7630615,5.2830615,5.6730614,5.7830615,5.6230617,4.7630615,3.6730616,2.9330616,3.3730614,3.5030615,2.7530615,1.8730615,1.3430616,0.67306155,0.043061525,-0.45693848,-1.0569385,-1.7869384,-2.4569385,-3.1569386,-3.8169384,-4.3669386,-4.9369383,-5.4869385,-5.9369383,-6.2069383,-6.1669383,-6.0769386,-6.1869383,-6.3469386,-6.8169384,-7.1469383,-7.4869385,-7.5969386,-7.3469386,-6.9769382,-6.6269383,-6.0969386,-5.2269382,-3.8969386,-1.8369385,-0.6769385,0.18306153,2.2730615,2.0130615,2.3030615,1.7030616,-0.14693847,-0.9069385,-0.8469385
1.9730616,1.6530615,1.5230615,2.0730615,3.5730615,4.3130617,4.6430616,4.7030616,5.4030614,6.1330614,6.1430616,5.6330614,4.9930615,4.1930614,3.2930615,3.0930614,3.6530616,3.2330616,2.3330615,1.7030616,1.0130615,0.34306154,-0.13693848,-0.62693846,-1.3269385,-2.0669384,-2.7569385,-3.4569385,-4.1169386,-4.7269382,-5.3169384,-5.7669387,-6.0369387,-6.0569386,-6.0069385,-6.0469384,-6.3669386,-6.8169384,-7.1769385,-7.4869385,-7.4669385,-7.2269382,-6.9969387,-6.8469386,-6.4669385,-5.4869385,-4.2469387,-2.1769385,-0.07693848,0.61306155,1.9430615,1.6630615,1.5130615,1.8330616,1.3730615,0.5430615,-0.16693848
2.2630615,1.9930615,2.1230614,2.3730614,3.7130616,4.4730616,4.0730615,3.9830616,5.3230615,6.5730615,6.4930615,6.0530615,5.7730618,5.0830617,4.0730615,3.5630615,3.9830616,3.6830616,2.7830615,2.0930614,1.4130615,0.7030615,0.25306153,-0.19693847,-0.8669385,-1.6369385,-2.3669386,-3.0869384,-3.8369384,-4.5269384,-5.1269383,-5.5469384,-5.9769382,-6.0669384,-5.9669385,-6.0169387,-6.3469386,-6.8169384,-7.1969385,-7.5169387,-7.4469385,-7.1369386,-7.0169387,-7.0269384,-6.5369387,-5.5369387,-4.3369384,-1.8169385,0.6030615,0.013061523,1.2730615,1.6830615,1.7830615,1.6730615,1.5630615,1.8830615,0.5930615
2.5730615,2.4730616,2.1230614,2.5230615,4.1730614,4.5130615,3.9330616,4.0230618,5.8330617,7.0430617,6.8730617,6.6230617,6.4630613,5.8130617,4.6530614,4.0530615,4.4430614,4.1430616,3.2130616,2.5530615,1.8330616,1.0530615,0.50306153,0.053061523,-0.5269385,-1.2369385,-1.9969385,-2.7669384,-3.5369384,-4.2269382,-4.8369384,-5.3369384,-5.8469386,-5.9769382,-5.7269382,-5.9069386,-6.3469386,-6.7569385,-7.1769385,-7.4569383,-7.4269385,-7.0669384,-6.9669385,-7.0869384,-6.6369386,-5.6469383,-3.8369384,-1.9569385,-0.99693847,-0.5869385,0.67306155,1.2830615,1.8430616,1.6630615,1.0030615,0.5430615,0.6430615
3.1130614,2.9630616,2.5130615,3.1930616,4.6130614,4.9130616,4.5630617,4.5830617,6.0530615,7.1030617,7.0730615,7.1030617,7.0130615,6.3430614,5.2130613,4.5430617,4.8330617,4.6030617,3.7330616,2.9630616,2.1830616,1.3230615,0.69306153,0.23306152,-0.27693847,-0.93693846,-1.6869385,-2.4369385,-3.2069385,-3.9369385,-4.5769386,-5.1669383,-5.7269382,-5.8669386,-5.5369387,-5.7569385,-6.2369385,-6.6969385,-7.1069384,-7.3669386,-7.3469386,-7.0169387,-6.8669386,-6.9669385,-6.6069384,-5.6869383,-4.4369383,-2.8069384,-0.26693848,0.083061524,0.10306153,0.62306154,0.0030615234,-0.63693845,-0.5969385,-0.21693848,0.61306155
3.6830616,3.4530616,3.2330616,3.8130615,4.8330617,5.0630617,5.0030613,5.1830616,5.9130616,6.6930614,7.3230615,7.5730615,7.5330615,6.8530617,5.8830614,5.1430616,5.0930614,4.9430614,4.1730614,3.3730614,2.5830615,1.7030616,0.94306153,0.4330615,-0.106938474,-0.75693846,-1.4469385,-2.1869385,-2.9169385,-3.6269386,-4.2769384,-4.8569384,-5.5069385,-5.6269383,-5.4269385,-5.6769385,-6.1269383,-6.5869384,-6.9769382,-7.1969385,-7.1869383,-6.9269385,-6.8369384,-6.9569383,-6.4769382,-5.5369387,-4.2369385,-2.5769384,-0.87693846,0.50306153,0.5830615,0.10306153,-0.22693847,-0.30693847,0.36306152,0.6030615,0.32306153
3.8730614,3.6330614,3.7630615,4.2930617,4.9030614,5.3030615,5.5130615,5.6630616,5.7330613,5.9330616,6.8630614,7.5530615,7.6430616,7.1430616,6.3630614,5.4330616,5.0330615,5.0830617,4.5630617,3.7730615,2.9930615,2.0830615,1.2130616,0.61306155,0.16306153,-0.6169385,-1.4769385,-2.1469386,-2.6969385,-3.3269384,-3.9669385,-4.5469384,-5.2069383,-5.3369384,-5.3669386,-5.5869384,-5.9569383,-6.3869386,-6.7969384,-7.0169387,-7.0569386,-6.7969384,-6.6669383,-6.8369384,-6.2669387,-5.0569386,-3.4369385,-1.1769385,-0.19693847,0.0030615234,0.74306154,1.0630615,0.67306155,-0.24693848,-1.1069385,-0.6769385,0.35306153
3.9530616,3.9030616,4.1130614,4.5730615,5.1630616,5.6930614,5.7630615,5.9330616,5.7830615,5.6730614,6.3430614,7.4330616,7.8230615,7.7030616,6.5230618,5.2230616,4.7630615,5.1030617,4.8730617,4.1530614,3.3930616,2.4530616,1.5130615,1.0130615,0.24306153,-0.6769385,-1.2969384,-1.8269385,-2.4169385,-3.0469384,-3.6469386,-4.2069383,-4.8069386,-5.0969386,-5.3369384,-5.4969387,-5.7869387,-6.1869383,-6.4669385,-6.7369385,-6.8169384,-6.5769386,-6.4669385,-6.6269383,-5.9369383,-4.5169387,-2.8269384,-0.5969385,0.20306152,-0.36693847,-0.07693848,0.24306153,-0.15693848,-0.3469385,-0.74693847,-1.1869385,-0.50693846
4.2830615,4.3430614,4.4630613,4.6530614,5.3630614,6.0430617,6.0430617,5.9130616,5.6230617,5.9130616,5.8830614,7.0930614,8.333061,8.013062,6.3930616,5.1530614,4.7730618,5.1230617,5.1130614,4.5630617,3.8330615,2.8530614,2.0030615,1.3330616,0.41306153,-0.30693847,-0.8469385,-1.4269385,-2.0469384,-2.7169385,-3.3469384,-3.9069386,-4.4569383,-4.9169383,-5.2769384,-5.5069385,-5.7669387,-6.0269384,-6.2669387,-6.4669385,-6.5369387,-6.4169383,-6.4369383,-6.3969383,-5.5569386,-4.0269384,-1.7969384,-0.096938476,0.22306152,0.38306153,0.9030615,0.67306155,0.32306153,-0.016938476,-0.5369385,-0.55693847,-0.6469385
4.6030617,4.7030616,4.9230614,5.0330615,5.7930617,6.2830615,6.0830617,5.5030613,5.5430617,5.7630615,4.9730616,6.8430614,8.733062,7.9630613,6.5130615,5.5230618,5.0230618,5.0330615,5.1530614,4.9430614,4.2530613,3.2230616,2.3130615,1.4430615,0.6030615,-0.07693848,-0.6769385,-1.1769385,-1.7669384,-2.4569385,-3.0969384,-3.7069385,-4.2369385,-4.6569386,-5.0969386,-5.4869385,-5.7169385,-5.9169383,-6.0669384,-6.0469384,-6.1269383,-6.1969385,-6.3369384,-6.1069384,-5.0369387,-2.7769384,-0.76693845,0.30306152,0.6430615,1.5030615,2.1730616,2.1230614,0.74306154,0.2730615,0.12306152,0.113061525,-0.7169385
4.8530617,4.8530617,5.1430616,5.5030613,6.2530613,6.5230618,6.2830615,5.9630613,5.9230614,5.0730615,4.9230614,7.5830617,8.863062,7.9330616,6.7730618,5.8430614,5.1630616,4.7530613,4.8830614,5.1530614,4.4930615,3.4630616,2.5130615,1.6430615,0.8330615,0.113061525,-0.49693847,-0.99693847,-1.5969385,-2.2469385,-2.9069386,-3.4969385,-4.0369387,-4.5569386,-5.0469384,-5.4569383,-5.6869383,-5.7469387,-5.7869387,-5.7069383,-5.7969384,-5.7169385,-5.7769384,-5.2969384,-4.0069385,-1.3369385,0.38306153,0.8530615,0.8530615,0.6430615,1.1030616,1.2030616,0.86306155,-1.2169385,-0.68693846,0.26306152,0.0030615234
5.1530614,4.8530617,5.6030617,6.2530613,6.7030616,6.4730616,6.3530617,6.2530613,5.8830614,4.8530617,5.6430616,8.363062,9.033062,7.9930615,6.9230614,6.1430616,5.5030613,4.6930614,4.6830616,4.9930615,4.4730616,3.5430615,2.6930616,1.9330615,1.1230615,0.29306152,-0.36693847,-0.87693846,-1.4769385,-2.1369386,-2.7869384,-3.4369385,-4.0069385,-4.4969387,-4.8869386,-5.2569385,-5.5369387,-5.5969386,-5.6869383,-5.7069383,-5.4969387,-5.3669386,-4.9169383,-4.0869384,-2.5569384,-0.43693846,0.48306152,-0.096938476,-0.94693846,-2.4069386,-2.1569386,-1.7969384,-1.9769385,-1.7269385,-0.8969385,0.36306152,0.7130615
5.4030614,5.0130615,6.1130614,6.8330617,6.5630617,6.4330616,6.8430614,6.6330614,6.2530613,5.4430614,6.7930617,8.813062,8.933062,7.9530616,7.0730615,6.5230618,5.8130617,5.0530615,4.9230614,4.9730616,4.4730616,3.6130614,2.7830615,2.0230615,1.2230616,0.42306152,-0.24693848,-0.80693847,-1.4169384,-2.0769384,-2.7369385,-3.3869386,-4.0369387,-4.5769386,-4.9469385,-5.1369386,-5.3569384,-5.5469384,-5.5869384,-5.4569383,-5.1669383,-4.5169387,-3.5269384,-2.5569384,-1.0869385,-0.6069385,-1.9269385,-0.5269385,-0.5469385,0.8330615,0.4030615,-0.5369385,-0.9069385,0.8330615,0.6330615,1.0730615,0.80306154
5.7530613,5.4730616,6.4730616,6.8930616,6.6430616,7.1630616,7.1030617,6.9430614,6.8130617,6.8030615,8.123061,8.913061,8.683062,7.9830613,7.3930616,6.8630614,6.1330614,5.4230614,5.1430616,5.0430617,4.4930615,3.6530616,2.8630614,2.0930614,1.3130615,0.5430615,-0.15693848,-0.7369385,-1.3669385,-2.0269384,-2.7169385,-3.4169385,-4.0669384,-4.5569386,-4.8269386,-4.9969387,-5.2269382,-5.3469386,-5.2469387,-4.8669386,-4.0269384,-2.8069384,-1.9169384,-1.1269385,-0.37693846,0.22306152,0.67306155,1.5730615,2.5130615,1.7430615,-0.22693847,-0.43693846,-1.9069384,-0.7069385,0.67306155,0.5930615,0.4930615
