UV_10m_small_gfs.t12z.pgrb2.0p25.f015.json
{"header": { "discipline":0, "disciplineName":"Meteorological products", "gribEdition":2, "gribLength":17311, "center":7, "centerName":"US National Weather Service - NCEP(WMC)", "subcenter":0, "refTime":"2023-03-21T12:00:00.000Z", "significanceOfRT":1, "significanceOfRTName":"Start of forecast", "productStatus":0, "productStatusName":"Operational products", "productType":1, "productTypeName":"Forecast products", "productDefinitionTemplate":0, "productDefinitionTemplateName":"Analysis/forecast at horizontal level/layer at a point in time", "parameterCategory":2, "parameterCategoryName":"Momentum", "parameterNumber":2, "parameterNumberName":"U-component_of_wind", "parameterUnit":"m.s-1", "genProcessType":2, "genProcessTypeName":"Forecast", "forecastTime":15, "surface1Type":103, "surface1TypeName":"Specified height level above ground", "surface1Value":10.0, "surface2Type":255, "surface2TypeName":"Missing", "surface2Value":0.0, "gridDefinitionTemplate":0, "gridDefinitionTemplateName":"Latitude_Longitude", "numberPoints":11421, "shape":6, "shapeName":"Earth spherical with radius of 6,371,229.0 m", "gridUnits":"degrees", "resolution":48, "winds":"true", "scanMode":64, "nx":141, "ny":81, "basicAngle":0, "lo1":210.0, "la1":30.0, "lo2":245.0, "la2":50.0, "dx":0.25, "dy":0.25 }, "data":
[rows 0 to 25 of 81, columns 0 to 59 of 141]
-9.059182,-8.919182,-8.639182,-7.929182,-7.309182,-6.599182,-6.079182,-5.799182,-5.599182,-5.889182,-5.6291823,-5.3791823,-5.2091823,-5.219182,-5.049182,-4.679182,-4.519182,-4.559182,-4.7091823,-4.409182,-4.219182,-4.019182,-3.909182,-3.909182,-3.2391822,-3.2891822,-3.4891822,-3.4891822,-2.869182,-2.0391822,-2.439182,-2.5191822,-2.0091822,-1.7591821,-1.3991821,-1.0191821,-0.7291821,-1.0791821,-0.43918213,-0.58918214,-0.22918212,-0.50918216,0.030817872,0.5008179,0.49081787,0.22081786,0.5708179,1.0508178,1.2608179,1.7308179,2.0008178,2.1508179,2.2408178,2.5108178,2.4808178,2.850818,3.9308178,4.1008177,4.190818,4.5408177
-8.909183,-8.369183,-8.159183,-7.909182,-6.9591823,-6.339182,-5.7091823,-5.4791822,-5.299182,-5.6091824,-5.509182,-5.049182,-4.849182,-4.769182,-4.409182,-4.3791823,-4.049182,-4.1291823,-4.289182,-4.259182,-3.709182,-3.709182,-3.7791822,-3.429182,-2.969182,-2.7491822,-3.1091821,-3.159182,-2.8491821,-1.7891822,-1.5891821,-2.159182,-1.7891822,-1.6991822,-1.0891821,-0.75918216,-0.8691821,-0.19918212,-0.19918212,-0.40918213,0.010817871,-0.50918216,0.06081787,0.6408179,0.9508179,0.66081786,0.97081786,1.5108179,1.5908179,1.6408179,2.4208179,2.320818,2.340818,3.110818,3.4008179,3.4808178,4.070818,3.9808178,4.380818,5.0208178
-8.439182,-7.659182,-7.659182,-7.539182,-6.809182,-6.1691823,-5.4391823,-5.289182,-4.929182,-5.309182,-5.069182,-4.749182,-4.659182,-4.1691823,-4.289182,-4.179182,-3.8191822,-3.8091822,-3.7891822,-3.939182,-3.439182,-3.2391822,-3.5891821,-3.2591822,-2.9991822,-2.879182,-2.649182,-2.5491822,-2.4891822,-1.8691821,-1.1791822,-1.4991821,-1.2491821,-1.2191821,-1.4791821,-0.83918214,-1.0591822,0.5108179,0.28081787,-0.43918213,0.16081788,-0.029182129,0.25081787,0.80081785,0.9508179,1.0608178,1.5908179,1.3608179,1.4708179,1.3408179,2.1608179,3.040818,2.9808178,3.4308178,3.590818,4.2708178,4.3108177,4.1008177,5.3108177,5.750818
-7.9591823,-7.369182,-7.039182,-6.809182,-6.2291822,-5.599182,-5.4791822,-5.2291822,-5.079182,-4.889182,-4.6291823,-4.7091823,-4.599182,-3.959182,-4.279182,-4.119182,-4.049182,-3.8491821,-3.3491821,-3.409182,-3.4891822,-2.9991822,-3.2391822,-3.2691822,-3.0691822,-2.7691822,-2.149182,-1.8991821,-2.0591822,-1.7391821,-1.2191821,-1.1291821,-0.46918213,-0.5591821,-0.8091821,-0.9791821,-1.0191821,-0.009182129,0.78081787,0.20081787,0.04081787,0.20081787,0.60081786,0.8208179,0.79081786,1.4208179,1.6908178,1.5908179,1.9608178,2.330818,1.8008178,2.6908178,3.830818,3.2308178,3.4708178,4.720818,4.900818,5.1208177,5.750818,6.170818
-7.489182,-7.309182,-6.6291823,-6.1291823,-5.699182,-5.3991823,-5.3791823,-4.949182,-4.559182,-4.489182,-4.589182,-4.429182,-4.199182,-3.7491822,-3.8591821,-3.8591821,-3.8591821,-3.719182,-3.219182,-3.5091822,-3.369182,-2.639182,-2.889182,-2.5091822,-2.649182,-2.5391822,-2.3291821,-1.8991821,-1.3891821,-1.7591821,-1.3791821,-1.0291821,-0.35918212,-0.05918213,-0.5991821,-0.14918213,-0.029182129,-0.5991821,0.32081786,0.12081787,0.14081787,0.32081786,0.6908179,1.0208179,1.2608179,1.5608178,1.7808179,1.8908179,2.090818,2.7008178,2.7508178,2.3908179,3.9908178,4.510818,4.210818,5.2708178,5.490818,5.730818,6.0408177,6.3908176
-7.3791823,-7.1291823,-6.139182,-5.549182,-5.619182,-5.299182,-4.909182,-4.619182,-4.089182,-4.339182,-4.369182,-3.949182,-3.959182,-3.669182,-3.6091821,-3.439182,-3.7291822,-3.5491822,-3.629182,-2.939182,-2.5591822,-2.2791822,-2.4891822,-2.0991821,-2.139182,-2.149182,-2.2491822,-1.8491821,-1.3991821,-1.6091821,-1.7191821,-0.6691821,-0.5991821,0.15081787,0.17081787,-0.17918213,-0.03918213,0.09081787,-0.04918213,0.21081787,0.18081787,0.6208179,0.97081786,1.3008178,1.4208179,1.5708178,2.0008178,2.130818,2.110818,2.7608178,3.600818,3.4508178,3.7608178,4.740818,4.670818,5.070818,5.490818,5.780818,6.130818,6.3908176
-7.159182,-6.389182,-5.579182,-5.4191823,-5.409182,-4.9591823,-4.3991823,-4.319182,-3.919182,-3.9991822,-3.899182,-3.8491821,-3.699182,-3.409182,-3.369182,-3.2891822,-2.959182,-3.129182,-3.3091822,-2.199182,-1.5691822,-1.9891821,-2.5391822,-2.179182,-1.8891821,-1.4391822,-1.7691821,-1.7991822,-2.0991821,-1.1191821,-1.3491821,-0.45918214,-0.71918213,0.16081788,0.5208179,-0.04918213,0.100817874,0.24081787,0.17081787,0.32081786,0.5108179,0.8708179,1.0508178,1.3008178,1.4908179,1.1408179,1.8408179,2.6408179,3.0008178,3.340818,3.050818,3.1608179,3.320818,4.160818,5.180818,5.750818,5.8508177,5.8108177,5.860818,6.070818
-6.619182,-5.699182,-5.7091823,-5.3991823,-5.159182,-4.509182,-4.199182,-4.059182,-3.5291822,-3.429182,-3.5191822,-3.5591822,-3.0291822,-3.179182,-3.179182,-2.9991822,-2.8191822,-2.889182,-2.8091822,-1.6391821,-1.0291821,-1.7791821,-2.429182,-1.9091821,-1.4691821,-1.0791821,-1.4191822,-1.6791822,-2.189182,-1.0591822,-0.65918213,-0.63918215,-0.52918214,0.04081787,0.7008179,0.02081787,0.19081788,0.2608179,0.37081787,0.6408179,0.8708179,0.7608179,0.6908179,1.4208179,1.9108179,1.7008178,1.7508179,2.800818,3.110818,3.2008178,2.870818,3.280818,4.3708177,4.860818,5.410818,5.630818,5.340818,5.6008177,5.5608177,5.740818
-5.949182,-5.779182,-5.719182,-5.349182,-4.769182,-4.259182,-4.259182,-3.699182,-3.2591822,-3.139182,-3.0891821,-2.969182,-2.7491822,-2.8491821,-2.7991822,-2.679182,-2.409182,-2.2791822,-1.8491821,-1.4091821,-0.64918214,-2.2591822,-2.5291822,-1.6791822,-1.4491822,-0.69918215,-0.89918214,-1.5591822,-1.7491821,-1.1791822,-0.38918212,-0.6691821,0.11081787,-0.22918212,0.8208179,0.21081787,0.25081787,0.27081788,0.48081788,0.68081784,1.0908179,0.73081785,0.44081786,1.3608179,1.9608178,2.2508178,3.040818,2.820818,2.050818,2.6808178,3.6508179,4.210818,4.8908176,5.190818,5.240818,5.240818,5.240818,5.6208177,5.2708178,5.800818
-5.699182,-5.449182,-5.239182,-4.9191823,-4.279182,-4.139182,-4.049182,-3.5091822,-3.2691822,-3.1091821,-2.8191822,-2.399182,-2.2391822,-2.3291821,-2.3291821,-2.449182,-1.9991821,-1.4591821,-1.1591821,-1.1091821,-1.0091821,-2.169182,-2.369182,-1.8691821,-1.3091822,-1.2591821,-0.75918216,-1.2091821,-1.2391821,-0.9191821,-0.51918215,-0.17918213,0.5608179,-0.16918212,0.6408179,0.34081787,0.18081787,0.41081786,0.5708179,0.5708179,1.0208179,1.5408179,1.0808178,1.0408179,1.6708179,2.3908179,3.2608178,2.9508178,2.1708179,3.2408178,4.450818,4.710818,4.660818,4.8708177,4.750818,4.670818,4.820818,5.0408177,5.110818,5.730818
-5.119182,-4.839182,-4.679182,-4.409182,-4.019182,-3.959182,-3.639182,-3.2991822,-3.189182,-2.9791822,-2.469182,-2.3091822,-1.8991821,-1.8091822,-1.4691821,-1.2991822,-1.1191821,-0.9891821,-0.88918215,-0.88918215,-1.6691822,-2.0391822,-1.7891822,-1.8691821,-1.1591821,-1.0191821,-1.1591821,-1.3591821,-1.1591821,-0.77918214,0.07081787,0.16081788,0.68081784,0.2608179,0.33081788,0.27081788,0.19081788,0.5208179,0.7508179,0.49081787,0.8708179,1.3808179,1.8108178,1.6008179,1.8108178,2.1408179,2.6908178,2.320818,3.130818,3.850818,4.660818,4.200818,4.030818,4.5808177,4.250818,3.7508178,4.240818,4.8508177,5.160818,5.3108177
-4.829182,-4.719182,-4.319182,-3.879182,-3.709182,-3.689182,-3.379182,-3.129182,-2.949182,-2.6091821,-2.169182,-1.7891822,-1.6291821,-1.5291821,-0.8091821,-0.5391821,-0.9191821,-0.9391821,-0.47918212,-0.65918213,-1.4891821,-1.8691821,-1.6291821,-1.3791821,-1.2391821,-0.89918214,-1.1391821,-1.1791822,-0.8591821,-0.88918215,0.45081788,0.38081786,0.5808179,0.53081787,0.25081787,0.08081787,0.25081787,0.46081787,0.8308179,0.72081786,1.1608179,1.2308179,1.3408179,1.5908179,2.360818,2.060818,2.560818,2.380818,3.1908178,3.780818,4.130818,4.070818,4.030818,3.7008178,3.4608178,3.7508178,4.220818,4.990818,5.170818,5.3908176
-4.429182,-4.299182,-3.469182,-3.2491822,-3.3591821,-3.459182,-3.149182,-2.7391822,-2.439182,-2.0191822,-1.6291821,-1.3991821,-1.4291822,-0.69918215,-0.45918214,-0.40918213,-1.0591822,-0.43918213,-0.20918213,-0.76918215,-1.1691822,-0.8591821,-1.3491821,-1.2691821,-1.1591821,-1.0391822,-0.9291821,-1.1291821,-0.49918213,-0.58918214,0.20081787,0.36081788,0.5708179,0.49081787,0.19081788,0.08081787,0.38081786,0.49081787,0.79081786,0.9008179,1.1908178,1.3508179,1.1008179,1.6008179,2.4008179,2.1808178,2.9608178,3.0008178,3.7508178,4.0808177,4.000818,3.7508178,2.4208179,2.560818,3.540818,4.340818,4.3908176,4.760818,4.8508177,5.440818
-3.9891822,-3.649182,-2.9891822,-3.169182,-3.119182,-2.969182,-3.0491822,-2.5991821,-2.2491822,-1.5691822,-1.3891821,-0.81918216,-0.65918213,-0.37918213,-0.28918213,-0.27918214,-0.46918213,-0.05918213,0.28081787,-0.19918212,-0.7991821,-0.38918212,-0.57918215,-0.94918215,-0.9191821,-1.1791822,-0.69918215,-0.70918214,-0.5491821,-0.15918213,0.39081788,0.29081786,0.46081787,0.5008179,0.02081787,0.19081788,0.45081788,0.49081787,0.67081785,0.6408179,1.1508179,1.5308179,1.5708178,2.1808178,2.130818,1.9508178,3.070818,3.6508179,4.090818,3.4708178,3.080818,2.590818,2.4308178,3.1508179,4.000818,4.6208177,4.660818,4.510818,4.5408177,5.0408177
-2.869182,-2.8291821,-2.909182,-3.1091821,-3.0791821,-2.949182,-2.7591822,-2.199182,-2.0691822,-1.4891821,-0.83918214,-0.37918213,-0.25918213,-0.14918213,0.06081787,-0.13918214,-0.22918212,-0.019182129,0.25081787,0.40081787,-0.20918213,-0.42918214,-0.079182126,-0.34918213,-0.38918212,-1.2691821,-1.0291821,-0.64918214,-0.13918214,-0.079182126,-0.14918213,0.06081787,0.49081787,0.5008179,0.17081787,0.32081786,0.5208179,0.53081787,0.7708179,0.9008179,1.2208179,1.7708179,2.1808178,1.7808179,2.360818,2.310818,3.4108179,3.850818,3.4308178,2.300818,2.2708178,2.7608178,2.830818,3.4108179,4.150818,3.5008178,3.5108178,4.470818,4.8308177,4.7708178
-2.399182,-2.5191822,-2.629182,-2.669182,-2.669182,-2.7391822,-2.389182,-1.8991821,-1.7691821,-1.1191821,-0.26918212,-0.16918212,-0.13918214,0.16081788,0.39081788,0.100817874,0.100817874,-0.22918212,-0.079182126,0.35081786,0.41081786,-0.24918213,0.100817874,0.02081787,-0.05918213,-0.90918213,-0.9891821,-1.0391822,-0.36918214,0.010817871,-0.21918213,0.31081787,0.6308179,0.49081787,0.22081786,0.39081788,0.68081784,0.7608179,0.9508179,1.2608179,1.3908179,1.6208179,2.280818,1.8108178,2.2508178,2.5008178,3.600818,3.060818,2.560818,2.1708179,2.4308178,2.9908178,3.1508179,3.540818,2.800818,2.590818,3.9308178,4.980818,4.720818,4.7908177
-2.4991822,-2.4791822,-2.5291822,-2.2691822,-2.2691822,-2.409182,-1.7391821,-1.5191821,-1.5891821,-0.65918213,-0.03918213,-0.40918213,-0.18918213,0.34081787,0.34081787,0.38081786,0.33081788,0.030817872,0.08081787,0.13081788,0.41081786,0.5108179,0.16081788,0.02081787,-0.27918214,-0.47918212,-0.83918214,-0.7491821,-0.6691821,0.11081787,-0.25918213,0.27081788,0.5708179,0.44081786,0.34081787,0.5008179,0.79081786,0.9608179,1.0508178,1.5008179,1.5208179,1.4008179,2.2408178,2.050818,2.4908178,3.2308178,3.110818,1.8108178,2.0108178,2.7708178,2.4908178,3.2608178,3.9008179,2.840818,2.280818,2.9308178,4.280818,4.670818,4.490818,5.170818
-2.0791821,-1.9991821,-2.149182,-1.7091821,-1.3591821,-1.4691821,-0.9191821,-1.6091821,-1.5191821,-0.5391821,-0.5491821,-0.40918213,-0.58918214,-0.019182129,0.04081787,0.25081787,0.34081787,0.32081786,0.45081788,0.43081787,0.33081788,0.47081786,0.22081786,0.08081787,8.1787107E-4,-0.27918214,-0.81918216,-0.64918214,-0.58918214,0.100817874,-0.05918213,0.33081788,0.5708179,0.5608179,0.5708179,0.6408179,0.7608179,1.0008179,1.2708179,1.6208179,1.4208179,1.4108179,2.6808178,2.590818,2.780818,3.860818,2.360818,1.8208178,1.8808179,2.790818,2.820818,3.9008179,3.610818,2.280818,2.4808178,3.4208179,4.3108177,4.530818,4.510818,5.150818
-1.1691822,-0.90918213,-1.3391821,-0.7291821,-0.10918213,-0.40918213,-0.49918213,-1.0991821,-1.1391821,-0.5991821,-0.57918215,-0.13918214,-0.19918212,-0.05918213,-0.35918212,-0.10918213,-0.029182129,0.19081788,0.41081786,0.6508179,0.61081785,0.43081787,0.08081787,0.100817874,0.45081788,0.20081787,-0.69918215,-0.56918216,-0.12918213,0.35081786,0.08081787,0.33081788,0.60081786,0.6408179,0.6508179,0.7508179,0.84081787,1.0508178,1.4808179,1.3808179,1.3508179,2.080818,3.2108178,2.9008179,3.580818,3.2608178,1.7408179,1.4908179,1.8708179,2.7208178,3.540818,3.6808178,2.380818,2.1808178,2.7008178,3.6908178,4.0208178,3.9408178,4.3308177,4.500818
-0.029182129,-0.12918213,-0.50918216,0.54081786,1.2008178,0.8908179,0.6308179,0.48081788,0.100817874,-0.5991821,0.12081787,0.33081788,-0.019182129,0.12081787,0.010817871,-0.10918213,-0.009182129,0.100817874,0.24081787,0.30081788,0.44081786,0.5608179,0.53081787,0.41081786,0.43081787,0.28081787,-0.44918212,-0.26918212,0.20081787,0.27081788,0.02081787,0.40081787,0.6908179,0.7008179,0.7108179,0.8708179,1.0008179,1.2608179,1.5708178,1.2108178,1.6808178,2.820818,3.4808178,4.130818,3.530818,2.2308178,1.5008179,1.8308178,2.2408178,3.120818,3.130818,2.070818,1.7908179,2.340818,3.1708179,3.6608179,3.5108178,3.5008178,3.850818,3.9208179
0.55081785,0.24081787,0.5108179,2.0008178,2.820818,1.6508179,1.2208179,1.7908179,1.0908179,-0.009182129,0.91081786,0.8108179,0.35081786,0.55081785,0.49081787,0.16081788,0.53081787,0.35081786,-0.13918214,0.21081787,0.49081787,0.53081787,0.59081787,0.60081786,0.7508179,0.46081787,0.06081787,-0.019182129,0.16081788,0.08081787,-0.06918213,0.39081788,0.7508179,0.8108179,0.8808179,1.0008179,1.1408179,1.4208179,1.3108178,1.4908179,2.580818,3.550818,4.110818,4.230818,2.560818,2.2208178,1.8208178,1.7508179,2.1608179,2.600818,1.9808179,1.7408179,2.110818,2.6408179,3.4408178,3.310818,3.130818,3.2008178,3.350818,3.3908179
2.320818,2.050818,1.8508179,3.070818,3.790818,2.800818,2.350818,2.810818,1.1908178,0.79081786,1.5808178,1.5308179,1.3408179,1.4508178,1.4508178,0.97081786,1.1408179,0.8308179,0.5008179,0.40081787,0.19081788,0.48081788,0.6308179,0.59081787,0.9608179,0.92081785,0.48081788,-0.03918213,-0.08918213,-0.019182129,0.09081787,0.55081785,0.99081784,1.1008179,1.1208179,1.1308179,1.3508179,1.4708179,1.2908179,2.1608179,3.4208179,3.880818,4.150818,2.6908178,2.080818,1.8508179,1.8008178,1.7008178,1.7208179,1.7608179,1.8008178,1.9808179,2.320818,2.7408178,3.130818,2.840818,3.040818,2.9308178,2.9708178,2.9908178
3.9208179,3.9608178,4.0808177,4.900818,5.440818,4.550818,3.7508178,3.7108178,2.610818,2.2708178,2.2608178,2.120818,2.2708178,2.600818,2.6808178,2.7008178,2.370818,1.8908179,1.3908179,0.6208179,0.14081787,0.20081787,0.5008179,0.8708179,1.0908179,1.2308179,0.79081786,0.12081787,-0.12918213,0.100817874,0.40081787,0.85081786,1.2708179,1.3208178,1.2308179,1.2808179,1.5308179,1.3708179,1.7508179,2.840818,4.030818,3.860818,2.290818,1.8208178,1.2508179,1.0608178,1.5508178,1.6108179,1.5008179,1.7608179,1.9108179,2.100818,2.4208179,2.7408178,2.4508178,2.7208178,3.1408179,2.570818,2.7508178,2.580818
2.1508179,2.6408179,2.9808178,3.1708179,3.530818,3.4108179,3.6708179,4.1208177,3.9408178,4.240818,3.2108178,2.6608179,3.070818,3.4608178,3.7208178,4.440818,4.1008177,2.9908178,2.0108178,1.2008178,0.93081784,0.6208179,0.55081785,0.9008179,1.2208179,1.3708179,1.0608178,0.28081787,-0.009182129,0.5208179,0.74081784,0.9608179,1.4708179,1.4508178,1.3608179,1.5208179,1.6408179,1.4108179,2.320818,3.300818,4.150818,2.830818,1.5708178,1.3308178,0.39081788,1.3208178,1.6008179,1.4608178,1.4808179,1.5808178,1.8708179,2.110818,2.2508178,2.4408178,1.9908179,2.4608178,3.100818,2.330818,2.6808178,2.310818
3.5208178,3.380818,3.6708179,3.9908178,3.7508178,3.070818,3.1608179,2.530818,1.8808179,2.4308178,2.6608179,3.130818,3.880818,4.400818,4.660818,4.910818,4.970818,4.420818,3.0008178,1.7708179,1.3308178,1.2708179,1.0508178,0.97081786,1.0208179,1.1708179,1.3308178,0.7608179,0.41081786,0.78081787,0.72081786,1.0808178,1.6608179,1.6108179,1.5208179,1.8108178,1.7208179,1.7308179,2.7308178,3.590818,3.6508179,2.130818,1.8608179,0.7608179,0.5708179,1.4508178,1.4208179,1.3108178,1.2708179,1.6308179,1.9008179,1.8008178,1.9208179,1.9908179,1.9808179,2.2508178,2.840818,2.380818,2.4808178,2.320818
2.7008178,3.2408178,3.830818,4.670818,4.530818,4.200818,4.2908177,3.780818,3.6908178,3.1408179,2.2308178,2.4108179,2.790818,3.6508179,4.860818,5.700818,5.860818,5.190818,3.840818,2.4708178,1.7408179,1.7608179,1.5808178,1.1508179,0.98081785,1.2608179,1.6108179,1.3908179,0.8308179,0.8308179,1.1708179,1.2108178,1.7408179,1.7108178,1.7608179,2.080818,1.8108178,2.090818,2.9608178,3.7108178,3.1708179,2.060818,1.9808179,0.19081788,0.8208179,1.3308178,1.2308179,1.0608178,1.3708179,1.7308179,1.7108178,1.4708179,1.6908178,1.8708179,1.5808178,2.070818,2.590818,2.790818,2.4608178,2.080818
