UV_10m_small_gfs.t12z.pgrb2.0p25.f042.json
{"header": { "discipline":0, "disciplineName":"Meteorological products", "gribEdition":2, "gribLength":17311, "center":7, "centerName":"US National Weather Service - NCEP(WMC)", "subcenter":0, "refTime":"2023-03-21T12:00:00.000Z", "significanceOfRT":1, "significanceOfRTName":"Start of forecast", "productStatus":0, "productStatusName":"Operational products", "productType":1, "productTypeName":"Forecast products", "productDefinitionTemplate":0, "productDefinitionTemplateName":"Analysis/forecast at horizontal level/layer at a point in time", "parameterCategory":2, "parameterCategoryName":"Momentum", "parameterNumber":2, "parameterNumberName":"U-component_of_wind", "parameterUnit":"m.s-1", "genProcessType":2, "genProcessTypeName":"Forecast", "forecastTime":42, "surface1Type":103, "surface1TypeName":"Specified height level above ground", "surface1Value":10.0, "surface2Type":255, "surface2TypeName":"Missing", "surface2Value":0.0, "gridDefinitionTemplate":0, "gridDefinitionTemplateName":"Latitude_Longitude", "numberPoints":11421, "shape":6, "shapeName":"Earth spherical with radius of 6,371,229.0 m", "gridUnits":"degrees", "resolution":48, "winds":"true", "scanMode":64, "nx":141, "ny":81, "basicAngle":0, "lo1":210.0, "la1":30.0, "lo2":245.0, "la2":50.0, "dx":0.25, "dy":0.25 }, "data":
[rows 27 to 53 of 81, columns 0 to 59 of 141]
-2.7657452,-1.9857452,-1.5757452,-1.4757452,-1.3757453,-0.90574527,-0.72574526,-0.74574524,-0.44574523,-0.34574524,-0.27574524,0.50425476,1.1242547,1.1642548,0.9242548,0.57425475,0.38425475,0.45425475,0.82425475,0.8642548,0.59425473,0.7242548,1.2142547,1.5642548,1.7042547,1.8742547,1.9742547,2.0342548,2.3542547,2.6742547,2.8742547,2.8942547,2.9242547,2.7342548,2.5842547,2.9742548,3.5542548,3.8642547,3.8842547,3.7842548,3.8242548,4.024255,4.174255,4.0642548,4.0142546,4.234255,4.2842546,4.634255,5.094255,5.2442546,5.484255,5.7042546,5.754255,5.574255,5.484255,5.1242547,5.214255,5.5142546,6.1042547,7.024255
-2.1857452,-2.0757453,-1.9857452,-1.8057452,-1.4857452,-1.3557452,-1.4557452,-1.4557452,-1.2357452,-1.0057453,-0.30574524,0.50425476,0.76425475,0.71425474,0.74425477,0.88425475,1.0242548,1.1442548,1.4142548,1.4842547,1.1342548,1.0242548,1.2242547,1.5442548,1.7842548,1.8642547,2.0842547,2.5342548,2.8742547,2.9642549,3.1842546,3.4142547,3.2842548,3.0042548,3.3142548,3.7542548,3.9542549,3.9142547,4.074255,4.404255,4.6442547,4.654255,4.6042547,4.4142547,4.3942547,4.734255,5.094255,5.4142547,5.404255,5.1842546,5.0842547,5.3542547,5.4742546,5.444255,5.384255,5.254255,5.3342547,5.7042546,6.0542545,6.3942547
-2.1757452,-2.0157452,-1.6857452,-1.3657452,-1.2557453,-1.1857452,-1.1357453,-1.0357453,-0.68574524,-0.31574523,-0.02574524,0.20425476,0.27425477,0.25425476,0.46425477,0.75425476,0.75425476,0.93425477,1.3642547,1.5542548,1.7042547,2.0542548,2.4642549,2.8042548,2.9842548,2.8142548,2.8942547,3.2042549,3.4142547,3.7042549,4.0542545,4.214255,3.7942548,3.4042547,3.8742547,4.384255,4.194255,3.7142549,3.5342548,3.8142548,4.134255,4.3042545,4.524255,4.424255,4.5542545,5.214255,5.5142546,5.884255,6.114255,6.1842546,5.9142547,5.8942547,5.9942546,5.824255,5.484255,5.524255,5.7242546,5.984255,6.2842546,6.4142547
-1.7157452,-1.2357452,-0.8957452,-0.66574526,-0.47574523,-0.56574523,-0.6357452,-0.37574524,-0.10574524,0.084254764,0.40425476,0.68425477,0.7842548,0.83425474,1.0242548,1.1242547,1.1642548,1.3442547,1.5142548,1.5842547,1.6642548,1.9242548,2.2142549,2.2142549,2.2142549,2.4142547,2.8142548,3.4142547,3.8242548,3.8842547,3.8042548,3.6742547,3.5842547,3.7042549,3.9742548,3.9542549,3.8642547,3.9142547,4.174255,4.344255,4.344255,4.5642548,4.714255,4.484255,5.1442547,5.864255,5.824255,5.864255,5.9542546,6.1442547,6.3942547,6.6042547,6.7242546,6.6042547,6.3042545,6.324255,6.364255,6.444255,6.384255,6.444255
-0.79574525,-0.56574523,-0.41574523,-0.25574523,-0.10574524,-0.13574524,-0.21574524,-0.19574524,0.0042547607,0.30425477,0.51425475,0.75425476,1.0142548,1.2342547,1.4642547,1.6742548,1.7942548,1.7942548,1.8142548,1.8742547,1.9342548,2.1242547,2.4042547,2.7042549,2.8742547,2.9742548,3.1642547,3.3642547,3.4042547,3.3642547,3.2942548,3.3442547,3.4342546,3.4642549,3.6142547,3.6442547,3.6842546,4.024255,4.444255,4.7042546,4.944255,5.274255,5.4742546,5.4142547,5.4942546,5.8142548,6.1642547,6.154255,6.1442547,6.3942547,6.7042546,6.884255,7.0142546,7.214255,6.9942546,6.8942547,6.9942546,7.074255,6.8942547,6.5842547
-0.8957452,-0.6457452,-0.49574524,-0.23574524,0.024254762,-0.02574524,-0.22574525,-0.10574524,0.31425476,0.65425473,0.9142548,1.3042548,1.6642548,1.8542547,1.9542547,2.1142547,2.3042548,2.3842547,2.4342546,2.5042548,2.5542548,2.7142549,3.0742548,3.5242548,3.8442547,4.0542545,4.1042547,4.134255,4.2042546,4.2042546,4.294255,4.4942546,4.6842546,4.844255,4.924255,5.004255,5.154255,5.254255,5.234255,5.2242546,5.2642546,5.134255,5.2642546,5.5142546,5.694255,6.1842546,6.544255,6.7242546,6.8042545,6.904255,7.024255,7.3042545,7.5642548,7.6642547,7.504255,7.324255,7.3342547,7.4142547,7.3042545,6.964255
-0.40574524,-0.11574524,0.17425476,0.50425476,0.74425477,0.70425475,0.7242548,1.0842547,1.3042548,1.4642547,2.0042548,2.6242547,2.9942548,3.2442548,3.2442548,3.1742547,3.2142549,3.2842548,3.2942548,3.2742548,3.2442548,3.3642547,3.6842546,4.114255,4.3942547,4.6242547,4.7842546,5.024255,5.3042545,5.4542546,5.6242547,5.844255,5.904255,5.9342546,5.864255,5.6242547,5.524255,5.574255,5.544255,5.2242546,5.1842546,5.654255,6.044255,6.344255,6.4942546,6.7042546,6.9542546,7.3042545,7.3942547,7.234255,7.254255,7.4942546,7.4542546,7.3742547,7.634255,7.754255,7.5542545,7.5142546,7.574255,7.654255
1.0542548,1.2342547,1.2142547,0.9842548,0.56425476,-0.005745239,-0.65574527,-1.3657452,-1.6657453,-0.80574524,0.82425475,1.9642547,2.2642548,1.8242548,1.0542548,0.5442548,0.68425477,1.3342547,1.6842548,1.6842548,1.6842548,1.9242548,2.6542547,3.5242548,4.174255,4.6442547,5.0142546,5.3942547,5.7242546,5.984255,6.2642546,6.544255,6.444255,6.214255,6.0842547,6.0542545,5.984255,5.924255,5.964255,5.964255,6.234255,6.634255,6.8342547,6.9142547,7.0842547,7.074255,7.114255,7.274255,7.294255,7.3542547,7.5642548,7.504255,7.214255,7.384255,7.5642548,7.7042546,7.7042546,7.794255,8.044254,8.204255
-2.6957452,-4.305745,-5.7557454,-6.2357454,-5.975745,-5.365745,-4.805745,-4.5057454,-4.0857453,-3.3057451,-2.5557451,-2.1157453,-2.1157453,-2.1857452,-2.1857452,-2.1857452,-1.8957453,-1.4057453,-0.91574526,-0.65574527,-0.47574523,-0.37574524,-0.32574522,-0.33574525,-0.35574523,-0.40574524,-0.27574524,0.17425476,1.0242548,2.1742547,3.3742547,4.594255,5.4942546,5.8342547,6.134255,6.6042547,6.6442547,6.4142547,6.424255,6.5642548,6.8542547,7.134255,7.134255,6.964255,6.9742546,7.114255,7.344255,7.504255,7.5542545,7.5542545,7.424255,7.1642547,7.2642546,7.4142547,7.404255,7.3742547,7.7442546,8.204255,8.584255,8.814255
-4.9457455,-4.7157454,-4.5257454,-4.265745,-4.0257454,-3.9257452,-3.7357452,-3.3157454,-2.7157452,-2.1257453,-1.5157453,-1.0357453,-1.1957452,-1.6257453,-1.6457453,-1.3657452,-1.0557452,-0.68574524,-0.29574525,0.13425475,0.31425476,0.23425476,0.40425476,0.71425474,0.7342548,0.57425475,0.6142548,0.8542548,1.0642548,1.4742547,1.7842548,1.6442548,1.1742548,1.1142547,2.1442547,3.6042547,4.6442547,5.4342546,6.114255,6.694255,7.174255,7.424255,7.4942546,7.484255,7.524255,7.7042546,7.924255,7.944255,8.044254,8.204255,7.944255,7.4142547,7.154255,7.2642546,7.4742546,7.924255,8.324255,8.554255,8.694255,8.874255
-3.7357452,-3.6557453,-3.4557452,-3.2757452,-3.0157452,-2.8657453,-2.8057451,-2.6957452,-2.3957453,-1.9357452,-1.2357452,-0.6957452,-0.8957452,-1.4557452,-1.6257453,-1.3957453,-1.0457453,-0.6957452,-0.35574523,0.014254761,0.21425477,0.30425477,0.87425476,1.3842548,1.4942547,1.9742547,2.7842548,3.0842547,3.0442548,3.0842547,3.1942549,3.1942549,2.6342547,2.1042547,2.5242548,3.0042548,2.9142547,3.1342547,3.4942548,3.9342546,4.7042546,5.8542547,7.0342546,7.7642546,8.134254,8.354255,8.474255,8.494255,8.544254,8.574255,8.444255,8.114255,8.034255,8.064255,8.154255,8.504254,8.514255,8.574255,8.724255,9.024255
-3.6057453,-3.5557451,-3.3957453,-3.1757452,-2.8657453,-2.7357452,-2.6557453,-2.5457451,-2.3957453,-1.9757452,-1.3257452,-1.0257453,-1.2357452,-1.5157453,-1.3557452,-0.81574523,-0.41574523,-0.15574524,0.15425476,0.41425475,0.50425476,0.7342548,0.94425476,0.96425474,1.3942548,2.3642547,2.7542548,2.7442548,3.1642547,3.8642547,4.324255,4.344255,3.6442547,3.0542548,3.5442548,3.7342548,3.4942548,3.6242547,4.3042545,5.214255,5.274255,4.4342546,3.8342547,4.254255,5.4142547,6.944255,8.264255,8.854255,9.004254,8.974255,8.814255,8.694255,8.724255,8.734255,8.794254,8.984255,9.0942545,9.004254,8.904255,8.904255
-3.0557451,-2.9957452,-2.8657453,-2.6857452,-2.4557452,-2.4057453,-2.4157453,-2.4457452,-2.2557452,-1.7757453,-1.3057452,-1.0957452,-1.0457453,-0.9657452,-0.7157452,-0.34574524,-0.095745236,0.084254764,0.30425477,0.44425476,0.56425476,0.7842548,1.0642548,1.4142548,1.7142547,1.9042548,1.9542547,2.1542547,2.7742548,3.2842548,3.4042547,3.2642548,3.3642547,3.9142547,4.7642546,4.8942547,4.4742546,4.254255,4.9542546,5.4942546,5.614255,5.904255,5.9342546,5.4742546,4.8342547,4.6242547,5.2642546,6.614255,7.9742546,8.8442545,9.134254,9.224255,9.354255,9.464254,9.394255,9.264255,9.244255,9.384254,9.494255,9.424254
-3.2157452,-2.8957453,-2.5857453,-2.3457453,-2.1057453,-1.9657452,-1.7857453,-1.5157453,-1.2257452,-0.93574524,-0.65574527,-0.40574524,-0.29574525,-0.27574524,-0.19574524,0.06425476,0.36425477,0.6042548,0.6642548,0.64425474,0.8542548,1.1842548,1.4842547,1.7842548,2.0942547,2.3142548,2.4442549,2.6842546,3.1742547,3.5542548,3.5342548,3.2542548,3.1842546,3.5642548,4.044255,4.694255,5.2242546,5.5642548,6.174255,6.504255,6.574255,6.5342546,6.294255,5.944255,5.774255,5.404255,5.4342546,5.424255,5.544255,6.424255,7.6042547,8.744255,9.544254,9.814255,9.8442545,9.644255,9.474255,9.584255,9.784255,9.854255
-2.5057452,-1.9857452,-1.6357453,-1.5357453,-1.5057453,-1.3957453,-1.2757453,-1.1257453,-0.9657452,-0.84574527,-0.68574524,-0.5157452,-0.37574524,-0.25574523,-0.05574524,0.22425476,0.62425476,0.90425473,1.0642548,1.2642548,1.5842547,1.7042547,1.7742548,2.1242547,2.4842548,2.6742547,2.8742547,3.0542548,3.2742548,3.4742548,3.5242548,3.6942549,3.9642549,4.0842547,3.9942548,3.9442549,4.3342547,5.074255,5.984255,6.674255,7.1042547,7.254255,7.2642546,7.234255,7.4142547,7.484255,7.574255,7.594255,7.1242547,6.344255,6.024255,6.464255,7.5542545,8.714254,9.464254,9.774255,9.854255,9.934255,9.924254,9.754254
-2.2257452,-1.8957453,-1.7557453,-1.6857452,-1.6557453,-1.5457453,-1.4657452,-1.2757453,-0.92574525,-0.53574526,-0.17574523,0.04425476,0.20425476,0.34425476,0.49425477,0.6042548,0.7942548,0.99425477,1.3342547,1.7342547,2.0042548,2.1342547,2.2142549,2.5742548,3.1242547,3.5142548,3.8042548,3.9442549,4.1642547,4.444255,4.4342546,4.3042545,4.234255,4.1842546,4.174255,4.384255,4.8742547,5.4342546,5.754255,5.964255,6.1042547,6.1642547,6.214255,6.3742547,6.714255,7.094255,7.5342546,7.844255,8.184255,8.694255,8.644255,7.8342547,6.8942547,6.6842546,7.3542547,8.354255,9.224255,9.924254,10.564256,10.624255
-1.7957453,-1.6357453,-1.4957452,-1.5057453,-1.3857453,-1.0957452,-0.74574524,-0.50574523,-0.30574524,0.024254762,0.29425475,0.23425476,0.25425476,0.45425475,0.6042548,0.81425476,1.1742548,1.4742547,1.7642548,2.0542548,2.1342547,2.1742547,2.2342548,2.4042547,2.8542547,3.2842548,3.5842547,3.6942549,3.7242548,3.9042547,4.214255,4.734255,5.154255,5.3942547,5.464255,5.6042547,5.9142547,5.8542547,5.5842547,5.424255,5.504255,5.774255,6.114255,6.524255,6.7842546,6.9342546,7.1642547,7.3342547,7.5142546,7.9942546,8.464254,8.684255,8.684255,8.174254,7.8142548,7.7242546,7.794255,8.394255,9.434255,10.434256
-1.5057453,-1.3157452,-1.0957452,-0.81574523,-0.43574524,-0.05574524,0.22425476,0.31425476,0.28425476,0.44425476,0.63425475,0.63425475,0.7242548,0.9742548,1.1242547,1.2442547,1.5442548,1.9142548,2.2842548,2.6442547,2.8242548,2.8442547,2.8742547,3.1442547,3.5242548,3.8942547,4.1442547,4.234255,4.254255,4.3742547,4.6042547,4.734255,4.8042545,5.154255,5.444255,5.8542547,6.4342546,6.6442547,6.5542545,6.7642546,6.8742547,6.5342546,6.5142546,6.864255,7.254255,7.364255,7.3942547,7.484255,7.6642547,7.884255,8.234255,8.494255,8.394255,8.264255,8.534255,8.964254,9.014255,8.724255,8.654255,9.324255
-0.5757452,-0.41574523,-0.29574525,0.04425476,0.47425476,0.64425474,0.68425477,0.74425477,0.82425475,0.9842548,1.0842547,1.1442548,1.3742547,1.6742548,1.9642547,2.1042547,2.1842546,2.3842547,2.8142548,3.2142549,3.3342547,3.2342548,3.2442548,3.5942547,3.9742548,4.2042546,4.344255,4.4742546,4.6442547,4.864255,5.0642548,5.2242546,5.364255,5.6442547,5.984255,6.024255,6.044255,6.1642547,6.4342546,7.0142546,7.4142547,7.6442547,7.754255,7.3742547,7.134255,6.924255,7.0642548,7.3142548,7.6042547,7.9342546,8.074255,8.084255,8.634254,8.8442545,8.134254,7.574255,7.114255,6.884255,7.1242547,7.8542547
0.10425476,0.47425476,0.68425477,0.8542548,1.0342548,1.0942547,1.0942547,1.1642548,1.3442547,1.6342548,1.7842548,1.8742547,2.0442548,2.2242548,2.4742548,2.7442548,2.9442549,3.1342547,3.3842547,3.5442548,3.6042547,3.6542547,3.8142548,4.1242547,4.444255,4.674255,4.8342547,5.0142546,5.214255,5.3542547,5.424255,5.5542545,5.7642546,5.9942546,6.234255,6.4142547,6.574255,6.7842546,6.984255,7.0642548,7.1042547,7.1042547,7.174255,7.5842547,7.6642547,7.214255,7.0142546,7.154255,7.594255,7.9142547,7.944255,8.194255,8.534255,7.9342546,7.6242547,7.714255,7.5642548,7.444255,7.574255,7.5142546
0.64425474,0.87425476,1.1442548,1.3942548,1.5742548,1.7042547,1.8842548,2.0242548,2.1442547,2.4142547,2.6142547,2.6342547,2.7042549,2.9742548,3.2642548,3.4842548,3.5942547,3.6842546,3.8742547,4.134255,4.2642546,4.324255,4.5342546,4.8742547,5.2042546,5.4142547,5.524255,5.634255,5.7242546,5.7842546,5.8942547,6.114255,6.3042545,6.504255,6.8142548,7.114255,7.324255,7.444255,7.524255,7.6642547,7.844255,7.404255,7.384255,7.844255,7.8742547,7.8742547,8.164255,8.324255,8.294254,7.864255,7.6642547,7.8042545,8.534255,9.264255,9.104255,9.054255,9.024255,8.924254,9.124255,9.3442545
1.1642548,1.3942548,1.7642548,2.1742547,2.4742548,2.6142547,2.7242548,2.8942547,3.0542548,3.2542548,3.3642547,3.3542547,3.4442549,3.6742547,3.9342546,4.1642547,4.234255,4.254255,4.504255,4.8542547,5.024255,5.1242547,5.344255,5.714255,6.0142546,6.154255,6.214255,6.294255,6.364255,6.4342546,6.654255,6.864255,7.094255,7.3042545,7.464255,7.654255,7.824255,7.9142547,7.8542547,7.8542547,8.034255,8.204255,8.474255,7.6842546,6.9542546,7.634255,8.104255,8.5942545,8.984255,8.964254,8.684255,8.184255,8.124255,8.444255,9.204255,10.024255,10.544255,10.684256,10.3042555,9.824255
1.9042548,2.3942547,2.6942549,3.0042548,3.3342547,3.4842548,3.5542548,3.6742547,3.7542548,3.8042548,3.9342546,4.194255,4.3942547,4.5142546,4.674255,4.864255,4.924255,5.044255,5.344255,5.674255,5.924255,6.1042547,6.3142548,6.5642548,6.7842546,6.794255,6.7842546,6.7642546,6.824255,7.044255,7.3142548,7.594255,7.7842546,7.864255,7.964255,8.154255,8.274255,8.294254,8.304255,8.304255,8.214254,8.354255,8.264255,7.964255,8.764255,9.294254,8.994255,7.984255,7.544255,8.364255,9.304255,9.5942545,9.604255,9.684255,9.704255,9.864255,9.944255,9.904255,10.084255,10.0942545
2.7142549,3.0642548,3.3642547,3.6542547,3.9942548,4.1842546,4.154255,4.2042546,4.3342547,4.524255,4.8342547,5.2042546,5.4942546,5.574255,5.6042547,5.694255,5.8342547,6.074255,6.344255,6.5142546,6.714255,7.004255,7.2642546,7.384255,7.324255,7.274255,7.3042545,7.3942547,7.5842547,7.8742547,8.054255,8.124255,8.184255,8.264255,8.434255,8.5942545,8.674254,8.784255,8.774255,8.624255,8.524255,8.694255,8.564255,8.294254,8.514255,8.634254,8.934255,9.004254,8.774255,8.964254,9.324255,9.654255,10.084255,10.434256,10.444256,10.384255,10.444256,10.514256,10.624255,10.734256
3.4542549,3.8142548,4.1242547,4.344255,4.524255,4.5842547,4.674255,5.004255,5.3942547,5.6242547,5.794255,6.004255,6.2242546,6.4742546,6.714255,6.794255,6.8042545,6.944255,7.134255,7.2842546,7.444255,7.6842546,7.8142548,7.8742547,7.8542547,7.884255,7.9742546,8.114255,8.294254,8.414255,8.494255,8.494255,8.504254,8.674254,8.874255,8.964254,8.994255,9.084255,9.024255,8.884254,8.944255,9.274255,9.434255,9.444255,9.654255,9.724255,9.454255,9.324255,9.384254,9.624255,9.854255,10.004254,10.194255,10.424255,10.754255,10.974256,10.964255,10.704255,10.5542555,10.524256
4.2242546,4.574255,4.8542547,5.044255,5.1442547,5.274255,5.5642548,5.964255,6.3742547,6.634255,6.6642547,6.674255,6.9142547,7.3742547,7.754255,7.774255,7.6642547,7.734255,7.904255,8.054255,8.114255,8.234255,8.354255,8.384254,8.394255,8.524255,8.644255,8.714254,8.824255,8.894255,8.924254,8.994255,9.134254,9.224255,9.224255,9.234255,9.294254,9.314255,9.414255,9.554255,9.754254,10.024255,10.074255,10.064255,10.0942545,10.084255,9.934255,9.794254,9.884254,10.084255,10.184255,10.184255,10.374255,10.604256,10.644256,10.774256,11.064256,11.214255,11.0542555,10.864255
4.984255,5.254255,5.6242547,5.9542546,6.0842547,6.1642547,6.4342546,6.794255,7.0842547,7.254255,7.484255,7.7242546,7.944255,8.254254,8.514255,8.5942545,8.524255,8.514255,8.654255,8.724255,8.734255,8.834255,8.984255,9.044254,9.0942545,9.184255,9.214254,9.204255,9.294254,9.354255,9.374255,9.434255,9.404255,9.294254,9.264255,9.324255,9.474255,9.814255,10.134254,10.234255,10.294255,10.374255,10.404255,10.424255,10.434256,10.414255,10.354256,10.414255,10.674255,10.794255,10.904255,11.154255,11.354256,11.3042555,11.124255,10.964255,10.874255,11.174255,11.594255,11.534255
