UV_10m_small_gfs.t12z.pgrb2.0p25.f006.json
{"header": { "discipline":0, "disciplineName":"Meteorological products", "gribEdition":2, "gribLength":17311, "center":7, "centerName":"US National Weather Service - NCEP(WMC)", "subcenter":0, "refTime":"2023-03-21T12:00:00.000Z", "significanceOfRT":1, "significanceOfRTName":"Start of forecast", "productStatus":0, "productStatusName":"Operational products", "productType":1, "productTypeName":"Forecast products", "productDefinitionTemplate":0, "productDefinitionTemplateName":"Analysis/forecast at horizontal level/layer at a point in time", "parameterCategory":2, "parameterCategoryName":"Momentum", "parameterNumber":3, "parameterNumberName":"V-component_of_wind", "parameterUnit":"m.s-1", "genProcessType":2, "genProcessTypeName":"Forecast", "forecastTime":6, "surface1Type":103, "surface1TypeName":"Specified height level above ground", "surface1Value":10.0, "surface2Type":255, "surface2TypeName":"Missing", "surface2Value":0.0, "gridDefinitionTemplate":0, "gridDefinitionTemplateName":"Latitude_Longitude", "numberPoints":11421, "shape":6, "shapeName":"Earth spherical with radius of 6,371,229.0 m", "gridUnits":"degrees", "resolution":48, "winds":"true", "scanMode":64, "nx":141, "ny":81, "basicAngle":0, "lo1":210.0, "la1":30.0, "lo2":245.0, "la2":50.0, "dx":0.25, "dy":0.25 }, "data":
[rows 0 to 24 of 81, columns 0 to 56 of 141]
-4.284214,-4.714214,-5.1642137,-5.514214,-5.524214,-5.764214,-5.9342136,-6.024214,-6.614214,-6.654214,-6.3742137,-6.6042137,-6.9342136,-7.284214,-7.424214,-7.454214,-7.844214,-8.134213,-8.154214,-8.144214,-8.604214,-9.394214,-9.694214,-9.744214,-9.8442135,-10.074214,-10.374214,-10.494214,-10.634213,-10.894214,-11.134213,-11.274214,-11.524214,-11.374214,-11.414214,-11.264214,-11.404214,-11.214214,-11.534214,-11.954214,-12.414214,-12.634213,-12.214214,-12.324214,-12.924213,-13.0942135,-13.144214,-13.124214,-13.284214,-13.614214,-13.834214,-13.444214,-13.154214,-13.0942135,-13.124214,-13.174213,-12.924213
-4.3942137,-4.494214,-4.744214,-5.094214,-5.3942137,-5.524214,-5.444214,-5.704214,-5.994214,-6.344214,-6.8742137,-7.194214,-7.274214,-7.424214,-7.344214,-7.484214,-7.614214,-7.8342137,-8.414214,-8.834214,-9.224214,-9.364214,-9.434214,-9.874214,-10.154214,-10.284214,-10.394214,-10.554214,-10.864214,-11.104214,-11.224214,-11.354214,-11.524214,-11.644214,-11.854214,-12.434214,-12.484214,-12.024214,-12.144214,-12.604214,-12.8442135,-13.144214,-13.354214,-13.414214,-13.444214,-13.254214,-13.224214,-13.354214,-13.484214,-13.824214,-14.274214,-13.934214,-13.124214,-12.984214,-12.934214,-12.874214,-12.654214
-4.264214,-4.474214,-4.884214,-5.174214,-5.224214,-5.1442137,-5.614214,-5.904214,-6.3542137,-6.824214,-6.8742137,-7.004214,-7.214214,-7.304214,-7.714214,-7.844214,-8.054214,-8.264214,-8.734214,-9.264214,-9.734214,-9.8442135,-9.894214,-10.114214,-10.184214,-10.274214,-10.434214,-10.684214,-11.034214,-11.374214,-11.664214,-11.8442135,-11.764214,-11.864214,-12.224214,-12.354214,-12.414214,-12.444214,-12.524214,-12.634213,-12.754214,-12.894214,-13.154214,-13.284214,-13.284214,-13.244214,-13.264214,-13.744214,-13.884213,-14.014214,-14.154214,-14.374214,-14.484214,-13.494214,-12.924213,-13.054214,-13.214214
-4.464214,-4.674214,-4.864214,-5.254214,-5.1842136,-5.444214,-6.204214,-6.3742137,-6.5642138,-6.654214,-7.014214,-7.324214,-7.454214,-7.5642138,-8.074214,-8.434214,-8.494214,-8.894214,-9.214214,-9.264214,-9.434214,-10.074214,-10.134213,-10.014214,-10.214214,-10.474214,-10.614214,-10.884213,-11.294214,-11.394214,-11.324214,-11.674213,-12.204214,-12.304214,-12.454214,-12.244214,-12.054214,-12.204214,-12.404214,-12.644214,-12.894214,-13.044214,-13.084214,-13.024214,-13.024214,-13.294214,-13.494214,-13.854214,-13.964214,-13.984214,-13.874214,-13.934214,-13.824214,-13.964214,-13.894214,-13.794214,-13.754214
-3.894214,-4.404214,-4.764214,-4.964214,-5.254214,-5.794214,-6.294214,-6.544214,-6.774214,-7.154214,-7.534214,-7.5642138,-7.5842137,-7.884214,-8.264214,-8.734214,-9.174213,-9.194214,-9.384213,-9.494214,-9.224214,-9.644214,-10.0942135,-10.314214,-10.424213,-10.674213,-10.854214,-11.034214,-11.204214,-11.194214,-11.454214,-11.714214,-12.114214,-12.334214,-12.354214,-12.324214,-12.254214,-12.414214,-12.654214,-12.814214,-12.974214,-13.174213,-13.054214,-13.044214,-13.284214,-13.464214,-13.484214,-13.454214,-13.324214,-13.514214,-13.704214,-13.924213,-14.214214,-14.404214,-14.754214,-14.694214,-13.724214
-4.214214,-4.8742137,-4.8742137,-5.034214,-5.544214,-5.994214,-6.1042137,-6.5842137,-7.094214,-7.454214,-7.3742137,-7.424214,-7.774214,-8.054214,-8.204214,-8.504214,-8.834214,-9.074214,-9.654214,-9.604214,-9.544214,-9.814214,-10.3442135,-10.624214,-10.764214,-10.814214,-10.954214,-11.0942135,-11.154214,-11.574214,-11.934214,-12.144214,-12.074214,-12.114214,-12.264214,-12.524214,-12.534214,-12.814214,-12.894214,-13.014214,-12.964214,-13.054214,-13.274214,-13.324214,-13.314214,-13.234214,-13.254214,-13.384213,-13.524214,-13.5942135,-13.854214,-14.044214,-14.544214,-14.744214,-14.674213,-14.414214,-13.884213
-4.774214,-4.8742137,-5.204214,-5.484214,-5.844214,-6.054214,-6.174214,-6.714214,-7.1242137,-7.3142138,-7.6642137,-8.014214,-8.224214,-8.394214,-8.224214,-8.134213,-8.174213,-9.104214,-9.764214,-9.674213,-9.584214,-9.824214,-10.104214,-10.494214,-10.804214,-11.034214,-11.234214,-11.424213,-11.694214,-11.944214,-12.224214,-12.504214,-12.384213,-12.234214,-12.244214,-12.674213,-12.8442135,-13.074214,-13.174213,-13.104214,-13.014214,-13.174213,-13.414214,-13.464214,-13.444214,-13.374214,-13.414214,-13.914214,-14.274214,-14.284214,-14.234214,-14.374214,-14.634213,-14.434214,-13.724214,-13.204214,-13.044214
-4.554214,-4.9142137,-5.4342136,-5.654214,-5.984214,-6.1042137,-6.494214,-6.9142137,-7.1842136,-7.3342137,-7.464214,-7.694214,-7.694214,-7.964214,-8.044214,-8.104214,-8.514214,-9.234214,-9.704214,-10.054214,-10.114214,-10.354214,-10.474214,-10.484214,-10.914214,-11.334214,-11.544214,-11.744214,-11.914214,-12.044214,-12.294214,-12.704214,-12.774214,-12.634213,-12.454214,-12.644214,-13.084214,-13.184214,-13.064214,-12.974214,-13.014214,-13.184214,-13.294214,-13.294214,-13.434214,-13.634213,-13.944214,-14.134213,-14.434214,-14.444214,-14.424213,-14.374214,-13.954214,-13.864214,-13.484214,-13.194214,-13.164214
-4.5842137,-5.1842136,-5.6442137,-5.944214,-6.0842137,-6.324214,-6.734214,-6.5842137,-6.574214,-6.694214,-7.094214,-7.524214,-7.954214,-7.964214,-7.984214,-8.644214,-9.144214,-8.954214,-9.704214,-10.434214,-10.304214,-10.324214,-10.764214,-10.964214,-11.244214,-11.694214,-11.864214,-11.904214,-11.954214,-12.174213,-12.424213,-12.624214,-12.984214,-13.074214,-12.994214,-12.964214,-13.064214,-13.014214,-12.994214,-12.994214,-13.184214,-13.284214,-13.414214,-13.554214,-13.714214,-13.964214,-14.374214,-13.944214,-13.864214,-14.194214,-14.234214,-14.044214,-13.634213,-13.084214,-13.384213,-13.324214,-13.414214
-5.3542137,-5.764214,-5.774214,-5.8342137,-6.1642137,-6.204214,-5.9142137,-5.8342137,-6.114214,-6.764214,-7.274214,-7.784214,-8.154214,-8.384213,-8.784214,-9.274214,-9.234214,-9.144214,-9.244214,-9.894214,-10.414214,-10.534214,-10.794214,-11.5942135,-11.764214,-11.894214,-12.0942135,-12.214214,-12.314214,-12.434214,-12.654214,-12.814214,-13.034214,-13.114214,-13.234214,-13.114214,-12.934214,-12.964214,-13.124214,-13.234214,-13.484214,-13.484214,-13.534214,-13.734214,-14.034214,-14.224214,-14.364214,-13.984214,-13.914214,-14.124214,-13.864214,-13.704214,-13.644214,-13.324214,-13.3442135,-13.304214,-12.924213
-5.214214,-5.364214,-5.3942137,-5.6042137,-5.714214,-5.594214,-5.634214,-6.194214,-6.8542137,-7.404214,-7.804214,-7.904214,-8.214214,-8.834214,-9.374214,-9.434214,-9.814214,-10.134213,-9.784214,-9.814214,-10.8442135,-11.914214,-11.934214,-11.924213,-11.904214,-12.074214,-12.284214,-12.504214,-12.5942135,-12.624214,-12.904214,-13.134213,-13.304214,-13.124214,-13.164214,-13.204214,-13.014214,-13.164214,-13.234214,-13.434214,-13.634213,-13.804214,-13.864214,-13.804214,-13.864214,-13.994214,-13.704214,-13.854214,-13.924213,-14.024214,-13.934214,-13.804214,-13.644214,-13.484214,-13.304214,-13.154214,-13.034214
-4.404214,-4.554214,-5.054214,-5.3942137,-5.704214,-6.024214,-6.5642138,-6.904214,-7.3742137,-7.594214,-7.9142137,-8.244214,-8.824214,-9.334214,-9.524214,-9.734214,-9.984214,-10.294214,-10.734214,-11.054214,-11.144214,-11.884213,-12.134213,-12.044214,-12.034214,-12.204214,-12.404214,-12.434214,-12.484214,-12.674213,-12.874214,-13.114214,-13.154214,-13.324214,-13.044214,-13.224214,-13.214214,-13.084214,-13.134213,-12.874214,-13.034214,-13.454214,-13.714214,-13.704214,-13.754214,-14.034214,-13.814214,-14.074214,-14.404214,-13.874214,-13.604214,-13.714214,-13.224214,-13.194214,-13.0942135,-13.014214,-12.934214
-4.404214,-4.6842136,-5.204214,-5.6442137,-6.074214,-6.524214,-6.944214,-7.224214,-7.484214,-7.6642137,-8.014214,-8.624214,-9.234214,-9.454214,-9.664214,-9.774214,-10.184214,-10.784214,-11.754214,-12.244214,-12.0942135,-11.494214,-12.054214,-12.474214,-12.454214,-12.354214,-12.244214,-12.334214,-12.514214,-12.684214,-12.824214,-12.904214,-12.584214,-12.694214,-12.934214,-13.134213,-13.424213,-13.124214,-13.124214,-12.884213,-12.744214,-13.184214,-13.394214,-13.874214,-14.074214,-14.374214,-14.804214,-13.944214,-13.584214,-13.794214,-13.304214,-12.514214,-12.564214,-12.644214,-12.864214,-12.954214,-12.924213
-4.674214,-5.274214,-5.634214,-5.884214,-6.454214,-7.054214,-7.3742137,-7.5642138,-7.6442137,-8.124214,-8.5942135,-8.934214,-9.384213,-9.824214,-10.284214,-10.724214,-10.864214,-11.434214,-12.154214,-12.084214,-12.134213,-11.824214,-11.284214,-11.804214,-12.254214,-12.324214,-12.204214,-12.264214,-12.504214,-12.684214,-12.764214,-12.754214,-12.484214,-12.544214,-13.234214,-13.364214,-13.524214,-13.354214,-13.204214,-13.404214,-13.464214,-14.024214,-14.284214,-14.454214,-14.524214,-14.3442135,-14.554214,-13.984214,-13.124214,-13.114214,-13.544214,-12.814214,-12.474214,-12.984214,-12.684214,-12.684214,-12.584214
-5.224214,-5.614214,-6.0842137,-6.5642138,-6.844214,-7.1242137,-7.484214,-7.8342137,-8.104214,-8.604214,-9.064214,-9.534214,-10.214214,-10.854214,-10.964214,-11.364214,-11.5942135,-11.354214,-11.274214,-11.354214,-11.724214,-12.274214,-11.784214,-11.264214,-12.054214,-12.5942135,-12.494214,-12.524214,-12.434214,-12.524214,-12.734214,-12.924213,-12.694214,-12.234214,-12.814214,-13.274214,-13.014214,-13.134213,-13.234214,-13.374214,-13.414214,-13.404214,-14.084214,-14.634213,-14.664214,-14.254214,-13.614214,-13.664214,-13.684214,-13.474214,-13.644214,-14.184214,-13.854214,-13.714214,-12.684214,-12.764214,-12.564214
-5.3342137,-5.844214,-6.464214,-6.954214,-7.1642137,-7.524214,-7.984214,-8.644214,-8.904214,-9.044214,-9.334214,-9.784214,-10.104214,-10.674213,-11.204214,-11.324214,-11.494214,-11.204214,-10.744214,-11.024214,-11.3442135,-11.654214,-12.534214,-11.994214,-12.034214,-12.564214,-12.574214,-12.494214,-12.854214,-12.624214,-12.834214,-13.064214,-13.244214,-12.5942135,-11.724214,-12.364214,-12.964214,-13.194214,-13.424213,-13.494214,-13.484214,-13.074214,-13.054214,-13.814214,-14.284214,-14.514214,-13.754214,-13.654214,-13.494214,-13.294214,-13.654214,-13.894214,-13.334214,-13.294214,-13.294214,-13.384213,-13.284214
-5.704214,-6.214214,-6.864214,-7.4342136,-7.904214,-8.314214,-8.374214,-8.924213,-9.484214,-9.704214,-9.904214,-10.014214,-9.984214,-9.894214,-10.444214,-10.574214,-10.924213,-11.504214,-11.5942135,-11.234214,-11.314214,-11.644214,-12.124214,-12.774214,-12.034214,-12.204214,-12.464214,-12.204214,-12.284214,-12.734214,-12.854214,-13.0942135,-13.154214,-13.264214,-12.874214,-12.504214,-13.084214,-13.574214,-13.534214,-13.554214,-13.584214,-13.744214,-13.624214,-13.184214,-13.874214,-14.584214,-14.764214,-14.734214,-14.574214,-13.944214,-13.924213,-13.894214,-13.704214,-13.794214,-14.114214,-14.504214,-14.584214
-6.474214,-6.954214,-7.254214,-7.574214,-7.904214,-8.384213,-8.734214,-8.904214,-9.334214,-9.754214,-10.0942135,-10.164214,-10.304214,-10.484214,-10.354214,-10.614214,-10.944214,-11.364214,-11.994214,-12.154214,-11.694214,-11.634213,-11.854214,-12.194214,-12.174213,-12.284214,-12.854214,-12.834214,-12.3442135,-12.604214,-13.054214,-13.114214,-13.104214,-13.294214,-13.384213,-13.404214,-13.154214,-13.484214,-13.634213,-13.604214,-13.694214,-14.084214,-14.304214,-13.904214,-13.8442135,-14.434214,-14.454214,-14.414214,-14.034214,-13.324214,-13.284214,-13.704214,-13.724214,-14.194214,-14.614214,-14.884213,-14.414214
-7.014214,-7.384214,-7.4342136,-7.674214,-8.024214,-8.204214,-8.544214,-8.704214,-9.084214,-9.484214,-9.814214,-10.074214,-10.424213,-10.674213,-10.534214,-10.734214,-10.834214,-10.974214,-11.474214,-11.944214,-12.154214,-11.874214,-11.714214,-11.764214,-12.314214,-12.524214,-13.124214,-12.964214,-12.734214,-12.554214,-12.734214,-13.224214,-13.234214,-13.244214,-13.424213,-12.884213,-13.124214,-13.544214,-13.504214,-13.474214,-13.744214,-13.834214,-13.894214,-14.494214,-14.534214,-14.384213,-13.904214,-13.354214,-12.954214,-13.514214,-13.584214,-13.874214,-14.434214,-14.854214,-15.224214,-15.114214,-14.644214
-6.964214,-7.244214,-7.514214,-7.904214,-8.334214,-8.514214,-8.314214,-8.644214,-8.724214,-8.934214,-9.234214,-9.644214,-9.924213,-10.124214,-10.544214,-10.574214,-10.874214,-11.014214,-11.224214,-11.294214,-11.774214,-12.164214,-12.034214,-11.764214,-11.954214,-12.264214,-12.584214,-12.314214,-12.214214,-12.494214,-12.424213,-13.034214,-13.314214,-13.124214,-13.244214,-13.384213,-13.424213,-13.644214,-13.564214,-13.944214,-14.334214,-14.244214,-13.924213,-13.964214,-14.154214,-13.724214,-13.534214,-13.424213,-13.114214,-13.584214,-14.124214,-14.404214,-14.8442135,-15.0942135,-15.164214,-14.004214,-14.364214
-6.8742137,-7.214214,-7.594214,-7.8742137,-8.204214,-8.564214,-8.714214,-8.954214,-9.254214,-9.414214,-9.494214,-9.554214,-9.8442135,-10.204214,-10.664214,-10.774214,-10.8442135,-10.884213,-11.0942135,-11.374214,-11.474214,-11.864214,-12.534214,-12.414214,-12.184214,-12.174213,-12.274214,-11.984214,-11.564214,-12.014214,-12.394214,-13.014214,-13.524214,-13.574214,-13.394214,-13.504214,-13.624214,-13.564214,-13.934214,-13.894214,-13.924213,-14.034214,-13.924213,-13.904214,-13.624214,-12.964214,-13.074214,-13.884213,-13.954214,-14.164214,-14.384213,-14.584214,-15.014214,-15.0942135,-14.0942135,-13.354214,-13.944214
-7.1042137,-7.3742137,-7.614214,-7.784214,-7.964214,-8.274214,-8.604214,-8.884213,-9.214214,-9.404214,-9.494214,-9.684214,-9.8442135,-10.044214,-10.404214,-10.604214,-10.614214,-10.674213,-10.8442135,-11.224214,-11.514214,-11.754214,-12.124214,-12.554214,-12.674213,-12.634213,-12.934214,-13.114214,-13.144214,-12.984214,-12.854214,-13.254214,-13.574214,-13.574214,-13.644214,-13.654214,-13.564214,-13.784214,-13.974214,-13.864214,-13.984214,-14.254214,-14.464214,-14.164214,-13.484214,-13.494214,-13.964214,-14.564214,-14.704214,-14.654214,-14.864214,-15.314214,-15.174213,-14.544214,-13.364214,-13.544214,-14.244214
-6.964214,-7.3742137,-7.634214,-7.904214,-8.214214,-8.454214,-8.654214,-8.874214,-8.984214,-8.914214,-9.054214,-9.534214,-9.694214,-9.734214,-10.024214,-10.334214,-10.524214,-10.564214,-10.474214,-10.894214,-11.694214,-12.154214,-12.294214,-12.044214,-12.054214,-11.994214,-12.614214,-13.244214,-13.304214,-13.244214,-13.194214,-13.374214,-13.574214,-13.584214,-13.654214,-13.674213,-13.784214,-13.924213,-13.894214,-14.074214,-14.004214,-14.104214,-14.194214,-14.194214,-13.904214,-13.954214,-14.324214,-14.364214,-14.504214,-14.834214,-15.354214,-15.724214,-14.884213,-14.154214,-13.404214,-13.824214,-14.044214
-6.674214,-7.154214,-7.464214,-7.9142137,-8.384213,-8.874214,-9.254214,-9.324214,-9.054214,-9.014214,-9.0942135,-9.424213,-9.364214,-9.404214,-9.724214,-10.014214,-10.004214,-10.474214,-10.874214,-10.984214,-11.244214,-11.604214,-11.974214,-12.064214,-12.124214,-12.224214,-12.384213,-12.474214,-12.464214,-12.744214,-12.684214,-13.194214,-13.504214,-13.554214,-13.634213,-13.674213,-14.024214,-14.084214,-13.964214,-14.204214,-14.214214,-14.114214,-13.714214,-13.604214,-13.984214,-14.304214,-14.324214,-14.574214,-14.854214,-15.284214,-15.624214,-15.384213,-14.694214,-13.824214,-13.944214,-13.724214,-13.204214
-6.714214,-7.134214,-7.454214,-7.8542137,-8.254214,-8.674213,-9.184214,-9.434214,-9.574214,-9.504214,-9.174213,-9.234214,-9.314214,-9.554214,-9.724214,-9.974214,-10.464214,-10.554214,-10.874214,-11.054214,-11.254214,-11.604214,-12.164214,-12.454214,-12.3442135,-12.284214,-12.354214,-12.274214,-12.454214,-13.034214,-13.144214,-13.254214,-13.524214,-13.604214,-13.624214,-13.604214,-13.914214,-14.084214,-14.154214,-14.144214,-14.3442135,-14.434214,-14.404214,-14.014214,-13.964214,-13.934214,-14.324214,-14.514214,-15.054214,-15.394214,-15.354214,-14.654214,-13.884213,-13.884213,-14.154214,-13.764214,-12.944214
