UV_10m_small_gfs.t12z.pgrb2.0p25.f039.json
{"header": { "discipline":0, "disciplineName":"Meteorological products", "gribEdition":2, "gribLength":17311, "center":7, "centerName":"US National Weather Service - NCEP(WMC)", "subcenter":0, "refTime":"2023-03-21T12:00:00.000Z", "significanceOfRT":1, "significanceOfRTName":"Start of forecast", "productStatus":0, "productStatusName":"Operational products", "productType":1, "productTypeName":"Forecast products", "productDefinitionTemplate":0, "productDefinitionTemplateName":"Analysis/forecast at horizontal level/layer at a point in time", "parameterCategory":2, "parameterCategoryName":"Momentum", "parameterNumber":2, "parameterNumberName":"U-component_of_wind", "parameterUnit":"m.s-1", "genProcessType":2, "genProcessTypeName":"Forecast", "forecastTime":39, "surface1Type":103, "surface1TypeName":"Specified height level above ground", "surface1Value":10.0, "surface2Type":255, "surface2TypeName":"Missing", "surface2Value":0.0, "gridDefinitionTemplate":0, "gridDefinitionTemplateName":"Latitude_Longitude", "numberPoints":11421, "shape":6, "shapeName":"Earth spherical with radius of 6,371,229.0 m", "gridUnits":"degrees", "resolution":48, "winds":"true", "scanMode":64, "nx":141, "ny":81, "basicAngle":0, "lo1":210.0, "la1":30.0, "lo2":245.0, "la2":50.0, "dx":0.25, "dy":0.25 }, "data":
[rows 0 to 25 of 81, columns 0 to 59 of 141]
-8.625876,-8.665876,-8.305877,-8.255877,-8.255877,-8.115876,-8.175877,-8.035876,-8.125876,-7.8858767,-7.4458766,-7.5858765,-7.575876,-7.4958763,-7.4258766,-7.1058764,-6.9858766,-6.9758763,-6.9658766,-6.6558766,-6.3758764,-6.2958765,-6.2258763,-6.3558764,-6.7258763,-6.575876,-6.4358764,-6.2758765,-6.0258765,-5.7358766,-5.9258766,-5.6858764,-5.6458764,-5.3058763,-5.2858763,-4.8858767,-4.5958767,-4.0458765,-3.4758766,-4.2558765,-4.5458765,-4.4058766,-4.2358766,-4.325876,-3.9358764,-3.7358766,-3.4858766,-3.4758766,-3.3858764,-3.6958764,-3.6958764,-3.1158764,-2.8458765,-3.0258765,-2.6058764,-2.1858764,-2.1558764,-2.0958765,-1.9858764,-1.7658764
-8.305877,-8.035876,-7.7758765,-7.8158765,-7.7058764,-7.6558766,-7.9158764,-8.065876,-8.145877,-7.7058764,-7.4958763,-7.6958766,-7.4958763,-7.2358766,-7.1158767,-6.825876,-6.8158765,-6.8058763,-6.5558763,-6.2558765,-6.0658765,-6.1858764,-6.0858765,-6.2358766,-6.4858766,-6.4958763,-6.4358764,-6.1158767,-6.0358763,-5.5558763,-5.7158766,-6.1858764,-5.2558765,-5.3358765,-5.5458765,-4.8158765,-4.1158767,-3.7858765,-3.7558765,-3.9558764,-4.1958766,-3.8358765,-4.0158763,-4.2558765,-4.2458763,-3.7758765,-3.0658765,-3.2258766,-3.4158764,-3.1558764,-3.3558764,-2.6658764,-2.3058765,-2.4258764,-2.6958764,-2.2558765,-1.8158765,-1.8358765,-1.7958765,-1.6758765
-8.005877,-7.6458764,-7.6758766,-7.6658764,-7.3158765,-7.4358764,-7.6858764,-7.6158767,-7.2458763,-7.0958767,-7.3158765,-7.3058763,-7.0058765,-6.8358765,-6.8158765,-6.7558765,-6.7058764,-6.4258766,-6.0258765,-6.1158767,-5.9258766,-5.825876,-6.0458765,-6.2758765,-6.2958765,-6.2858763,-6.3058763,-6.1258764,-5.6758766,-5.6258764,-5.4158764,-5.7758765,-5.1358767,-4.8958764,-4.8458767,-4.6458764,-3.8458765,-3.5758765,-3.5458765,-3.8758764,-4.2058764,-3.8558764,-3.9858766,-3.7458766,-3.2458766,-3.5158765,-2.9458764,-2.8158765,-2.9358764,-2.4958766,-2.5858765,-2.2658765,-2.2158766,-1.8458765,-2.2758765,-1.9758765,-1.5958765,-1.5758765,-1.4558765,-1.3958764
-8.015877,-7.9758763,-7.9558764,-7.4558764,-7.1458764,-7.3058763,-7.3358765,-6.9058766,-6.7758765,-6.3558764,-6.6858764,-7.2158766,-6.6758766,-6.6058764,-6.8158765,-6.6758766,-6.3858767,-6.2458763,-6.1358767,-6.2258763,-5.8858767,-5.6558766,-5.6858764,-5.7758765,-5.8858767,-5.9458766,-5.8758764,-6.0258765,-5.6558766,-5.4358764,-5.4158764,-5.4358764,-5.1458764,-4.5158763,-4.0658765,-4.3058763,-3.6958764,-3.4158764,-3.1558764,-3.3158765,-3.8458765,-3.5158765,-4.0958767,-3.6758764,-3.2458766,-3.2858765,-3.1958764,-2.6858764,-2.7758765,-1.9958764,-1.7658764,-1.9858764,-2.0558765,-1.6558765,-1.5558765,-1.3558764,-1.2558764,-1.2458764,-1.1058764,-0.98587644
-7.9258766,-7.5358763,-7.075876,-7.0258765,-6.9758763,-6.9558764,-6.8458767,-6.7158766,-7.1158767,-7.2058764,-6.3458767,-6.075876,-6.7658763,-6.6658764,-6.7458763,-6.6158767,-5.9858766,-5.9658766,-5.9358764,-5.8058763,-5.5958767,-5.5558763,-5.6058764,-5.5358763,-5.6258764,-5.8058763,-5.7558765,-5.8358765,-5.5958767,-5.4658766,-5.3658767,-4.9358764,-4.8858767,-4.6658764,-4.325876,-4.0058765,-3.6958764,-2.9758766,-2.8658764,-2.1758764,-1.8758764,-2.1358764,-3.2358766,-3.4658766,-2.9858766,-2.6358764,-2.7558765,-2.4158764,-2.3758764,-1.7858765,-1.5058764,-1.5558765,-1.7258765,-1.4058765,-1.1458764,-1.0758765,-0.90587646,-0.77587646,-0.86587644,-0.67587644
-7.4558764,-6.7958765,-6.7358766,-6.8558764,-6.7658763,-6.6858764,-6.4558764,-6.2758765,-6.3958764,-6.5158763,-6.8158765,-6.6358767,-5.6458764,-6.6658764,-6.6658764,-6.1958766,-5.6858764,-5.6458764,-5.9158764,-5.7358766,-5.5058765,-5.2758765,-5.3358765,-5.5158763,-5.575876,-5.4858766,-5.5858765,-5.6058764,-5.4558764,-5.3358765,-5.1758766,-4.7658763,-4.4658766,-4.4658766,-4.1358767,-3.8858764,-3.3958764,-3.0358765,-2.6658764,-3.1658764,-2.9758766,-2.5958765,-3.4758766,-3.6358764,-3.2758765,-2.5658765,-2.6258764,-2.5458765,-2.2758765,-1.3758764,-1.2558764,-1.2358764,-1.1958765,-1.1758765,-0.91587645,-0.66587645,-0.71587646,-0.23587647,-0.35587648,-0.32587647
-7.0058765,-6.6658764,-6.6458764,-6.3958764,-6.3958764,-6.5258765,-6.2958765,-6.1658764,-6.1058764,-5.8658767,-6.1158767,-6.6458764,-6.6358767,-6.5258765,-6.1158767,-5.6958766,-5.3558764,-4.9758763,-5.5258765,-5.7058764,-5.6058764,-5.075876,-5.075876,-5.2058764,-5.3658767,-5.3958764,-5.3758764,-5.2258763,-5.0358763,-4.9458766,-4.8658767,-4.7258763,-4.1958766,-4.3358765,-4.325876,-3.6158764,-3.0858765,-2.4358764,-2.3058765,-3.2458766,-4.2758765,-4.9758763,-4.2658763,-3.3958764,-3.1158764,-2.3958764,-1.9558765,-2.0958765,-2.1158764,-0.95587647,-0.8758765,-1.1858765,-1.0358765,-1.1258764,-0.84587646,-0.40587646,-0.47587645,0.16412354,0.29412353,-0.005876465
-6.7658763,-6.8058763,-6.5558763,-6.2658763,-6.1658764,-6.3658767,-6.3658767,-6.2758765,-6.2058764,-5.8358765,-5.6558766,-5.6958766,-5.8158765,-5.9858766,-5.6758766,-5.6658764,-5.6858764,-5.7758765,-5.825876,-5.3358765,-5.1058764,-4.8658767,-4.8658767,-4.8858767,-4.9958763,-5.3858767,-5.3458767,-4.9858766,-4.6158767,-4.4458766,-4.3458767,-4.575876,-4.1158767,-3.5958765,-3.8258765,-3.4958766,-2.7158766,-2.1158764,-2.0758765,-2.4958766,-3.6258764,-3.7258766,-3.2758765,-2.8958764,-2.4058764,-2.1158764,-1.8558764,-1.5058764,-1.3158765,-0.5058765,-0.28587645,-1.0958765,-1.0358765,-0.8158765,-0.5558765,-0.32587647,-0.025876464,0.52412355,0.72412354,0.60412353
-6.7458763,-6.5458765,-5.9658766,-5.7558765,-5.9958763,-6.4458766,-6.6358767,-6.5658765,-6.2658763,-5.8558764,-5.6058764,-5.7158766,-5.7658763,-5.3458767,-4.8758764,-5.2258763,-5.3358765,-5.1958766,-4.9858766,-4.8458767,-4.7758765,-4.8758764,-5.0258765,-5.0258765,-4.9858766,-5.0658765,-4.9058766,-4.6658764,-4.5158763,-4.4658766,-4.3658767,-4.2558765,-4.2358766,-3.7558765,-3.1458764,-2.7958765,-2.2858765,-1.9558765,-2.0358765,-2.4158764,-2.6858764,-3.0658765,-2.8958764,-2.5358765,-2.1758764,-1.6958765,-1.7858765,-1.7458764,-1.3058765,-0.28587645,0.18412353,-0.83587646,-0.8158765,-0.35587648,-0.19587646,-0.09587646,0.27412355,0.5541235,0.95412356,1.0741235
-6.5458765,-5.9358764,-5.6158767,-5.7058764,-6.3658767,-6.8458767,-6.7758765,-6.325876,-5.7858763,-5.7158766,-5.7758765,-5.7058764,-5.7258763,-5.4358764,-5.0458765,-4.5458765,-4.9358764,-4.825876,-4.5058765,-4.8758764,-4.7158766,-4.8358765,-4.7658763,-4.7958765,-4.5858765,-4.3058763,-4.1258764,-4.1758766,-4.075876,-4.4258766,-4.3358765,-4.2158766,-4.0258765,-3.7458766,-3.1758764,-2.5358765,-2.0458765,-1.7458764,-1.7158765,-2.4858766,-2.3658764,-2.2758765,-2.6158764,-2.5858765,-2.3358765,-1.5558765,-1.4858764,-1.7358764,-1.1758765,-0.16587646,0.6741235,-0.015876465,-0.35587648,0.17412354,-0.06587646,0.36412352,0.59412354,0.7341235,1.2541236,1.5241235
-6.0658765,-5.5658765,-5.4658766,-6.2558765,-6.6058764,-6.4758763,-6.5258765,-6.2758765,-6.0858765,-5.7258763,-5.3858767,-5.4658766,-5.5558763,-5.2858763,-4.8758764,-4.3758764,-4.6658764,-4.1158767,-4.2258763,-4.575876,-4.4258766,-4.3458767,-4.1558766,-4.1658764,-4.1158767,-4.0058765,-3.7658765,-3.7358766,-3.8858764,-4.1058764,-4.2058764,-4.075876,-3.8758764,-3.5158765,-3.1958764,-2.5758765,-1.9558765,-1.6658765,-1.6158764,-1.3258765,-1.9158765,-2.0158765,-1.4658765,-1.3058765,-1.1458764,-1.0358765,-0.83587646,-1.2558764,-0.9958765,-0.45587647,0.48412353,0.82412356,0.28412354,0.60412353,0.15412353,0.52412355,1.1241236,1.0341235,1.4541235,1.9741235
-6.575876,-6.2758765,-6.3658767,-6.3858767,-6.075876,-6.2358766,-6.7658763,-6.325876,-5.6958766,-5.3558764,-4.9958763,-5.3458767,-5.2358766,-5.0558763,-4.4558764,-3.8958764,-3.3858764,-3.1558764,-3.4258764,-3.8858764,-4.0558763,-3.8558764,-3.7958765,-3.9458764,-4.1458764,-3.9458764,-3.5158765,-3.3558764,-3.6458764,-3.6958764,-3.6258764,-3.6158764,-3.7958765,-3.3058765,-2.8158765,-2.4558764,-2.2158766,-1.7458764,-1.5058764,-1.2258765,-0.71587646,-0.9958765,-1.1458764,-0.46587646,-0.59587646,-0.39587647,-0.12587647,-0.28587645,-0.66587645,-0.49587646,-0.005876465,0.6741235,0.65412354,1.0241235,0.8141235,0.6841235,1.3141235,1.6141236,1.8541236,2.2441235
-6.9158764,-6.9358764,-6.7658763,-6.7058764,-6.4458766,-6.4158764,-6.5558763,-5.8758764,-5.0258765,-4.8058763,-4.6358767,-4.6458764,-4.3158765,-3.6558764,-3.0258765,-2.4658766,-2.1458764,-2.0758765,-2.4758766,-2.8258765,-3.4058764,-3.4058764,-3.2958765,-3.3258765,-3.6258764,-3.5858765,-3.2158766,-3.1758764,-3.2158766,-3.3858764,-3.1858764,-2.9658766,-3.0058765,-2.9258764,-2.6458764,-2.2758765,-1.9358765,-2.0758765,-1.7858765,-1.3758764,-0.8758765,-0.48587647,-0.005876465,0.33412352,0.22412354,0.37412354,1.1341236,0.6841235,-0.07587647,0.13412353,0.15412353,0.71412355,0.70412356,0.85412353,1.2141235,1.2241235,1.4941236,1.8741236,2.3341236,2.5441236
-6.5258765,-6.4558764,-6.1658764,-6.0158763,-6.1058764,-6.1758766,-5.9358764,-5.1958766,-4.3958764,-3.8458765,-3.3958764,-3.3158765,-3.1458764,-2.6758764,-2.4958766,-2.8658764,-3.3058765,-3.0158765,-1.9558765,-1.6058764,-2.1458764,-2.5858765,-2.5758765,-2.4758766,-2.6658764,-2.7458766,-2.5758765,-2.7258766,-2.8458765,-3.0458765,-3.1458764,-2.7358766,-2.5158765,-2.3658764,-2.2558765,-2.0858765,-1.7558764,-1.9458765,-1.6158764,-1.4158765,-1.1358764,-0.64587647,-0.14587647,0.39412352,0.8741235,1.0741235,1.4741235,0.65412354,0.44412354,1.2641236,1.0641235,1.1341236,1.4941236,1.2641236,1.3541236,1.5041236,1.6941235,1.9441235,2.3441236,2.6041236
-6.0958767,-6.0358763,-5.8358765,-5.4358764,-5.075876,-5.0058765,-4.7558765,-4.2958765,-3.8158765,-3.1958764,-2.2558765,-2.0058765,-1.9058765,-1.5858765,-2.0258765,-2.4958766,-2.7458766,-3.6158764,-3.1158764,-0.86587644,-0.6358765,-1.2058765,-1.4658765,-1.4658765,-1.6158764,-1.7958765,-1.7758765,-1.7158765,-1.8358765,-1.8558764,-2.0158765,-2.1858764,-1.8558764,-1.5858765,-1.5158764,-1.6558765,-1.5558765,-1.5558765,-1.6458764,-1.0558765,-0.59587646,-0.46587646,-0.38587648,-0.025876464,0.60412353,0.82412356,1.4941236,2.2541234,1.8441235,1.4741235,1.2741235,0.48412353,1.7841235,1.9441235,1.9941236,2.1241236,2.2141235,2.1341236,2.1441236,2.4541235
-5.5058765,-5.6058764,-5.3358765,-4.4258766,-3.4658766,-3.3258765,-3.6858764,-3.4458764,-2.9558764,-1.8958764,-1.4358765,-0.28587645,-0.89587647,-1.4658765,-1.9358765,-2.5658765,-2.5858765,-2.4858766,-2.3658764,-2.1658764,-1.0258765,-0.17587647,-0.31587645,-0.44587648,-0.5058765,-0.65587646,-0.72587645,-0.60587645,-0.53587645,-0.35587648,-0.16587646,-0.29587647,-0.29587647,-0.36587647,-0.52587646,-0.64587647,-0.96587646,-1.0358765,-1.1958765,-1.0358765,-0.48587647,-0.25587645,0.054123536,0.38412353,0.57412356,0.60412353,1.0641235,1.6041236,1.9541235,2.3141236,2.7841234,1.9541235,1.5141236,2.2541234,2.5141234,2.6641235,2.9141235,2.8641236,2.5741236,2.3041236
-5.0658765,-4.7358766,-3.8858764,-3.0858765,-1.5158764,-1.2858765,-1.6858765,-1.9858764,-1.7658764,-1.9358765,-2.1658764,-2.9458764,-2.4358764,-2.3658764,-2.2258766,-1.9958764,-1.7258765,-1.6058764,-1.3258765,-1.3358765,-1.3658764,-0.28587645,0.64412355,0.6841235,0.5041235,0.53412354,0.72412354,0.8141235,0.89412355,1.1141236,1.3741236,1.3541236,1.4741235,1.5441235,0.9441235,0.40412354,0.26412353,-0.12587647,-0.24587646,-0.035876464,0.14412354,-0.005876465,0.014123535,0.42412353,0.9841235,1.1841235,1.4441235,1.4841236,1.2941235,1.8241235,2.4841235,3.2641234,3.2641234,2.9741235,3.1541235,3.5041234,3.4741235,3.2541234,3.2141235,2.9341235
-4.3158765,-3.4358764,-2.9358764,-3.4858766,-2.9458764,-2.4458764,-1.3558764,-1.1058764,-2.0458765,-2.1058764,-2.3858764,-2.7158766,-2.5958765,-2.2358766,-1.7958765,-1.3958764,-1.0558765,-0.83587646,-0.67587644,-0.58587646,-0.46587646,-0.39587647,0.044123534,1.2241235,1.6841235,1.6741235,1.7941235,1.8141235,1.8541236,2.1141236,2.5841236,2.7841234,2.8241236,2.9041235,2.7741234,2.0041234,1.3441235,1.3541236,0.88412356,1.1341236,1.6141236,1.2841235,0.46412355,0.45412353,0.54412353,0.85412353,1.3541236,2.0241234,1.8041235,1.5941235,1.7141235,2.4141235,3.1641235,3.6141236,3.6741235,3.2441235,2.8041236,3.5541236,3.5941236,3.5341234
-3.3558764,-3.0458765,-3.2558765,-3.1658764,-2.9658766,-3.4558764,-3.5358765,-3.0058765,-2.4658766,-2.3658764,-2.7458766,-2.7658765,-2.1858764,-1.6358764,-1.4558765,-1.1358764,-0.90587646,-0.6958765,-0.25587645,-0.045876466,0.15412353,0.39412352,0.57412356,0.79412353,1.1441236,1.0741235,0.9241235,1.1941235,1.7541236,2.2441235,2.8841236,3.6141236,3.7341235,3.7941236,3.4741235,3.0441236,2.4141235,2.2841234,2.3941236,2.0841236,2.4141235,2.3941236,1.5941235,0.78412354,0.8041235,0.8641235,1.2241235,1.6441236,1.8641236,2.0441236,2.1241236,2.0441236,2.4141235,3.0741236,3.5641236,4.1641235,3.7941236,3.7841234,4.0241237,4.0541234
-3.5658765,-3.2458766,-3.4858766,-2.9758766,-2.6158764,-2.7358766,-2.5658765,-2.2258766,-1.9958764,-1.8158765,-2.2258766,-1.9858764,-1.3558764,-1.1258764,-0.8858765,-0.64587647,-0.64587647,-0.43587646,-0.015876465,0.31412354,0.47412354,0.49412355,0.95412356,1.3141235,1.8041235,2.0941236,2.0241234,2.5141234,3.0141234,3.1441236,3.3841236,3.6341236,3.7641234,4.0441236,3.8941236,3.6641235,3.2741234,3.4141235,3.3941236,3.1641235,3.2041235,3.2741234,2.8341236,2.1641235,1.7841235,1.9941236,1.9841236,2.0241234,2.0641236,2.2541234,2.2441235,2.3241236,2.3941236,2.4841235,3.1341236,3.8241236,4.0541234,3.7741234,4.1241236,4.5541234
-3.4058764,-3.1958764,-3.0158765,-2.6258764,-2.5458765,-2.2558765,-1.8158765,-1.7458764,-1.6458764,-1.5058764,-1.6858765,-1.2958765,-0.8758765,-0.6258765,0.034123536,-0.15587646,-0.22587647,0.034123536,0.25412354,0.5641235,0.79412353,0.76412356,1.1741235,1.4541235,1.8341235,2.3641236,2.5941236,2.6741235,2.9941235,3.4541235,3.7041235,3.8541236,3.5441236,3.1941235,3.1341236,3.6541235,3.9541235,4.3341236,4.3041234,3.8441236,4.1041236,4.2341237,3.9641235,3.4441235,2.8741236,2.8841236,3.0841236,3.1641235,3.0541236,2.7741234,2.8541236,2.8641236,2.8241236,2.7341235,2.9641235,3.3341236,4.0741234,4.3541236,4.5241237,4.7241235
-3.0058765,-2.8058765,-2.8158765,-2.6158764,-2.3058765,-1.9258765,-1.5958765,-1.4258765,-1.4158765,-1.3058765,-1.3358765,-1.1058764,-0.77587646,-0.64587647,-0.005876465,0.42412353,0.17412354,0.49412355,0.7441235,0.72412354,0.9241235,1.1341236,1.5441235,1.9241235,2.0241234,2.4541235,3.1241236,3.2041235,3.4941235,3.6941235,3.3841236,3.4741235,3.2841234,3.1441236,2.9641235,2.8941236,3.0941236,3.9341235,4.4441237,4.3141236,4.2841234,4.6641235,4.7541237,4.5141234,4.1441236,3.8441236,4.0441236,4.1941237,4.0341234,3.6841235,3.6241236,3.6541235,3.5241234,3.4141235,3.4741235,3.7341235,3.7041235,3.8441236,4.3241234,4.6641235
-2.8258765,-2.8758764,-3.0158765,-2.5958765,-2.0458765,-1.6858765,-1.0758765,-1.0058764,-1.2958765,-0.95587647,-0.9358765,-0.67587644,-0.8058765,-0.58587646,-0.35587648,-0.22587647,-0.14587647,0.57412356,0.91412354,1.2141235,1.3041235,1.4041235,1.6941235,2.1641235,2.1741235,2.4241235,2.8641236,2.8341236,2.5941236,2.8841236,3.1141236,3.5241234,3.1341236,2.9841235,3.4841235,3.8641236,3.5741236,3.0841236,3.7241235,4.1541233,4.4041233,4.6041236,4.7041235,4.9941235,5.2741237,5.0741234,5.0541234,5.0441236,4.7441235,4.5241237,4.4141235,4.5241237,4.424124,4.2841234,4.2641234,4.2941236,4.1541233,4.0341234,4.0441236,4.4441237
-2.3058765,-2.5558765,-2.5258765,-2.0358765,-1.7458764,-1.2458764,-0.64587647,-1.1658765,-1.3158765,-1.1258764,-1.0258765,-0.54587644,-0.15587646,-0.09587646,-0.025876464,0.26412353,0.5041235,0.95412356,1.2341236,1.5141236,1.8341235,2.0041234,1.8541236,2.0441236,2.2641234,2.6241236,2.9241235,3.0241234,2.9341235,2.7341235,2.5841236,2.9541235,3.3741236,3.2341235,3.3541236,3.6841235,3.7341235,3.6841235,3.8041236,3.8141236,4.1141233,4.2641234,4.4341235,4.8341236,5.2941236,5.7841234,6.0041237,5.8641233,5.6241236,5.4941235,5.3341236,5.4541235,5.4841237,5.2541237,5.0741234,4.8241234,4.674124,4.5041237,4.4041233,4.4841237
-2.1758764,-2.2658765,-2.3758764,-2.0658765,-1.5058764,-0.95587647,-0.7658765,-1.2058765,-1.3858764,-1.3858764,-0.9958765,-0.47587645,0.08412354,0.30412352,0.24412353,0.40412354,0.8741235,1.2241235,1.3541236,1.6541235,2.1541235,2.2841234,1.9741235,2.0241234,2.2441235,2.3841236,2.7741234,3.0441236,3.1441236,3.1541235,2.9441235,2.8541236,2.9841235,2.9241235,2.8341236,3.3341236,3.7941236,4.0741234,4.3841233,4.2241235,4.2841234,4.4541235,4.9441237,4.7141237,4.5341234,5.6141233,6.4541235,6.4941235,6.5141234,6.6341233,6.6641235,6.4841237,6.5441236,6.4141235,6.1541233,5.5041237,5.174124,5.0641236,4.9341235,4.9941235
-1.2058765,-1.3258765,-1.8558764,-1.8758764,-1.3558764,-0.78587645,-1.0558765,-1.1558765,-0.77587646,-0.7658765,-0.67587644,-0.115876466,0.044123534,0.22412354,0.47412354,0.72412354,1.2041235,1.5741235,1.5941235,1.7741235,2.2341235,2.3441236,2.0541236,2.0941236,2.5041234,2.6741235,2.9741235,3.3041236,3.3541236,3.3941236,3.2141235,3.2541234,3.5241234,3.5541236,3.6441236,3.7041235,3.8541236,4.174124,4.5941234,4.424124,4.3541236,4.5941234,4.9841237,4.8841233,4.8641233,5.4641237,6.1441236,6.6241236,6.7341237,7.1541233,7.6041236,7.9041233,7.7541237,7.3941236,7.0941234,6.5741234,5.8741236,5.6641235,5.5041237,5.3541236
