UV_10m_small_gfs.t12z.pgrb2.0p25.f006.json
{"header": { "discipline":0, "disciplineName":"Meteorological products", "gribEdition":2, "gribLength":18739, "center":7, "centerName":"US National Weather Service - NCEP(WMC)", "subcenter":0, "refTime":"2023-03-21T12:00:00.000Z", "significanceOfRT":1, "significanceOfRTName":"Start of forecast", "productStatus":0, "productStatusName":"Operational products", "productType":1, "productTypeName":"Forecast products", "productDefinitionTemplate":0, "productDefinitionTemplateName":"Analysis/forecast at horizontal level/layer at a point in time", "parameterCategory":2, "parameterCategoryName":"Momentum", "parameterNumber":2, "parameterNumberName":"U-component_of_wind", "parameterUnit":"m.s-1", "genProcessType":2, "genProcessTypeName":"Forecast", "forecastTime":6, "surface1Type":103, "surface1TypeName":"Specified height level above ground", "surface1Value":10.0, "surface2Type":255, "surface2TypeName":"Missing", "surface2Value":0.0, "gridDefinitionTemplate":0, "gridDefinitionTemplateName":"Latitude_Longitude", "numberPoints":11421, "shape":6, "shapeName":"Earth spherical with radius of 6,371,229.0 m", "gridUnits":"degrees", "resolution":48, "winds":"true", "scanMode":64, "nx":141, "ny":81, "basicAngle":0, "lo1":210.0, "la1":30.0, "lo2":245.0, "la2":50.0, "dx":0.25, "dy":0.25 }, "data":
[rows 0 to 25 of 81, columns 0 to 58 of 141]
-7.994546,-7.954546,-8.044546,-7.764546,-7.414546,-7.334546,-7.144546,-6.924546,-7.144546,-6.814546,-6.344546,-6.264546,-6.854546,-5.9845457,-5.884546,-5.514546,-5.014546,-4.664546,-4.104546,-4.624546,-4.314546,-4.4645457,-4.294546,-3.8545458,-3.664546,-3.484546,-3.184546,-2.764546,-2.234546,-1.9945459,-2.204546,-1.6245459,-0.8645459,-0.81454587,-1.0345459,-0.8945459,-1.1445459,-0.9645459,0.93545413,0.3554541,0.0854541,0.32545412,0.4254541,1.5354542,1.4354541,1.7054541,2.6154542,3.305454,3.6254542,3.725454,4.025454,2.9254541,3.975454,4.355454,4.905454,5.315454,5.145454,5.885454,7.4954543
-8.204546,-7.9645457,-7.894546,-7.324546,-7.2545457,-7.354546,-6.7745457,-6.894546,-6.604546,-6.314546,-6.184546,-6.544546,-6.514546,-5.904546,-5.544546,-5.304546,-4.894546,-4.534546,-4.394546,-4.614546,-4.564546,-4.574546,-4.054546,-3.794546,-3.534546,-3.3145459,-2.8745458,-2.424546,-2.1545458,-1.9445459,-1.9545459,-1.5645459,-1.0745459,-0.8345459,-1.114546,-1.0145459,-0.6545459,-0.4645459,0.0354541,-0.1845459,-0.054545898,0.4854541,0.6754541,0.8554541,1.515454,2.225454,2.995454,3.555454,3.6854541,3.515454,4.145454,4.185454,4.5554543,4.075454,4.835454,5.595454,5.375454,5.965454,7.925454
-7.864546,-7.684546,-7.574546,-7.2145457,-7.224546,-6.844546,-6.684546,-6.954546,-6.654546,-6.404546,-5.9645457,-6.334546,-6.2145457,-5.614546,-5.324546,-4.894546,-4.894546,-4.564546,-4.934546,-4.634546,-4.284546,-4.034546,-3.994546,-3.924546,-3.184546,-2.994546,-2.5745459,-2.294546,-2.1045458,-2.194546,-1.9145459,-1.354546,-1.0745459,-1.0645459,-1.3145459,-1.234546,-0.5345459,-0.1145459,-0.054545898,0.0054541016,0.3154541,0.6054541,0.8754541,1.2854542,2.1054542,2.825454,3.1954541,3.555454,3.5954542,3.545454,3.9054542,4.335454,5.205454,4.625454,5.155454,5.525454,5.445454,5.8054543,7.355454
-7.564546,-7.294546,-7.244546,-6.9845457,-6.744546,-6.744546,-6.724546,-6.784546,-6.6945457,-5.874546,-6.094546,-6.124546,-5.834546,-5.564546,-5.2345457,-4.894546,-4.814546,-4.864546,-4.834546,-4.114546,-4.404546,-3.8345459,-3.664546,-3.484546,-2.924546,-2.694546,-2.3945458,-2.3545458,-2.484546,-1.9545459,-1.484546,-1.234546,-0.9245459,-1.5445459,-1.2045459,-0.5845459,-0.1145459,0.1954541,0.0854541,0.14545411,0.5154541,0.8654541,1.3454541,1.9754541,2.465454,2.985454,3.1954541,3.285454,3.585454,3.8454542,4.105454,4.565454,5.4754543,6.165454,4.9754543,4.7854543,5.235454,6.2854543,6.615454
-7.304546,-7.054546,-7.094546,-6.704546,-6.514546,-7.174546,-6.7545457,-6.354546,-6.304546,-5.884546,-6.124546,-5.704546,-5.414546,-5.314546,-5.244546,-4.874546,-4.664546,-4.724546,-4.394546,-3.694546,-4.574546,-3.8545458,-3.4045458,-3.164546,-2.984546,-2.5645459,-2.3545458,-2.534546,-2.0945458,-1.3145459,-1.0645459,-1.3245459,-1.1745459,-1.3945459,-0.6045459,0.2354541,0.1954541,0.3054541,0.3454541,0.3754541,0.7154541,1.3154541,2.005454,2.4254541,2.6354542,3.055454,3.525454,3.8954542,4.005454,4.175454,4.415454,4.7254543,5.335454,5.855454,4.185454,4.625454,5.205454,6.105454,7.115454
-7.204546,-7.174546,-6.664546,-6.5245457,-6.6945457,-7.204546,-6.4645457,-6.144546,-6.2545457,-5.874546,-5.614546,-5.284546,-5.124546,-4.9645457,-5.054546,-4.7745457,-4.074546,-4.044546,-4.2345457,-3.4045458,-4.144546,-4.114546,-3.6145458,-3.044546,-2.6245458,-2.3145459,-2.1445458,-2.034546,-1.6345459,-1.2045459,-1.0045459,-0.8745459,-0.8845459,-0.8645459,-0.6345459,0.6954541,0.5954541,0.68545413,0.6754541,0.8454541,1.1954541,1.6754541,2.4054542,2.765454,3.035454,3.5954542,4.095454,4.325454,4.465454,4.505454,4.455454,4.575454,4.985454,5.025454,4.445454,4.755454,6.175454,5.645454,7.455454
-7.314546,-6.604546,-6.334546,-6.514546,-6.904546,-6.7145457,-6.314546,-6.334546,-6.074546,-5.564546,-5.384546,-5.354546,-5.114546,-4.724546,-4.654546,-4.344546,-3.8045459,-4.2745457,-3.674546,-2.954546,-3.8045459,-3.744546,-3.544546,-3.0745459,-2.424546,-2.0545459,-1.8845459,-1.7045459,-1.5445459,-1.2545459,-0.9245459,-0.5745459,-0.4545459,-0.2845459,-0.5845459,0.6754541,0.9454541,0.9454541,1.1254541,1.3754541,1.6654541,1.9454541,2.535454,3.1354542,3.6554542,4.215454,4.375454,3.8954542,4.295454,4.465454,4.575454,4.575454,4.9954543,5.545454,5.605454,5.885454,6.5354543,6.2854543,6.795454
-6.7145457,-6.354546,-6.264546,-6.394546,-6.684546,-6.304546,-6.384546,-6.134546,-5.664546,-5.204546,-5.184546,-5.164546,-4.764546,-4.664546,-4.2145457,-3.984546,-4.184546,-4.804546,-3.0545459,-2.754546,-3.514546,-2.984546,-2.664546,-2.954546,-2.504546,-2.034546,-1.6745459,-1.5945458,-1.364546,-1.0045459,-0.7745459,-0.4045459,0.015454101,0.1554541,0.2254541,0.8254541,1.0654541,1.1754541,1.6754541,1.9654541,2.075454,2.3454542,2.985454,3.5954542,4.095454,4.715454,4.0154543,3.245454,4.485454,5.0554543,4.7854543,5.175454,5.545454,6.965454,7.255454,6.9754543,7.325454,7.215454,7.485454
-6.4445457,-6.344546,-6.2745457,-6.394546,-6.144546,-6.134546,-6.224546,-5.654546,-5.244546,-4.814546,-4.764546,-4.934546,-4.804546,-4.314546,-3.934546,-4.244546,-4.494546,-4.264546,-3.3445458,-2.944546,-3.3645458,-3.0845459,-2.024546,-2.234546,-2.5945458,-2.1245458,-1.484546,-1.224546,-0.9745459,-0.6445459,-0.3245459,-0.1245459,0.3754541,0.5754541,0.8054541,1.0754541,1.275454,1.6254541,2.205454,2.485454,2.565454,2.745454,3.3454542,3.8454542,4.195454,4.755454,3.765454,3.4054542,4.845454,5.525454,5.2854543,5.625454,6.5554543,7.315454,7.915454,7.335454,7.575454,7.865454,8.205454
-5.974546,-6.0045457,-6.0045457,-6.0045457,-5.884546,-5.9845457,-5.474546,-5.114546,-5.0245457,-5.134546,-4.784546,-4.684546,-4.4845457,-3.984546,-4.224546,-4.594546,-3.8045459,-3.8145459,-3.454546,-2.764546,-2.184546,-3.0545459,-2.774546,-2.5645459,-2.294546,-1.9145459,-1.2845459,-0.8645459,-0.5745459,-0.2045459,0.1254541,0.3054541,0.5654541,0.7054541,1.4554541,1.645454,1.9354541,2.255454,2.505454,2.535454,2.995454,3.3554542,3.6354542,3.8854542,4.175454,4.565454,3.475454,4.295454,4.855454,5.665454,5.7654543,6.145454,7.445454,7.8054543,7.855454,7.945454,8.3154545,8.625454,8.825454
-5.624546,-5.494546,-5.434546,-5.7545457,-5.494546,-5.204546,-4.9845457,-5.154546,-5.1945457,-5.154546,-4.814546,-4.374546,-4.094546,-4.164546,-4.344546,-4.114546,-3.734546,-3.174546,-2.714546,-2.694546,-2.3945458,-2.3045459,-3.1145458,-2.5745459,-1.9645458,-1.5545459,-1.114546,-0.6945459,-0.1845459,0.2554541,0.3754541,0.5454541,0.5954541,1.0954541,2.055454,2.275454,2.225454,2.3854542,2.475454,2.3854542,3.6054542,4.195454,4.195454,4.235454,4.615454,5.0554543,3.6854541,5.095454,4.705454,6.405454,6.2254543,6.455454,7.7254543,8.035454,7.965454,8.235455,8.8154545,9.105454,9.285454
-5.184546,-5.044546,-5.164546,-5.454546,-5.374546,-5.104546,-5.134546,-5.364546,-5.204546,-4.974546,-4.584546,-4.204546,-4.204546,-4.414546,-4.114546,-3.9045458,-3.8845458,-2.734546,-2.204546,-2.474546,-2.8445458,-1.8945459,-1.9545459,-1.854546,-1.5445459,-1.2645459,-0.8445459,-0.3145459,0.2354541,0.5754541,0.5854541,0.93545413,0.3154541,1.6954541,2.815454,2.795454,2.4254541,2.475454,2.8954542,2.755454,4.2454543,4.595454,4.695454,4.945454,5.0354543,5.4754543,4.275454,4.425454,4.9754543,6.7454543,6.435454,7.0154543,7.655454,8.365454,8.5654545,8.615454,9.005454,9.545454,9.685454
-5.0245457,-5.084546,-5.084546,-5.144546,-5.1945457,-5.2145457,-5.174546,-5.174546,-4.994546,-4.634546,-4.394546,-4.314546,-4.204546,-4.224546,-3.714546,-3.5545459,-3.6445458,-2.994546,-2.8145459,-2.5545459,-1.7645459,-1.9245459,-1.0645459,-1.2045459,-0.9545459,-0.7745459,-0.4545459,0.0454541,0.5454541,0.7854541,0.9854541,1.4754541,0.7154541,1.9254541,3.3554542,3.1054542,3.235454,3.225454,3.745454,3.8554542,4.415454,4.675454,4.7654543,5.405454,5.275454,4.845454,4.755454,4.315454,5.355454,7.685454,7.645454,7.095454,8.185454,8.485455,8.995454,9.285454,9.575454,10.0654545,10.135454
-4.9845457,-5.344546,-4.9845457,-4.744546,-4.9445457,-5.184546,-5.154546,-4.904546,-4.604546,-4.424546,-4.4645457,-4.2345457,-4.014546,-3.944546,-3.5845459,-3.3645458,-3.244546,-3.424546,-2.8845458,-1.9245459,-1.0245459,-0.8645459,-1.1845459,-0.6445459,-0.2845459,0.0754541,0.0054541016,0.2154541,0.7454541,1.145454,1.5854541,1.9854541,1.515454,1.7254541,3.315454,3.025454,3.6454542,4.185454,4.0354543,4.4754543,4.205454,4.465454,5.0154543,5.415454,5.715454,4.085454,5.105454,6.395454,5.7254543,7.505454,9.2754545,7.935454,8.285454,8.385454,9.135454,9.495454,10.135454,10.595454,10.655454
-4.854546,-5.2145457,-4.794546,-4.644546,-4.7145457,-4.614546,-4.934546,-4.724546,-4.6945457,-4.664546,-4.474546,-4.044546,-4.054546,-3.514546,-3.3145459,-3.204546,-2.724546,-3.204546,-2.294546,-1.3145459,-1.1845459,0.0554541,-0.024545899,-0.6745459,-0.2545459,0.6754541,0.3854541,0.6154541,1.2854542,1.5954541,1.9954541,2.4154541,2.455454,1.645454,2.975454,3.515454,4.125454,4.855454,4.215454,4.675454,4.585454,4.215454,4.875454,6.005454,6.685454,5.085454,5.115454,7.365454,5.9754543,7.3054543,9.325454,8.655454,7.835454,8.645454,9.355454,9.855454,10.255454,11.175454,10.155454
-4.834546,-4.9445457,-4.674546,-4.4445457,-4.374546,-4.304546,-4.674546,-4.454546,-4.4845457,-4.614546,-4.4645457,-4.304546,-4.114546,-2.8745458,-2.8145459,-2.8845458,-1.864546,-2.044546,-1.724546,-1.3345459,-0.9845459,-0.7145459,0.93545413,0.095454104,-0.24454589,0.9154541,1.135454,0.1554541,1.5354542,2.245454,2.285454,2.555454,3.035454,2.775454,2.515454,3.485454,4.655454,4.375454,4.185454,4.7254543,5.095454,4.825454,4.135454,6.0154543,7.325454,6.525454,5.415454,7.175454,6.425454,7.435454,8.835454,8.705454,8.705454,9.545454,10.265454,10.145454,9.675454,11.2754545,10.195454
-4.764546,-4.914546,-4.7145457,-4.204546,-4.054546,-4.074546,-4.354546,-4.264546,-3.8445458,-4.064546,-3.8845458,-3.944546,-3.704546,-2.8845458,-2.3945458,-2.0945458,-1.6245459,-1.1345459,-1.1345459,-1.2945459,-0.7845459,-0.5245459,-0.0745459,1.2554541,0.3054541,1.4254541,1.8754541,0.3354541,0.9654541,2.835454,2.745454,2.775454,3.1454542,3.6454542,3.3454542,2.745454,4.415454,4.2854543,4.185454,4.945454,5.375454,5.355454,4.5154543,5.645454,6.735454,6.915454,5.855454,6.935454,7.385454,7.505454,8.825454,8.8154545,9.7754545,9.695454,9.925454,10.105454,10.625454,10.685454,10.865454
-4.7745457,-4.934546,-4.564546,-4.0245457,-3.924546,-3.8845458,-3.934546,-4.124546,-3.444546,-3.754546,-3.474546,-3.254546,-2.664546,-2.6245458,-1.9445459,-1.3945459,-1.9645458,-1.1445459,-0.5345459,-0.5945459,-0.3445459,-0.0645459,-0.024545899,1.0954541,1.6054541,1.5954541,1.6954541,0.8054541,0.7054541,2.315454,3.5954542,3.315454,3.3754542,3.715454,3.6154542,3.025454,4.375454,4.425454,4.505454,5.085454,5.425454,4.985454,5.155454,6.0154543,5.445454,6.895454,6.445454,6.905454,8.585454,8.5654545,9.405454,9.705454,9.845454,9.605454,9.575454,10.235455,10.365454,10.645454,10.725454
-4.6945457,-4.434546,-4.114546,-3.754546,-3.704546,-3.764546,-3.714546,-3.414546,-3.164546,-3.254546,-3.004546,-2.8745458,-2.534546,-2.034546,-1.3845459,-0.9645459,-1.0745459,-1.1945459,-0.8345459,0.0454541,0.7654541,0.3854541,0.7254541,0.5554541,1.9654541,1.4354541,1.7154541,1.0654541,0.9454541,2.215454,3.825454,4.165454,3.575454,3.6654541,4.085454,3.4154541,4.485454,4.3054543,4.755454,5.235454,5.345454,4.8054543,5.025454,6.445454,5.505454,6.615454,7.625454,7.615454,9.255454,9.405454,9.325454,9.615454,9.805454,9.205454,9.265454,9.635454,8.055454,5.855454,6.675454
-4.364546,-3.9045458,-3.734546,-3.3945458,-3.264546,-3.0745459,-3.234546,-2.794546,-2.8545458,-2.5645459,-2.544546,-2.3445458,-2.3245459,-1.7745459,-1.4645458,-0.8745459,-0.5845459,-0.9145459,-0.7545459,0.1154541,1.015454,1.395454,1.2954541,0.4354541,1.6154541,1.5554541,2.1654541,1.4954541,1.2254541,2.8654542,3.745454,4.485454,3.795454,3.455454,4.105454,4.125454,4.045454,4.595454,4.9954543,4.935454,5.095454,5.415454,5.445454,6.235454,6.5554543,7.465454,8.995454,8.435454,8.985455,9.305454,9.535454,9.495454,9.465454,8.705454,8.835454,7.5154543,5.685454,5.355454,4.9954543
-4.014546,-3.764546,-3.5845459,-3.294546,-2.964546,-2.3345459,-2.484546,-2.1245458,-2.474546,-2.3245459,-2.4045458,-1.8345459,-1.8745459,-1.6245459,-1.1945459,-1.0645459,-0.1645459,-0.1145459,-0.2745459,0.14545411,0.8654541,1.1654541,1.5654541,1.2854542,1.7354541,1.9354541,2.515454,2.3854542,1.7954541,2.725454,4.065454,4.185454,3.795454,3.8654542,3.8654542,4.125454,4.325454,4.735454,4.855454,4.665454,5.155454,5.875454,5.915454,6.3054543,7.395454,8.195454,8.895454,8.595454,8.635454,9.015454,9.335454,9.325454,8.975454,8.435454,7.855454,7.085454,6.665454,6.2654543,6.315454
-3.8045459,-3.444546,-3.194546,-2.934546,-2.674546,-2.424546,-2.3045459,-1.7145458,-2.194546,-2.1345458,-1.8745459,-1.2645459,-1.6245459,-1.2945459,-0.6845459,-0.5245459,0.14545411,0.4254541,0.1154541,0.7254541,1.015454,0.6954541,0.9054541,1.4554541,1.9054542,2.495454,2.8754542,2.6454542,2.1254542,2.305454,4.105454,3.755454,3.6554542,4.005454,4.205454,4.375454,4.775454,4.585454,4.855454,5.135454,5.095454,6.0554543,6.565454,6.915454,7.965454,8.255454,8.215454,8.505454,9.135454,9.095454,8.945454,8.835454,8.0254545,8.015454,8.135454,6.595454,6.455454,6.355454,6.655454
-3.484546,-3.254546,-3.0845459,-2.784546,-2.5945458,-2.3845458,-2.1045458,-1.9545459,-1.864546,-1.5245459,-1.3145459,-1.1745459,-1.114546,-0.5545459,-0.1245459,-0.2045459,0.4754541,1.025454,0.4154541,0.6454541,1.0454541,1.145454,1.0754541,1.0954541,2.085454,2.6454542,2.835454,2.485454,2.255454,2.8854542,4.2854543,3.9054542,3.6854541,4.075454,4.315454,4.635454,4.945454,4.395454,4.865454,5.345454,5.365454,6.0154543,6.885454,7.885454,8.205454,8.185454,8.405454,8.735455,9.0654545,8.685454,8.5654545,8.345454,7.545454,8.155454,7.215454,6.025454,6.465454,7.345454,7.615454
-2.914546,-2.664546,-2.5545459,-2.434546,-2.464546,-2.3945458,-2.244546,-2.024546,-1.5145459,-1.3145459,-1.2445459,-1.0145459,-0.4545459,0.095454104,0.4154541,0.1254541,0.7154541,1.3454541,1.0454541,0.5654541,0.5654541,1.3654541,1.7854542,1.2954541,1.8554541,2.6754541,2.6954541,2.585454,2.9254541,3.555454,4.465454,4.115454,3.755454,4.095454,4.455454,4.775454,4.635454,4.645454,5.075454,5.685454,6.0554543,6.445454,7.2654543,7.795454,8.285454,8.805454,8.415454,8.705454,8.605454,8.415454,8.155454,7.855454,7.7654543,7.485454,6.595454,6.695454,6.235454,6.715454,7.445454
-2.0845459,-1.8845459,-1.7745459,-1.6945459,-1.7745459,-1.8945459,-1.984546,-1.4245459,-1.2545459,-1.2945459,-1.3145459,-0.6745459,-0.0945459,0.1854541,0.8154541,0.8354541,0.8154541,1.0054541,1.1854541,1.1854541,0.8954541,1.145454,1.8054541,1.645454,1.8754541,2.755454,3.055454,3.1254542,2.835454,3.235454,4.565454,4.085454,3.705454,4.095454,4.675454,4.675454,4.335454,5.065454,5.205454,5.755454,6.3054543,6.885454,7.695454,7.415454,7.855454,8.485455,8.515454,8.305454,8.095454,8.575454,7.7854543,7.335454,7.175454,6.735454,6.705454,6.985454,6.9954543,7.185454,7.895454
-0.8945459,-0.8845459,-0.9145459,-0.9645459,-0.9645459,-1.0145459,-1.0245459,-0.9945459,-1.0845459,-1.0245459,-1.4345459,-0.8845459,0.0554541,0.7254541,1.025454,0.8354541,1.0054541,1.0654541,1.2554541,1.6254541,1.5454541,1.4554541,1.7854542,1.9654541,1.9054542,2.4254541,2.9254541,3.1554542,2.8454542,3.3554542,4.985454,4.3054543,3.705454,4.2454543,4.965454,4.565454,4.065454,5.235454,5.645454,5.7654543,6.175454,7.215454,7.605454,7.525454,7.775454,8.575454,8.265454,7.815454,7.895454,8.255454,7.695454,6.605454,6.3054543,6.445454,6.895454,7.0354543,7.105454,7.445454,7.825454
