UV_10m_small_gfs.t12z.pgrb2.0p25.f009.json
{"header": { "discipline":0, "disciplineName":"Meteorological products", "gribEdition":2, "gribLength":17311, "center":7, "centerName":"US National Weather Service - NCEP(WMC)", "subcenter":0, "refTime":"2023-03-21T12:00:00.000Z", "significanceOfRT":1, "significanceOfRTName":"Start of forecast", "productStatus":0, "productStatusName":"Operational products", "productType":1, "productTypeName":"Forecast products", "productDefinitionTemplate":0, "productDefinitionTemplateName":"Analysis/forecast at horizontal level/layer at a point in time", "parameterCategory":2, "parameterCategoryName":"Momentum", "parameterNumber":3, "parameterNumberName":"V-component_of_wind", "parameterUnit":"m.s-1", "genProcessType":2, "genProcessTypeName":"Forecast", "forecastTime":9, "surface1Type":103, "surface1TypeName":"Specified height level above ground", "surface1Value":10.0, "surface2Type":255, "surface2TypeName":"Missing", "surface2Value":0.0, "gridDefinitionTemplate":0, "gridDefinitionTemplateName":"Latitude_Longitude", "numberPoints":11421, "shape":6, "shapeName":"Earth spherical with radius of 6,371,229.0 m", "gridUnits":"degrees", "resolution":48, "winds":"true", "scanMode":64, "nx":141, "ny":81, "basicAngle":0, "lo1":210.0, "la1":30.0, "lo2":245.0, "la2":50.0, "dx":0.25, "dy":0.25 }, "data":
[rows 25 to 49 of 81, columns 0 to 56 of 141]
-2.5450928,-3.3250928,-3.6350927,-3.6150928,-3.1450927,-3.3350928,-4.3150926,-4.455093,-4.165093,-4.145093,-4.555093,-5.535093,-6.5050926,-7.105093,-7.8650928,-8.655093,-9.105093,-9.355093,-9.355093,-9.465093,-9.795093,-9.995092,-10.045093,-10.165092,-10.385093,-10.665092,-11.085093,-11.085093,-11.1250925,-11.675093,-12.025093,-12.005093,-12.195093,-12.365093,-12.475093,-12.505093,-12.465093,-12.835093,-13.035092,-13.105093,-12.855093,-12.835093,-13.075092,-13.555093,-13.765093,-13.815093,-13.585093,-13.275093,-13.435093,-13.455092,-13.325092,-13.295093,-13.655093,-14.235093,-14.775093,-15.055093,-15.245092
-4.595093,-4.355093,-4.075093,-3.7450929,-3.0150928,-2.6750927,-3.3250928,-4.4850926,-4.9050927,-5.4250927,-5.7950926,-5.7550926,-5.805093,-6.6750927,-7.7150927,-8.295093,-8.655093,-9.045093,-9.525093,-9.545093,-9.545093,-9.685093,-9.955092,-10.175093,-10.225093,-10.515093,-11.215093,-11.485093,-11.525093,-11.705092,-11.725093,-11.985093,-12.1250925,-12.205092,-12.535092,-13.015093,-13.145093,-13.215093,-13.285092,-13.195093,-13.005093,-12.985093,-13.325092,-13.865093,-13.675093,-13.345093,-13.245092,-13.365093,-13.365093,-13.315093,-13.425093,-14.005093,-14.675093,-15.1250925,-15.275093,-15.315093,-15.345093
-5.435093,-5.475093,-5.3150926,-4.9650927,-4.7950926,-4.475093,-4.1550927,-4.185093,-4.535093,-4.785093,-5.095093,-5.265093,-5.665093,-6.3150926,-7.035093,-7.455093,-8.085093,-9.095093,-9.685093,-9.535092,-9.255093,-9.355093,-9.865093,-10.395093,-10.475093,-10.505093,-11.005093,-11.425093,-11.645093,-11.835093,-11.835093,-11.975093,-12.095093,-12.265093,-12.525093,-12.885093,-13.345093,-13.435093,-13.105093,-12.865093,-12.8750925,-13.115093,-13.555093,-13.605093,-13.065093,-13.155093,-13.175093,-12.955092,-12.895093,-13.045093,-13.715093,-14.495092,-15.025093,-15.135093,-15.055093,-15.155093,-15.305093
-4.1150928,-4.5650926,-4.825093,-5.375093,-6.1150928,-6.7150927,-5.805093,-4.475093,-3.9850929,-3.9050927,-4.105093,-4.555093,-5.2150927,-5.595093,-6.2950926,-6.745093,-7.1750927,-8.005093,-8.795093,-9.365093,-9.685093,-9.705092,-9.785092,-10.025093,-10.135093,-10.285092,-10.965093,-11.345093,-11.6250925,-11.835093,-11.8750925,-12.135093,-12.275093,-12.395093,-12.345093,-12.345093,-12.615093,-12.765093,-12.645093,-12.575092,-12.845093,-13.185093,-13.425093,-12.815093,-12.655093,-12.645093,-12.475093,-12.545093,-12.795093,-13.285092,-13.965093,-14.6250925,-14.795093,-14.735093,-14.885093,-14.955092,-15.425093
-4.3650928,-4.535093,-4.7550926,-4.975093,-4.855093,-5.285093,-5.9850926,-6.4050927,-6.7950926,-6.625093,-4.745093,-3.8350928,-4.415093,-4.805093,-5.555093,-6.8350925,-7.435093,-7.765093,-8.215093,-9.1250925,-9.675093,-9.535092,-9.555093,-10.005093,-10.215093,-10.295093,-10.685093,-11.065093,-11.455092,-11.735093,-11.815093,-11.995092,-12.195093,-12.405093,-12.505093,-12.575092,-12.605093,-12.435093,-12.285092,-12.515093,-12.915092,-13.105093,-12.835093,-12.515093,-12.535092,-12.395093,-12.445093,-12.605093,-12.915092,-13.365093,-13.865093,-14.455092,-14.675093,-14.655093,-14.855093,-14.985093,-15.445093
-4.435093,-4.4450927,-4.5650926,-4.9450927,-5.1150928,-5.305093,-5.5250926,-5.5450926,-5.4850926,-6.3150926,-7.035093,-6.665093,-5.305093,-4.075093,-4.7150927,-5.9450927,-6.7350926,-7.4050927,-7.785093,-8.505093,-9.315093,-9.585093,-9.515093,-9.755093,-10.155093,-10.225093,-10.425093,-10.725093,-11.225093,-11.515093,-11.565093,-11.775093,-11.995092,-12.245092,-12.475093,-12.585093,-12.435093,-12.215093,-12.145093,-12.425093,-12.745092,-12.855093,-12.475093,-12.275093,-12.255093,-12.405093,-12.525093,-12.685093,-13.075092,-13.655093,-14.195093,-14.535092,-14.575092,-14.705092,-14.945093,-15.205092,-15.285092
-4.6750927,-4.895093,-4.955093,-5.0250926,-5.035093,-5.1550927,-5.4650927,-5.8350925,-5.875093,-5.515093,-5.495093,-6.685093,-7.575093,-5.7150927,-4.8150926,-5.3350925,-6.015093,-6.645093,-7.265093,-7.9050927,-8.695093,-9.265093,-9.395093,-9.605093,-9.995092,-10.155093,-10.355093,-10.715093,-11.1250925,-11.295093,-11.365093,-11.675093,-12.045093,-12.265093,-12.385093,-12.395093,-12.215093,-11.995092,-12.195093,-12.605093,-12.695093,-12.245092,-12.055093,-11.945093,-12.105093,-12.285092,-12.3750925,-12.675093,-13.195093,-13.765093,-14.185093,-14.315093,-14.295093,-14.535092,-15.085093,-15.255093,-15.225093
-4.625093,-4.805093,-5.035093,-5.165093,-5.125093,-5.095093,-5.1750927,-5.3350925,-5.805093,-5.975093,-5.535093,-5.6750927,-6.705093,-7.165093,-5.8650928,-5.145093,-5.395093,-6.0050926,-6.785093,-7.495093,-8.325092,-8.855093,-8.975093,-9.345093,-9.815093,-9.925093,-10.055093,-10.455092,-10.975093,-11.235093,-11.415092,-11.725093,-12.035092,-12.235093,-12.195093,-12.005093,-11.865093,-11.935093,-12.415092,-12.535092,-11.965093,-11.895093,-11.785092,-11.505093,-11.745092,-11.915092,-12.525093,-12.965093,-13.275093,-13.735093,-13.885093,-13.955092,-14.075092,-14.315093,-14.995092,-15.135093,-15.145093
-4.0050926,-4.1750927,-4.455093,-4.7150927,-4.935093,-5.0450926,-5.125093,-5.1950927,-5.265093,-5.745093,-6.0250926,-5.705093,-5.7750926,-6.7750926,-7.225093,-6.0050926,-5.105093,-5.5250926,-6.4050927,-7.225093,-8.095093,-8.565093,-8.815093,-9.305093,-9.705092,-9.835093,-10.045093,-10.425093,-10.955092,-11.165092,-11.235093,-11.595093,-11.815093,-11.905093,-11.775093,-11.675093,-11.785092,-12.255093,-12.715093,-11.965093,-11.515093,-11.585093,-11.235093,-11.215093,-11.475093,-11.975093,-12.535092,-12.915092,-13.415092,-13.575092,-13.545093,-13.765093,-13.985093,-14.285092,-14.755093,-14.765093,-15.045093
-3.9850929,-4.105093,-4.185093,-4.2550926,-4.4050927,-4.6950927,-4.9650927,-5.125093,-5.165093,-5.075093,-5.515093,-6.0050926,-5.805093,-5.8650928,-6.855093,-7.105093,-5.5050926,-4.9050927,-5.645093,-6.6350927,-7.6550927,-8.355093,-8.865093,-9.265093,-9.555093,-9.765093,-9.995092,-10.245092,-10.6250925,-10.8750925,-11.045093,-11.355093,-11.605093,-11.535092,-11.365093,-11.425093,-11.755093,-12.305093,-12.115093,-11.275093,-11.245092,-10.935093,-10.575092,-11.145093,-11.585093,-12.075092,-12.485093,-12.8750925,-13.045093,-13.115093,-13.3750925,-13.575092,-13.555093,-13.885093,-14.405093,-14.595093,-14.935093
-3.9950929,-4.225093,-4.2550926,-4.265093,-4.285093,-4.4650927,-4.7750926,-5.095093,-5.245093,-5.3150926,-5.345093,-5.7350926,-6.075093,-5.725093,-5.7950926,-6.9050927,-6.095093,-4.515093,-4.845093,-5.9050927,-6.875093,-7.725093,-8.405093,-8.845093,-9.255093,-9.575092,-9.675093,-9.915092,-10.395093,-10.745092,-10.905093,-11.185093,-11.305093,-11.175093,-11.175093,-11.405093,-11.965093,-12.335093,-11.6250925,-11.105093,-10.765093,-9.925093,-10.205092,-10.845093,-11.405093,-11.935093,-12.355093,-12.6250925,-12.765093,-12.985093,-13.145093,-13.325092,-13.305093,-13.6250925,-14.185093,-14.415092,-14.945093
-3.5850928,-3.8750927,-4.165093,-4.395093,-4.6150928,-4.845093,-5.075093,-5.205093,-5.2750926,-5.305093,-5.395093,-5.165093,-5.285093,-5.4050927,-5.125093,-5.9450927,-6.625093,-4.8150926,-4.165093,-4.9450927,-5.995093,-7.0250926,-7.8850927,-8.475093,-8.925093,-9.295093,-9.575092,-9.775093,-10.145093,-10.3750925,-10.545093,-10.855093,-10.965093,-11.035092,-11.255093,-11.685093,-12.255093,-12.005093,-11.525093,-10.985093,-9.415092,-9.325092,-10.195093,-10.745092,-11.445093,-11.895093,-12.255093,-12.325092,-12.545093,-12.845093,-13.055093,-13.275093,-13.255093,-13.395093,-14.055093,-14.415092,-14.865093
-3.3450928,-3.5650928,-3.8650928,-4.245093,-4.555093,-4.725093,-4.8650928,-4.975093,-5.095093,-5.095093,-5.105093,-5.0650926,-4.7750926,-5.1150928,-5.1750927,-5.1750927,-6.125093,-5.6950927,-4.395093,-4.5650926,-5.4450927,-6.5450926,-7.4450927,-8.055093,-8.585093,-8.995092,-9.255093,-9.355093,-9.715093,-9.985093,-10.185093,-10.435093,-10.485093,-10.635093,-11.025093,-11.645093,-12.155093,-11.615093,-11.225093,-9.475093,-8.955092,-9.855093,-10.045093,-10.725093,-11.245092,-11.775093,-11.915092,-12.005093,-12.325092,-12.635093,-12.835093,-13.075092,-13.165092,-13.245092,-13.675093,-13.915092,-14.365093
-3.2750928,-3.6350927,-3.7650928,-3.9650927,-4.095093,-4.185093,-4.265093,-4.495093,-4.8350925,-5.015093,-4.9250927,-5.055093,-4.975093,-5.0850925,-5.415093,-5.205093,-5.2750926,-6.0050926,-5.165093,-4.325093,-4.7950926,-5.825093,-6.8150926,-7.4450927,-8.045093,-8.465093,-8.735093,-8.895093,-9.285092,-9.575092,-9.815093,-10.075092,-10.165092,-10.355093,-10.665092,-11.355093,-11.615093,-11.285092,-9.675093,-8.585093,-9.795093,-9.805093,-10.215093,-10.635093,-11.235093,-11.635093,-11.645093,-11.865093,-12.095093,-12.425093,-12.645093,-12.815093,-12.915092,-12.955092,-13.355093,-13.745092,-14.025093
-2.975093,-3.1750927,-3.3250928,-3.4550927,-3.4650927,-3.5150928,-3.7750928,-4.125093,-4.2350926,-4.105093,-4.1150928,-4.415093,-4.745093,-4.825093,-5.125093,-5.3850927,-4.9050927,-5.415093,-5.725093,-4.225093,-3.9950929,-5.0850925,-6.205093,-6.8150926,-7.4050927,-7.9450927,-8.275093,-8.365093,-8.805093,-9.135093,-9.455092,-9.815093,-10.015093,-10.305093,-10.575092,-11.235093,-10.965093,-10.645093,-8.995092,-9.565093,-9.705092,-9.945093,-10.075092,-10.405093,-11.205092,-11.295093,-11.405093,-11.715093,-11.915092,-12.1250925,-12.315093,-12.495092,-12.755093,-12.855093,-13.1250925,-13.685093,-13.935093
-2.9250927,-3.0150928,-2.9150927,-3.0150928,-3.2350929,-3.4250927,-3.6450927,-3.7850928,-3.7650928,-3.4950929,-3.5850928,-3.7750928,-4.245093,-4.625093,-4.8350925,-5.1350927,-5.1950927,-4.805093,-5.685093,-4.6550927,-3.4250927,-4.415093,-5.5050926,-6.225093,-6.8650928,-7.4250927,-7.855093,-8.025093,-8.405093,-8.725093,-8.945093,-9.315093,-9.605093,-9.935093,-10.305093,-11.075092,-10.3750925,-9.415092,-8.765093,-9.335093,-9.405093,-10.005093,-10.255093,-10.695093,-10.935093,-10.825092,-11.155093,-11.505093,-11.655093,-11.885093,-12.065093,-12.215093,-12.485093,-12.715093,-12.765093,-13.205092,-13.475093
-2.5050929,-2.3950927,-2.4850929,-2.6950927,-2.8650928,-3.0650928,-3.3350928,-3.5850928,-3.6650927,-3.4250927,-3.2550929,-3.4150927,-3.7450929,-4.2550926,-4.6750927,-4.625093,-4.975093,-4.605093,-5.0850925,-4.9050927,-2.9650927,-3.3650928,-4.3850927,-5.2950926,-6.145093,-7.035093,-7.645093,-7.6150928,-7.8650928,-8.235093,-8.745092,-9.165092,-9.275093,-9.475093,-9.835093,-10.525093,-10.105093,-8.655093,-8.365093,-8.905093,-9.555093,-10.235093,-10.425093,-10.415092,-10.3750925,-10.605093,-10.975093,-11.265093,-11.505093,-11.745092,-11.925093,-12.085093,-12.175093,-12.405093,-12.535092,-12.705092,-13.105093
-2.1750927,-2.1450927,-2.2150927,-2.4450927,-2.7750928,-3.1150928,-3.1150928,-2.9950929,-3.1650927,-3.2550929,-3.2450929,-3.3350928,-3.5350928,-3.7350929,-4.165093,-4.1750927,-4.595093,-4.685093,-4.665093,-4.9650927,-2.9550927,-2.6350927,-3.6950927,-4.605093,-5.5250926,-6.375093,-7.1150928,-7.3150926,-7.535093,-7.7150927,-8.035092,-8.635093,-8.935093,-9.1250925,-9.535092,-10.185093,-10.285092,-8.725093,-7.9650927,-8.325092,-8.945093,-9.6250925,-9.995092,-9.975093,-10.045093,-10.305093,-10.735093,-10.985093,-11.305093,-11.585093,-11.795093,-11.915092,-12.055093,-12.035092,-12.235093,-12.285092,-12.505093
-1.8150928,-2.0750928,-2.2450929,-2.3250928,-2.475093,-2.8850927,-2.6850927,-2.8250928,-3.0550928,-3.2450929,-3.4150927,-3.5650928,-3.6250927,-3.5150928,-3.6650927,-3.9450927,-4.185093,-4.7150927,-4.395093,-4.895093,-3.3050928,-2.1750927,-3.1250927,-3.9050927,-4.8150926,-5.7550926,-6.625093,-7.0250926,-7.1950927,-7.4250927,-7.785093,-8.195093,-8.305093,-8.495092,-9.1250925,-9.765093,-10.095093,-9.515093,-8.085093,-7.625093,-8.105093,-9.015093,-9.535092,-9.595093,-9.755093,-9.965093,-10.385093,-10.665092,-11.025093,-11.305093,-11.545093,-11.725093,-11.8750925,-11.995092,-12.075092,-12.185093,-12.225093
-1.1350927,-1.3450928,-1.7250928,-2.1350927,-2.3650928,-2.5850928,-2.6950927,-2.725093,-2.8550928,-3.0450928,-3.1850927,-3.3150928,-3.2950928,-3.2150927,-3.1150928,-3.4550927,-3.7350929,-4.4850926,-4.165093,-4.455093,-3.8650928,-2.1950927,-2.5950928,-3.2050927,-3.9150927,-4.895093,-6.035093,-6.5850925,-6.665093,-6.745093,-7.1950927,-7.7150927,-8.025093,-8.205092,-8.745092,-9.315093,-9.745092,-9.485093,-8.405093,-7.185093,-7.6550927,-8.565093,-9.025093,-9.055093,-9.365093,-9.675093,-10.045093,-10.395093,-10.735093,-11.035092,-11.295093,-11.505093,-11.715093,-11.905093,-11.965093,-12.065093,-12.135093
-1.4250928,-1.3450928,-1.4250928,-1.8050928,-2.1250927,-2.3450928,-2.3550928,-2.3550928,-2.2850928,-2.3950927,-2.7050927,-2.9550927,-2.9050927,-2.8650928,-2.8050928,-2.8150928,-2.9950929,-3.8450928,-4.185093,-4.185093,-4.2550926,-2.5150928,-1.7250928,-2.2350929,-3.0650928,-4.2950926,-5.515093,-6.1150928,-6.355093,-6.535093,-6.845093,-7.1950927,-7.5650926,-7.8350925,-8.465093,-9.1250925,-9.765093,-9.315093,-8.1250925,-6.3850927,-7.305093,-8.195093,-8.525093,-8.595093,-8.975093,-9.315093,-9.705092,-10.155093,-10.525093,-10.765093,-11.045093,-11.275093,-11.465093,-11.6250925,-11.795093,-11.985093,-12.1250925
-1.4550928,-1.7250928,-1.8750927,-1.9450928,-2.0650928,-2.1450927,-2.1450927,-2.1750927,-2.1950927,-2.2450929,-2.3750927,-2.5950928,-2.7550929,-2.8850927,-2.9550927,-2.6250927,-2.2950928,-2.6650927,-3.5650928,-3.6250927,-4.1350927,-2.9250927,-1.3450928,-1.5550928,-2.4650927,-3.5750928,-4.7350926,-5.5050926,-5.8350925,-6.095093,-6.4250927,-6.7150927,-7.1550927,-7.765093,-8.3750925,-9.065093,-9.3750925,-8.995092,-7.415093,-6.3350925,-7.3350925,-7.9850926,-8.175093,-8.325092,-8.665092,-8.915092,-9.415092,-9.895093,-10.225093,-10.575092,-10.775093,-11.035092,-11.175093,-11.385093,-11.645093,-11.955092,-12.225093
-0.6950928,-1.0750928,-1.5350928,-1.8450928,-1.9950927,-2.0350928,-2.0650928,-2.1350927,-2.2050927,-2.225093,-2.3250928,-2.4850929,-2.6250927,-2.6050928,-2.6550927,-2.5850928,-2.0550928,-1.5750928,-2.3950927,-2.7050927,-3.5450928,-3.1250927,-1.3150928,-1.1150928,-1.9450928,-2.9550927,-4.0650926,-4.7550926,-5.2150927,-5.645093,-6.095093,-6.395093,-6.705093,-7.345093,-8.095093,-8.775093,-8.885093,-8.645093,-6.8850927,-6.6350927,-7.265093,-7.725093,-8.055093,-8.205092,-8.335093,-8.585093,-9.105093,-9.555093,-9.935093,-10.245092,-10.495092,-10.755093,-11.035092,-11.255093,-11.435093,-11.655093,-11.945093
-0.5750928,-0.8150928,-1.0950928,-1.3550928,-1.5950928,-1.8850927,-2.1250927,-2.2050927,-2.2350929,-2.3150928,-2.5550928,-2.7550929,-2.7650928,-2.5550928,-2.2450929,-1.9950927,-1.5650928,-0.7150928,-1.0050927,-1.5250927,-2.3250928,-2.8250928,-1.0050927,-0.38509277,-1.4850928,-2.5250928,-3.475093,-4.125093,-4.6550927,-5.125093,-5.605093,-6.145093,-6.5050926,-6.9850926,-7.685093,-8.455092,-8.665092,-8.145093,-6.7150927,-6.535093,-6.935093,-7.455093,-7.855093,-8.045093,-8.105093,-8.315093,-8.705092,-9.195093,-9.585093,-9.865093,-10.135093,-10.425093,-10.715093,-10.935093,-11.115093,-11.365093,-11.745092
-0.6950928,-0.8850928,-0.9650928,-1.0950928,-1.3050928,-1.6250927,-1.8450928,-1.9550928,-2.1350927,-2.2050927,-2.2850928,-2.4350927,-2.5250928,-2.4950929,-2.225093,-1.7150928,-1.1450927,-0.5150928,-0.015092773,-0.7650928,-1.3350928,-2.4850929,-1.0550928,0.40490723,-0.72509277,-1.8650928,-2.8350928,-3.5050929,-4.1750927,-4.705093,-5.145093,-5.6350927,-6.035093,-6.4850926,-7.095093,-7.9450927,-8.545093,-7.9050927,-7.095093,-6.185093,-6.6550927,-7.1950927,-7.575093,-7.8650928,-7.9050927,-8.015093,-8.345093,-8.785092,-9.165092,-9.515093,-9.805093,-10.185093,-10.505093,-10.725093,-10.965093,-11.305093,-11.645093
