UV_10m_small_gfs.t12z.pgrb2.0p25.f030.json
{"header": { "discipline":0, "disciplineName":"Meteorological products", "gribEdition":2, "gribLength":17311, "center":7, "centerName":"US National Weather Service - NCEP(WMC)", "subcenter":0, "refTime":"2023-03-21T12:00:00.000Z", "significanceOfRT":1, "significanceOfRTName":"Start of forecast", "productStatus":0, "productStatusName":"Operational products", "productType":1, "productTypeName":"Forecast products", "productDefinitionTemplate":0, "productDefinitionTemplateName":"Analysis/forecast at horizontal level/layer at a point in time", "parameterCategory":2, "parameterCategoryName":"Momentum", "parameterNumber":3, "parameterNumberName":"V-component_of_wind", "parameterUnit":"m.s-1", "genProcessType":2, "genProcessTypeName":"Forecast", "forecastTime":30, "surface1Type":103, "surface1TypeName":"Specified height level above ground", "surface1Value":10.0, "surface2Type":255, "surface2TypeName":"Missing", "surface2Value":0.0, "gridDefinitionTemplate":0, "gridDefinitionTemplateName":"Latitude_Longitude", "numberPoints":11421, "shape":6, "shapeName":"Earth spherical with radius of 6,371,229.0 m", "gridUnits":"degrees", "resolution":48, "winds":"true", "scanMode":64, "nx":141, "ny":81, "basicAngle":0, "lo1":210.0, "la1":30.0, "lo2":245.0, "la2":50.0, "dx":0.25, "dy":0.25 }, "data":
[rows 52 to 77 of 81, columns 57 to 113 of 141]
3.5265722,2.6665723,2.0765722,1.4265723,0.67657226,0.18657227,-0.24342774,-0.92342776,-1.6434277,-0.7734277,-0.61342776,-1.5734277,-2.5634277,-3.2134278,-3.4434278,-3.6034276,-3.8934278,-4.3234277,-4.8834276,-5.453428,-6.0034275,-6.5334277,-6.933428,-7.3834276,-7.873428,-8.083427,-8.283428,-8.323428,-8.393428,-8.473428,-8.903428,-8.993427,-8.773428,-8.573428,-8.493427,-8.603428,-8.883428,-9.163427,-9.313428,-9.243427,-8.923428,-8.7534275,-8.333427,-7.9934278,-7.1534276,-4.203428,-0.28342775,-0.113427736,-0.18342774,0.29657227,-0.033427734,0.47657228,1.1265723,1.2365723,1.1365722,1.0465722,1.8265723
4.0165725,3.6665723,3.1665723,2.4565723,1.5165722,0.62657225,0.22657226,-0.25342774,-1.1334277,-0.7134277,-0.30342773,-0.99342775,-1.9634278,-2.7434278,-3.1434278,-3.3534276,-3.6334276,-4.043428,-4.5534277,-5.083428,-5.5934277,-6.1934276,-6.703428,-7.103428,-7.603428,-7.9934278,-8.353428,-8.263428,-8.333427,-8.373427,-8.713428,-8.923428,-8.653428,-8.303428,-8.273428,-8.523428,-8.7534275,-8.973428,-9.013428,-8.603428,-8.643428,-8.613428,-8.393428,-8.193428,-7.8234277,-5.603428,-0.32342774,1.2565722,0.29657227,0.46657225,0.57657224,0.43657225,0.8965723,0.6565723,0.30657226,0.7065723,1.8865722
4.186572,4.026572,3.3765724,2.6865723,1.9665723,1.0965723,0.67657226,0.48657227,-0.19342774,-0.51342773,-0.07342774,-0.56342775,-1.4734278,-2.2834277,-2.7934277,-3.0734277,-3.3734276,-3.7734277,-4.2534275,-4.7634277,-5.2534275,-5.793428,-6.413428,-6.9234276,-7.3834276,-7.7434278,-8.143428,-8.093428,-8.153428,-8.243427,-8.673428,-9.113428,-8.803428,-8.203427,-8.183428,-8.493427,-8.743427,-8.863428,-8.853428,-8.533428,-8.513428,-8.493427,-8.223428,-8.133428,-8.0034275,-6.313428,0.57657224,0.76657224,0.21657227,0.6565723,1.1665722,0.92657226,0.7865723,0.9065723,0.55657226,0.6465723,1.0565723
3.6765723,4.206572,3.5365722,2.8765724,2.2065723,1.5165722,0.8365723,0.63657224,0.33657226,-0.28342775,0.15657227,-0.16342774,-1.0434277,-1.8434278,-2.4034278,-2.7834277,-3.1534278,-3.5334277,-3.9834278,-4.4834275,-5.0134277,-5.523428,-6.1334276,-6.723428,-7.2434278,-7.643428,-7.9434276,-8.263428,-8.423428,-8.243427,-8.573428,-9.323428,-8.953427,-8.343428,-8.303428,-8.613428,-8.843428,-8.943428,-8.993427,-9.0034275,-8.863428,-8.523428,-8.013428,-7.953428,-8.023428,-6.933428,0.12657227,0.35657227,0.6565723,1.2465723,1.3565723,0.35657227,-0.033427734,0.016572265,-0.013427734,0.6065723,1.0765723
3.3765724,4.396572,4.316572,3.8665724,3.0165722,2.2865722,1.2165723,0.63657224,0.46657225,0.036572266,0.55657226,0.32657227,-0.5234277,-1.3234277,-1.9634278,-2.4634278,-2.9034278,-3.3234277,-3.7234278,-4.163428,-4.7134275,-5.293428,-5.9034276,-6.473428,-7.0134277,-7.523428,-7.813428,-8.223428,-8.553428,-8.463428,-8.653428,-9.083427,-9.033428,-8.593428,-8.433428,-8.683428,-8.983428,-9.093428,-9.063428,-8.963428,-8.853428,-8.713428,-8.033428,-7.7134275,-7.583428,-6.9934278,-1.2434278,0.47657228,0.56657225,0.7165723,0.79657227,0.56657225,0.21657227,0.38657227,0.26657227,0.9565723,0.9665723
3.2965722,4.3065724,4.606572,4.336572,3.6465724,3.1765723,2.0765722,1.1165723,0.5365723,0.21657227,0.9065723,0.7165723,-0.07342774,-0.8434277,-1.5234277,-2.1134276,-2.6034276,-3.0234277,-3.4334278,-3.8734276,-4.433428,-5.0334277,-5.6334276,-6.223428,-6.7434278,-7.353428,-7.703428,-8.053428,-8.443428,-8.463428,-8.613428,-8.663427,-8.563428,-8.683428,-8.803428,-8.813428,-9.063428,-9.103428,-9.113428,-8.943428,-8.773428,-8.643428,-8.223428,-7.873428,-7.4234276,-6.643428,-2.6034276,-0.053427733,0.42657226,0.63657224,1.6465722,1.3565723,0.51657224,0.42657226,0.29657227,0.16657227,-0.113427736
3.3665724,4.126572,4.2665725,4.086572,3.4465723,3.1465724,2.5565722,1.7265723,0.93657225,0.47657228,1.1465722,0.94657224,0.20657226,-0.39342773,-1.0634277,-1.7134278,-2.2434278,-2.6934278,-3.1334276,-3.6234276,-4.1734276,-4.773428,-5.3634276,-5.9634275,-6.473428,-7.0734277,-7.543428,-7.8634276,-8.313428,-8.653428,-8.723428,-8.483428,-8.363428,-8.643428,-8.913427,-9.023428,-9.103428,-9.033428,-8.893428,-8.853428,-8.843428,-8.643428,-8.323428,-7.933428,-7.3834276,-6.6934276,-4.0534277,-0.28342775,-0.19342774,0.24657227,1.5665723,1.6065723,0.45657226,0.50657225,0.68657225,0.73657227,0.6665723
3.4965723,4.3465724,4.456572,4.5065722,4.106572,3.6165724,3.0265722,2.4865723,1.6765723,0.9165723,1.2065723,1.0465722,0.45657226,-0.013427734,-0.6634277,-1.3534278,-1.8634278,-2.3334277,-2.8634276,-3.3934278,-3.9334278,-4.543428,-5.163428,-5.723428,-6.2334275,-6.683428,-7.2434278,-7.663428,-8.073428,-8.443428,-8.483428,-8.193428,-8.013428,-8.303428,-8.723428,-9.0034275,-9.173428,-9.103428,-8.833427,-8.673428,-8.603428,-8.363428,-8.043427,-7.723428,-7.3234277,-6.7534275,-5.3434277,-1.0134277,0.50657225,1.0465722,1.4265723,1.9065722,1.0965723,0.51657224,0.62657225,0.8365723,0.69657224
3.4865723,4.2865725,4.456572,4.626572,4.706572,4.3465724,3.4865723,2.9765723,2.2265723,1.1365722,0.76657224,1.1565722,0.9565723,0.40657225,-0.25342774,-0.95342773,-1.5134277,-1.9934278,-2.5434277,-3.1334276,-3.6734278,-4.273428,-4.893428,-5.4834275,-6.023428,-6.393428,-6.893428,-7.413428,-7.773428,-8.033428,-8.213428,-7.9034276,-7.8034277,-8.103428,-8.453427,-8.903428,-9.223428,-9.333427,-9.183428,-8.973428,-8.793427,-8.323428,-7.873428,-7.623428,-7.3234277,-6.793428,-5.793428,-1.5234277,-0.0034277344,0.34657228,1.3865722,1.7365723,1.4765723,0.056572266,0.74657226,0.87657225,0.76657224
3.3565722,3.8065722,4.4665723,4.856572,5.1365724,4.7565722,3.6965723,3.1465724,2.6065722,1.4165722,0.50657225,0.9765723,1.3265723,0.8365723,0.18657227,-0.5334277,-1.2034278,-1.6834277,-2.1434278,-2.7634277,-3.3834276,-3.9734278,-4.6134276,-5.2134275,-5.723428,-6.1934276,-6.623428,-7.1934276,-7.623428,-7.9034276,-8.063428,-7.8834276,-7.703428,-7.853428,-8.023428,-8.373427,-8.633428,-9.303428,-9.313428,-9.013428,-8.773428,-8.453427,-7.9634275,-7.6734276,-7.2434278,-6.773428,-5.9634275,-2.5134277,0.0065722656,0.9665723,1.4665723,1.4165722,1.4065722,0.38657227,-0.35342774,0.75657225,0.9065723
3.0665722,3.4265723,4.3865724,4.916572,5.316572,4.9965725,4.146572,3.5865722,3.2665722,2.2465723,1.0765723,1.0965723,1.6165723,1.2365723,0.6665723,-0.06342773,-0.82342774,-1.3534278,-1.7434278,-2.2834277,-2.9934278,-3.6434278,-4.3234277,-4.973428,-5.4234276,-5.913428,-6.4434276,-7.0334277,-7.543428,-7.7834277,-7.833428,-7.7134275,-7.6734276,-7.8834276,-7.9234276,-8.113428,-8.413427,-8.813428,-9.153428,-8.923428,-8.5034275,-8.413427,-7.9834275,-7.5934277,-7.2434278,-6.8034277,-6.0334277,-2.7734277,-0.013427734,0.0065722656,0.29657227,0.61657226,0.5865723,0.7065723,0.27657226,-0.0034277344,-0.6534277
3.1765723,3.6865723,4.546572,5.126572,5.436572,5.376572,4.816572,4.186572,3.9565723,3.1665723,1.8965722,1.4865723,1.8365723,1.5465722,1.1365722,0.45657226,-0.37342775,-0.99342775,-1.3634278,-1.8334278,-2.5334277,-3.2934277,-4.0334277,-4.703428,-5.1734276,-5.643428,-6.2334275,-6.853428,-7.373428,-7.7134275,-7.6734276,-7.4434276,-7.353428,-7.5734277,-7.7134275,-8.013428,-8.313428,-8.443428,-8.993427,-8.783428,-8.553428,-8.103428,-7.7634277,-7.2834277,-6.9834275,-6.643428,-6.0534277,-2.5334277,-0.25342774,-0.56342775,-0.123427734,-0.06342773,-0.033427734,0.9165723,0.73657227,0.16657227,0.066572264
3.4865723,3.6565723,4.2565722,5.066572,5.316572,5.2665725,5.126572,4.5365725,4.4065723,3.8265722,2.5265722,1.7965722,2.0065722,1.8265723,1.5365722,0.94657224,0.08657227,-0.6434277,-1.0534277,-1.5134277,-2.1634278,-2.9534278,-3.7234278,-4.3634276,-4.9234276,-5.4434276,-6.023428,-6.603428,-7.083428,-7.473428,-7.453428,-7.2334275,-7.2334275,-7.4434276,-7.853428,-8.183428,-8.423428,-8.623427,-8.893428,-8.623427,-8.333427,-7.893428,-7.5534277,-7.1334276,-6.953428,-6.8034277,-5.853428,-2.9634278,-0.6534277,0.14657226,-0.10342774,-0.63342774,0.056572266,0.8965723,0.55657226,0.5865723,0.6565723
3.6865723,3.8465722,4.3665724,5.0565724,5.376572,5.4865723,5.7465725,5.3465724,5.0165725,4.416572,3.3065722,2.4165723,2.3365722,2.2365723,1.9365723,1.3665723,0.5265723,-0.28342775,-0.7934277,-1.2434278,-1.8434278,-2.5634277,-3.3034277,-3.9534278,-4.5734277,-5.1934276,-5.7434278,-6.273428,-6.7534275,-7.183428,-7.3434277,-7.0534277,-7.063428,-7.3234277,-7.643428,-8.073428,-8.513428,-8.803428,-8.653428,-8.403428,-8.183428,-7.893428,-7.223428,-6.5934277,-6.183428,-5.933428,-5.063428,-1.5834278,0.026572265,0.55657226,0.7865723,-0.5334277,-0.80342776,-0.17342773,0.5265723,0.76657224,0.79657227
4.1365724,4.1565723,4.7465725,5.206572,5.2365723,5.336572,5.876572,5.956572,5.566572,4.896572,3.7565722,2.7865722,2.5065722,2.5965722,2.3565722,1.7565722,0.9765723,0.11657227,-0.5334277,-0.98342776,-1.5534277,-2.2234278,-2.9034278,-3.5334277,-4.1934276,-4.8434277,-5.4034276,-5.9434276,-6.4834275,-6.973428,-7.143428,-6.833428,-6.7634277,-7.1334276,-7.413428,-7.953428,-8.403428,-8.5034275,-8.293427,-8.173428,-8.203427,-7.773428,-7.1734276,-6.1334276,-5.163428,-4.453428,-3.6634278,-2.7534277,-0.36342773,-0.35342774,-0.6434277,-0.8934277,-0.36342773,-0.23342773,-0.36342773,-0.123427734,-0.053427733
4.7365723,4.5065722,4.776572,5.066572,5.146572,5.3865724,6.2865725,6.6965723,6.2565722,5.3065724,3.9665723,2.8665724,2.4165723,2.7665722,2.8065722,2.2365723,1.5065722,0.5865723,-0.23342773,-0.7734277,-1.3034277,-1.9734278,-2.5534277,-3.1534278,-3.8434277,-4.5134277,-5.1334276,-5.7134275,-6.313428,-6.893428,-6.873428,-6.5334277,-6.603428,-6.953428,-7.333428,-7.893428,-8.353428,-8.413427,-8.263428,-8.2534275,-7.933428,-7.413428,-6.6934276,-5.4634275,-4.083428,-3.0434277,-2.0334277,-1.5734277,-1.0534277,-0.57342774,-0.6034277,-0.75342774,-0.56342775,-0.69342774,-0.22342773,0.54657227,0.9665723
5.376572,5.0065722,5.0165725,5.0965724,4.9265723,4.7665725,6.226572,7.166572,6.896572,5.7865725,4.396572,3.1865723,2.5065722,2.8265722,3.2165723,2.7265723,2.0465722,1.0565723,0.08657227,-0.5834277,-1.1134278,-1.7634277,-2.5034277,-2.9634278,-3.5234277,-4.1934276,-4.853428,-5.4934278,-6.1334276,-6.7434278,-6.5034275,-6.2134275,-6.4934278,-6.893428,-7.373428,-7.8834276,-8.183428,-8.263428,-8.113428,-8.013428,-7.7634277,-7.2434278,-6.453428,-4.913428,-3.2534277,-0.8534277,0.026572265,-0.5434277,-0.49342772,-0.44342774,-0.63342774,-1.0334277,-0.88342774,-0.62342775,-0.6634277,-0.5934277,-0.5934277
5.5065722,4.9665723,4.5065722,4.666572,4.5365725,3.9465723,5.8265724,7.2365723,7.1965723,6.2565722,4.8265724,3.6665723,2.7665722,2.8365722,3.3765724,3.1065722,2.5065722,1.4665723,0.42657226,-0.24342774,-0.8534277,-1.7434278,-2.3334277,-2.6534278,-3.1634278,-3.8434277,-4.5334277,-5.2134275,-5.8834276,-6.393428,-6.333428,-6.1734276,-6.393428,-6.7534275,-7.1934276,-7.5734277,-7.813428,-7.933428,-7.793428,-7.6734276,-7.523428,-7.0734277,-6.183428,-4.313428,-2.2134278,1.2665722,1.2365723,0.32657227,0.36657226,0.9565723,0.80657226,-0.30342773,-0.8934277,-0.46342772,-0.31342775,-0.24342774,-0.38342774
5.5565724,4.856572,4.3065724,4.1765723,3.5165722,3.8265722,6.066572,7.336572,7.2465725,6.3665724,5.1965723,4.146572,3.2065723,2.8765724,2.9765723,3.1065722,2.7465723,1.7565722,0.7765723,0.066572264,-0.80342776,-1.5434277,-1.9734278,-2.3134277,-2.8734276,-3.5634277,-4.2534275,-4.9234276,-5.4834275,-5.973428,-6.1534276,-6.2134275,-6.2834277,-6.6134276,-7.0034275,-7.3034277,-7.5334277,-7.603428,-7.4634275,-7.293428,-7.1934276,-6.7434278,-5.7834277,-3.7234278,-1.2634277,2.2965722,1.2565722,0.6665723,0.42657226,0.8565723,1.4665723,1.2465723,-0.40342772,-1.0634277,-0.27342772,-0.22342773,-0.5334277
5.816572,5.186572,4.876572,3.8865724,3.7165723,4.226572,6.226572,7.5965724,7.2365723,6.3665724,5.5965724,4.6965723,3.9165723,3.1665723,2.6665723,2.9865723,2.8065722,1.9765723,1.0665723,0.22657226,-0.5334277,-1.1834277,-1.7034278,-2.1434278,-2.6634278,-3.3334277,-4.023428,-4.6934276,-5.223428,-5.703428,-6.0934277,-6.223428,-6.293428,-6.4934278,-6.7134275,-6.9934278,-7.2134275,-7.1934276,-6.9234276,-6.833428,-6.893428,-6.5334277,-5.2334275,-2.7334278,1.0265722,2.1565723,0.98657227,0.86657226,0.63657224,0.38657227,0.61657226,1.0465722,0.57657224,-1.2934277,-0.5934277,0.19657226,-0.17342773
6.146572,5.896572,4.9465723,4.546572,4.7365723,4.086572,5.5065722,7.276572,7.2565722,6.646572,5.9965725,5.0765724,4.3865724,3.4865723,2.9265723,3.0165722,2.7865722,2.0565722,1.1465722,0.39657226,-0.25342774,-0.9734277,-1.5834278,-2.0234277,-2.5234277,-3.1634278,-3.8534276,-4.5334277,-5.0534277,-5.4934278,-5.913428,-6.1334276,-6.2134275,-6.333428,-6.453428,-6.643428,-6.7834277,-6.723428,-6.4934278,-6.603428,-6.623428,-6.063428,-4.1734276,-1.7934277,1.9165722,1.1965723,0.7765723,-0.033427734,-0.95342773,-1.7234278,-1.9534278,-1.9234277,-1.7934277,-1.8234277,-0.14342773,0.46657225,0.56657225
6.4865723,5.8265724,5.296572,5.896572,5.436572,3.9965723,4.356572,6.7865725,7.3665724,6.6165724,5.776572,5.126572,4.626572,3.8465722,3.3065722,3.1265724,2.8365722,2.0865722,1.2165723,0.57657224,-0.07342774,-0.81342775,-1.4334277,-1.8934277,-2.3834276,-3.0134277,-3.7234278,-4.413428,-4.953428,-5.2834277,-5.563428,-5.773428,-5.8634276,-5.9034276,-6.0334277,-6.2434278,-6.3834276,-6.2834277,-6.183428,-6.103428,-5.393428,-4.7434278,-2.7634277,-1.3634278,1.5665723,0.27657226,-0.113427736,-0.17342773,-0.26342773,0.32657227,-1.8034277,-2.3834276,-1.1434277,0.74657226,0.8965723,0.9665723,0.31657228
6.6365724,6.1165724,6.476572,6.666572,5.7365723,4.146572,4.4665723,6.7865725,7.0765724,6.3665724,5.7665725,5.2865725,4.8865724,4.2865725,3.5765722,3.2665722,2.9565723,2.1265724,1.3565723,0.7165723,0.016572265,-0.68342775,-1.2934277,-1.7734277,-2.2634277,-2.8734276,-3.5934277,-4.3234277,-4.9434276,-5.333428,-5.603428,-5.8434277,-5.8634276,-5.723428,-5.933428,-6.183428,-6.1934276,-6.0034275,-5.643428,-4.603428,-3.8534276,-2.7734277,-1.5134277,-0.20342773,0.67657226,0.9065723,1.2465723,1.2565722,1.1765723,-0.6634277,-2.8134277,-2.0734277,-2.0034277,-0.09342773,0.67657226,0.38657227,0.5865723
7.0365725,7.046572,7.5565724,7.2665725,6.3265724,5.2365723,5.9865723,7.146572,6.9665723,6.396572,5.9265723,5.4265723,5.0965724,4.546572,3.7565722,3.3165722,2.8765724,2.2365723,1.5465722,0.8565723,0.15657227,-0.56342775,-1.1934277,-1.6734277,-2.1634278,-2.7934277,-3.5334277,-4.3034277,-4.9634275,-5.433428,-5.7334275,-5.933428,-5.953428,-5.873428,-6.1534276,-6.203428,-5.9834275,-5.353428,-4.043428,-2.9034278,-2.4234278,-0.88342774,0.28657228,1.0865723,1.5165722,0.79657227,0.51657224,0.46657225,-0.033427734,-0.8434277,-1.8334278,-1.4834278,-1.6034278,-0.0034277344,0.056572266,0.5265723,1.1065723
6.9265723,7.376572,7.776572,7.4865723,6.896572,5.9865723,6.9265723,7.776572,7.2665725,6.626572,6.0765724,5.586572,5.2465725,4.666572,3.9765723,3.4065723,2.9565723,2.4465723,1.7565722,1.0465722,0.30657226,-0.49342772,-1.2034278,-1.6934277,-2.1234276,-2.7634277,-3.5434277,-4.3234277,-5.0134277,-5.543428,-5.913428,-5.9634275,-5.893428,-6.163428,-6.3634276,-6.183428,-5.393428,-4.063428,-2.7234278,-1.5134277,-0.013427734,1.0665723,1.6565722,1.3665723,1.1665722,1.1865723,0.9065723,0.046572264,-1.2834277,-3.3234277,-1.6634277,1.4565723,0.35657227,-0.7234277,-1.0534277,-1.1134278,-0.7934277
7.0965724,8.006573,8.056572,7.726572,7.1365724,5.9665723,7.1565723,8.2465725,7.666572,6.9065723,6.206572,5.6365724,5.2565722,4.7665725,4.186572,3.6365724,3.2365723,2.7065723,2.0165722,1.2665722,0.44657227,-0.40342772,-1.2134278,-1.7534277,-2.1434278,-2.7634277,-3.5534277,-4.373428,-5.0934277,-5.6734276,-5.8634276,-5.8034277,-6.1334276,-6.4434276,-6.313428,-5.4034276,-3.8134277,-2.2934277,-0.14342773,1.6365722,1.6965723,1.4765723,0.98657227,0.5265723,-0.17342773,-1.1734277,-2.0734277,-2.3234277,-2.7434278,-0.8934277,0.6465723,1.1965723,1.4065722,1.2265723,0.74657226,-0.9634277,-1.5234277
