UV_10m_small_gfs.t12z.pgrb2.0p25.f036.json
{"header": { "discipline":0, "disciplineName":"Meteorological products", "gribEdition":2, "gribLength":17311, "center":7, "centerName":"US National Weather Service - NCEP(WMC)", "subcenter":0, "refTime":"2023-03-21T12:00:00.000Z", "significanceOfRT":1, "significanceOfRTName":"Start of forecast", "productStatus":0, "productStatusName":"Operational products", "productType":1, "productTypeName":"Forecast products", "productDefinitionTemplate":0, "productDefinitionTemplateName":"Analysis/forecast at horizontal level/layer at a point in time", "parameterCategory":2, "parameterCategoryName":"Momentum", "parameterNumber":2, "parameterNumberName":"U-component_of_wind", "parameterUnit":"m.s-1", "genProcessType":2, "genProcessTypeName":"Forecast", "forecastTime":36, "surface1Type":103, "surface1TypeName":"Specified height level above ground", "surface1Value":10.0, "surface2Type":255, "surface2TypeName":"Missing", "surface2Value":0.0, "gridDefinitionTemplate":0, "gridDefinitionTemplateName":"Latitude_Longitude", "numberPoints":11421, "shape":6, "shapeName":"Earth spherical with radius of 6,371,229.0 m", "gridUnits":"degrees", "resolution":48, "winds":"true", "scanMode":64, "nx":141, "ny":81, "basicAngle":0, "lo1":210.0, "la1":30.0, "lo2":245.0, "la2":50.0, "dx":0.25, "dy":0.25 }, "data":
[rows 27 to 53 of 81, columns 0 to 60 of 141]
-0.31269044,-0.5926904,-0.30269042,0.6673096,1.1173096,1.1873096,1.4473096,1.6673095,1.9273095,2.1273096,2.1073096,2.1973095,2.7273095,3.1073096,2.8373096,2.8873096,3.3273096,3.5273097,3.8873096,4.14731,4.3573093,4.4273095,4.3873096,4.5473094,4.5573096,4.6873097,4.9773097,5.2173095,5.0973096,4.8373094,4.7773094,4.8373094,4.9073095,4.9273095,4.6673098,4.7773094,5.3073096,5.8673096,6.0273094,5.9673095,6.4773097,7.12731,7.2473097,7.1973095,7.2673097,7.5573096,8.12731,8.347309,8.347309,7.8173094,7.5473094,7.4073095,6.9773097,6.3573093,5.9973097,5.5573096,5.2873096,5.2073097,5.2373095,5.4373097,5.6873097
0.25730956,0.07730957,0.06730957,0.6073096,1.3373096,1.8673096,2.1773095,2.3573096,2.5773096,2.6273096,2.5373096,2.7573097,3.2573097,3.3873096,3.1773095,3.2873096,3.6373096,3.8173096,4.0873094,4.4173098,4.6773095,4.6773095,4.6873097,4.87731,4.9973097,5.14731,5.4173098,5.4173098,5.1173096,5.12731,5.2673097,5.4873095,5.4473095,5.1973095,5.0873094,5.0973096,5.4373097,5.7373095,6.0673094,5.9673095,6.2473097,6.7373095,6.7673097,6.9473095,6.9973097,7.1173096,7.4773097,8.25731,8.95731,8.67731,8.21731,7.9073095,7.4973097,6.7173095,6.4873095,6.12731,5.7773094,5.6673098,5.6373096,5.5573096,5.6373096
1.0473095,0.89730954,0.9273096,1.4073095,1.6273096,1.6373096,1.7673095,1.9573096,2.3473096,2.7773097,2.9673095,3.0373096,3.1073096,3.1773095,3.3073096,3.4373095,3.6573095,4.0373096,4.4473095,4.6573095,4.8473096,5.1173096,5.2273097,5.2073097,5.4373097,5.5273094,5.5973096,5.5873094,5.5273094,5.5773096,5.7073097,5.9373097,6.0473094,5.9173098,5.9473095,5.89731,5.7273097,5.7673097,6.1573095,6.0573096,6.0473094,6.4173098,6.6773095,6.8873096,7.0773096,7.1773095,7.0473094,7.4273095,8.16731,8.737309,8.86731,8.53731,8.15731,7.2773094,6.8073096,6.62731,6.3373094,6.1973095,6.2073097,6.0773096,5.9173098
0.9673096,0.9173096,1.1373096,1.5373095,1.7873095,1.8273096,1.7273096,1.7573096,2.1673095,2.7673097,3.1573095,3.3773096,3.4973097,3.6273096,3.8073096,3.9173095,4.1073093,4.4473095,4.8073096,4.9373097,5.12731,5.4173098,5.5073094,5.6073093,5.7173095,5.8273096,6.0273094,6.0373096,5.9273095,5.8573093,6.0473094,6.4273095,6.6573095,6.7073097,6.7073097,6.5273094,6.14731,5.9873095,6.2273097,6.1673098,5.9473095,5.9273095,6.2073097,6.7473097,6.9773097,6.7773094,6.9673095,7.2373095,7.12731,7.7873096,8.647309,8.96731,8.86731,8.277309,7.3873096,7.0273094,6.8673096,6.6773095,6.62731,6.6973095,6.5373096
1.0573096,0.9673096,1.3273096,1.8173096,2.0873096,2.2173095,2.4173095,2.5873096,2.6273096,2.7773097,3.0873096,3.5673096,4.0773096,4.3873096,4.5973096,4.7873096,4.9173098,4.9673095,5.0073094,5.0973096,5.2173095,5.3073096,5.6873097,6.1173096,6.1673098,6.2073097,6.2073097,6.1173096,6.0073094,6.2273097,6.6173096,6.9473095,7.0373096,6.9873095,6.9973097,7.0173097,6.8673096,6.4973097,6.3873096,6.5173097,6.3373094,6.12731,6.1073093,6.4173098,6.7273097,6.5673094,6.64731,7.0773096,7.2973094,7.4773097,8.21731,8.78731,8.687309,8.67731,8.277309,7.5273094,7.2973094,7.2273097,7.12731,7.1173096,7.14731
1.5373095,1.7073096,2.0773096,2.2973096,2.3673096,2.5873096,3.1073096,3.3573096,3.2873096,3.4673095,3.7673097,4.0973096,4.4273095,4.6673098,4.89731,5.14731,5.3873096,5.4673095,5.5673094,5.8073096,5.8173094,5.64731,5.8373094,6.1173096,6.2173095,6.3573093,6.39731,6.3873096,6.5673094,6.87731,6.9473095,7.0173097,7.2273097,7.4073095,7.5573096,7.6073093,7.3673096,7.3073096,7.2373095,7.1373096,7.0373096,6.89731,6.6373096,6.7973094,6.9773097,6.9673095,6.8573093,6.9073095,7.39731,7.3573093,7.4173098,8.07731,8.147309,8.317309,8.42731,8.057309,7.5873094,7.7073097,7.7173095,7.6373096,7.5773096
2.4673095,2.7573097,2.9673095,2.8973095,2.9173095,3.3573096,3.9973097,4.2473097,4.2573094,4.4773097,4.7373095,4.9373097,5.12731,5.2273097,5.0973096,4.9273095,4.9073095,4.9673095,5.4173098,6.0073094,6.1073093,6.0773096,6.2573094,6.4973097,6.4873095,6.37731,6.3673096,6.5373096,6.7173095,6.8373094,7.0473094,7.2673097,7.4073095,7.7173095,8.00731,7.9673095,7.6773095,7.5673094,7.5673094,7.7073097,7.6773095,7.4573097,7.3073096,7.4073095,7.5473094,7.5773096,7.6573095,7.6673098,7.5773096,7.6873097,7.6673098,7.4573097,7.3873096,7.5673094,7.9773097,8.437309,8.267309,8.32731,8.277309,8.20731,8.147309
3.6273096,3.7673097,3.8173096,3.9273095,4.2673097,4.62731,4.9173098,5.0473094,5.1073093,5.4373097,5.7373095,5.8473096,5.8273096,5.7273097,5.4673095,5.3473096,5.5273094,5.6673098,5.7573094,6.0573096,6.2973094,6.2773094,6.3073096,6.4673095,6.5773096,6.6673098,6.6873097,6.7673097,6.8673096,7.0073094,7.3173094,7.6573095,7.9273095,8.1973095,8.277309,8.20731,8.027309,8.04731,7.9973097,7.8873096,8.03731,8.1973095,7.7973094,7.4573097,7.5973096,7.7373095,7.9373097,8.067309,7.9673095,7.9373097,7.8573093,7.7673097,7.3173094,7.39731,7.64731,7.89731,8.607309,9.16731,9.16731,8.847309,8.727309
4.3673096,4.37731,4.2873096,4.5973096,4.9373097,5.1173096,5.4273095,5.6973095,5.7773094,6.0273094,6.2273097,6.2373095,6.2373095,6.2573094,6.2273097,6.2673097,6.4073095,6.5973096,6.5973096,6.64731,6.7973094,6.8173094,6.7773094,6.7373095,6.87731,7.0973096,7.2573094,7.3373094,7.4073095,7.5373096,7.7473097,8.097309,8.40731,8.61731,8.807309,8.767309,8.50731,8.397309,8.227309,7.9873095,8.097309,8.187309,8.067309,7.8273096,7.7073097,7.6873097,7.7873096,8.067309,8.277309,8.29731,8.17731,8.15731,7.8273096,7.5373096,7.6173096,7.7073097,7.9873095,8.78731,9.63731,9.6973095,9.347309
5.0673094,5.1573095,5.2773094,5.7173095,5.7073097,5.4173098,5.6773095,6.0073094,6.1873097,6.2973094,6.6173096,6.6873097,6.5773096,6.6773095,6.8873096,6.9473095,6.9773097,7.0773096,7.2273097,7.4573097,7.62731,7.5773096,7.4573097,7.4173098,7.5573096,7.7773094,7.9173098,7.8473096,7.8673096,8.03731,8.267309,8.61731,8.83731,8.87731,9.097309,9.25731,8.937309,8.567309,8.50731,8.4473095,8.50731,8.50731,8.41731,8.33731,8.227309,8.11731,8.12731,8.16731,8.49731,8.54731,8.33731,8.40731,8.187309,7.6773095,7.5373096,7.8873096,8.057309,8.267309,8.91731,9.777309,10.12731
4.3573093,4.9173098,5.3673096,5.9273095,6.3373094,6.5673094,6.64731,6.7473097,6.62731,6.4573097,6.62731,7.0473094,7.4573097,7.7073097,7.7873096,7.7773094,7.5173097,7.2573094,7.3073096,7.5473094,7.6773095,7.6773095,7.6773095,7.7173095,7.9273095,8.147309,8.15731,7.9673095,7.9373097,8.227309,8.567309,8.6973095,8.687309,8.817309,9.16731,9.38731,9.33731,9.20731,8.99731,8.92731,8.88731,8.71731,8.63731,8.647309,8.647309,8.597309,8.527309,8.4473095,8.477309,8.647309,8.687309,8.607309,8.517309,8.15731,7.7673097,7.8573093,8.227309,8.597309,8.95731,9.4473095,10.027309
-2.1526904,-1.9226904,-1.8826904,-1.8326905,-1.4026904,-0.9126904,-0.32269043,0.75730956,2.6073096,4.39731,5.62731,6.4873095,7.2973094,7.9073095,8.187309,8.187309,8.107309,8.1973095,8.25731,8.29731,8.277309,8.25731,8.227309,8.187309,8.277309,8.37731,8.397309,8.437309,8.557309,8.71731,8.897309,8.987309,8.987309,9.08731,9.36731,9.53731,9.607309,9.63731,9.57731,9.45731,9.24731,8.90731,8.807309,8.937309,9.097309,9.04731,8.817309,8.78731,8.82731,8.857309,8.83731,8.527309,8.41731,8.29731,8.16731,8.17731,8.267309,8.647309,9.13731,9.36731,9.6973095
-1.0426904,-0.7726904,-0.8826904,-1.0926905,-1.3326905,-1.1826904,-0.22269043,0.8473096,0.94730955,0.32730958,-0.23269042,-0.30269042,0.6173096,2.5273097,4.9173098,6.9673095,8.147309,8.61731,8.83731,8.95731,9.04731,9.08731,8.9473095,8.807309,8.87731,8.9473095,8.88731,8.92731,9.027309,9.097309,9.17731,9.317309,9.40731,9.517309,9.65731,9.70731,9.78731,9.90731,9.9473095,9.9473095,9.78731,9.50731,9.307309,9.24731,9.29731,9.28731,9.1973095,9.12731,9.1973095,9.25731,9.21731,8.91731,8.71731,8.737309,8.647309,8.46731,8.437309,8.49731,8.99731,9.527309,9.58731
0.41730958,0.7873096,0.9273096,1.1373096,1.3873096,1.7173096,2.0873096,2.0273097,1.2273096,0.38730958,0.41730958,1.4773096,2.8273096,3.5773096,3.3873096,2.4573095,1.8873096,2.7873096,5.3273096,7.8873096,9.267309,9.61731,9.41731,9.17731,9.17731,9.28731,9.41731,9.46731,9.53731,9.58731,9.647309,9.71731,9.857309,9.897309,9.86731,9.87731,9.987309,10.11731,10.21731,10.237309,10.187309,10.11731,10.07731,9.99731,9.79731,9.66731,9.687309,9.75731,9.607309,9.61731,9.687309,9.41731,8.95731,8.687309,8.567309,8.517309,8.46731,8.40731,8.737309,9.16731,9.63731
0.14730957,0.7873096,1.3273096,1.8373096,2.3173096,2.5973096,2.5973096,2.5073097,2.5973096,3.0273097,3.6573095,4.2673097,4.4473095,4.0573096,3.7173095,4.1673098,5.0173097,5.5473094,5.2673097,4.2873096,3.5173097,4.0473094,5.89731,7.8873096,9.00731,9.437309,9.53731,9.63731,9.78731,9.87731,10.097309,10.21731,10.29731,10.40731,10.40731,10.24731,10.16731,10.20731,10.1973095,10.227309,10.32731,10.40731,10.347309,10.28731,10.12731,10.107309,10.1973095,10.08731,9.67731,9.567309,9.6973095,9.6973095,9.487309,9.11731,8.75731,8.65731,8.53731,8.20731,8.317309,8.647309,9.227309
1.0073096,1.3173096,1.5073096,1.7073096,1.8973095,2.1573095,2.5073097,2.9173095,3.3773096,3.6373096,3.6173096,3.5573096,3.6273096,4.14731,5.1973095,6.0473094,6.12731,5.5973096,5.2073097,5.4473095,6.1173096,6.4773097,6.0973096,5.2673097,4.9073095,5.6173096,7.1173096,8.597309,9.62731,10.28731,10.647309,10.727309,10.74731,10.70731,10.727309,10.78731,10.737309,10.61731,10.46731,10.32731,10.307309,10.41731,10.50731,10.58731,10.61731,10.62731,10.527309,10.28731,10.067309,9.987309,10.017309,10.07731,10.017309,9.727309,9.267309,8.847309,8.53731,8.28731,8.38731,8.67731,9.03731
1.5373095,1.8073096,2.0173097,2.1473095,2.2173095,2.4073095,2.7573097,3.1773095,3.4373095,3.4473095,3.5073097,3.7973096,4.2073097,4.5473094,4.6973095,4.7473097,4.9873095,5.6173096,6.4473095,6.87731,6.7473097,6.4273095,6.3473096,6.7173095,7.2773094,7.0773096,6.2373095,5.8173094,6.4173098,8.057309,9.83731,11.04731,11.37731,11.25731,11.15731,11.16731,11.187309,11.20731,11.11731,10.90731,10.727309,10.647309,10.557309,10.477309,10.517309,10.66731,10.6973095,10.527309,10.29731,10.237309,10.28731,10.397309,10.40731,10.25731,9.777309,9.20731,9.027309,8.86731,8.817309,8.977309,9.07731
2.1673095,2.5073097,2.5873096,2.5273097,2.5673096,2.7973096,3.1473095,3.4773095,3.6273096,3.7673097,4.0073094,4.2673097,4.4773097,4.7573094,5.12731,5.4873095,5.7373095,5.87731,5.9573097,6.1773095,6.62731,7.2173095,7.7973094,8.027309,7.89731,7.7073097,7.6073093,7.4273095,7.0673094,6.7073097,7.1073093,8.61731,10.29731,11.187309,11.46731,11.527309,11.607309,11.6973095,11.71731,11.61731,11.437309,11.21731,11.04731,10.857309,10.647309,10.54731,10.53731,10.50731,10.49731,10.527309,10.477309,10.487309,10.487309,10.357309,10.057309,9.737309,9.567309,9.37731,9.17731,9.187309,9.17731
2.4173095,2.7073095,2.7673097,2.7573097,2.9273095,3.3273096,3.7873096,4.0873094,4.2273097,4.3873096,4.6173096,4.8673096,5.12731,5.3173094,5.4673095,5.7273097,6.0773096,6.2973094,6.4173098,6.6073093,6.7873096,6.9673095,7.2573094,7.5973096,8.057309,8.63731,8.75731,8.29731,7.9073095,7.6973095,7.5473094,7.4573097,7.7473097,8.65731,9.9473095,10.88731,11.41731,11.897309,12.21731,12.25731,12.107309,11.86731,11.687309,11.46731,11.12731,10.79731,10.557309,10.53731,10.67731,10.687309,10.6973095,10.63731,10.63731,10.62731,10.437309,10.13731,9.847309,9.607309,9.38731,9.227309,9.277309
2.4673095,2.6173096,2.6973095,2.8273096,3.1273096,3.4573095,3.9073095,4.3273096,4.6373096,4.8173094,5.0473094,5.1573095,5.4373097,5.7373095,5.9773097,6.2873096,6.6173096,6.9273095,7.1873097,7.3473096,7.3573093,7.2573094,7.3473096,7.6973095,8.057309,8.307309,8.36731,8.487309,8.647309,8.63731,8.437309,8.12731,7.7773094,7.9573097,8.65731,9.527309,10.32731,11.25731,12.067309,12.487309,12.597309,12.37731,12.107309,11.90731,11.71731,11.17731,10.62731,10.54731,10.727309,10.75731,10.86731,10.90731,10.767309,10.737309,10.74731,10.53731,10.11731,9.767309,9.63731,9.607309,9.597309
2.6673095,2.8273096,2.9673095,3.2373095,3.6473095,4.1173096,4.5873094,4.9573097,5.1873097,5.3573093,5.4673095,5.5273094,5.5673094,5.6873097,5.9873095,6.4673095,6.9673095,7.3573093,7.5773096,7.7873096,8.04731,8.20731,8.1973095,8.11731,7.9973097,8.12731,8.65731,9.12731,9.317309,9.21731,9.04731,8.897309,8.767309,8.847309,9.097309,9.437309,9.82731,10.28731,10.96731,11.79731,12.24731,12.33731,12.42731,12.33731,12.067309,11.74731,11.28731,10.83731,10.66731,10.75731,10.847309,10.90731,10.82731,10.767309,10.78731,10.75731,10.45731,10.107309,9.987309,10.027309,9.86731
3.2273095,3.5873096,3.8973095,4.2673097,4.6873097,5.0873094,5.2973094,5.3273096,5.37731,5.62731,5.89731,6.1373096,6.4273095,6.6973095,7.0473094,7.2873096,7.4273095,7.5573096,7.7173095,7.9473095,8.097309,8.16731,8.45731,8.937309,9.16731,9.027309,8.647309,8.487309,8.847309,9.53731,9.91731,10.21731,10.21731,10.237309,10.37731,10.16731,9.817309,9.91731,10.20731,10.63731,11.15731,11.78731,12.357309,12.57731,12.45731,12.12731,11.777309,11.517309,11.11731,10.63731,10.737309,11.067309,10.9473095,10.557309,10.50731,10.70731,10.687309,10.437309,10.21731,10.13731,10.017309
4.2473097,4.4773097,4.7473097,5.1173096,5.4673095,5.6373096,5.6773095,5.7873096,6.0473094,6.2873096,6.4073095,6.5873094,6.87731,7.12731,7.3473096,7.7073097,8.147309,8.41731,8.477309,8.54731,8.517309,8.53731,8.727309,8.83731,8.897309,9.227309,9.63731,9.897309,9.737309,9.397309,9.21731,9.437309,9.86731,10.29731,10.82731,11.567309,12.107309,11.807309,11.067309,10.45731,10.04731,10.33731,11.147309,12.11731,12.687309,12.487309,12.04731,11.6973095,11.25731,10.82731,10.897309,11.15731,11.04731,10.6973095,10.487309,10.567309,10.687309,10.517309,10.21731,10.04731,9.95731
5.2073097,5.3873096,5.5873094,5.8873096,6.12731,6.2173095,6.2773094,6.4173098,6.6373096,6.8173094,6.9173098,7.12731,7.4973097,7.8873096,8.21731,8.4473095,8.50731,8.557309,8.6973095,8.95731,9.21731,9.4473095,9.597309,9.66731,9.61731,9.65731,9.687309,9.857309,10.16731,10.45731,10.46731,10.21731,10.03731,10.24731,10.90731,11.527309,11.95731,12.307309,12.41731,12.28731,11.42731,10.61731,10.347309,10.87731,11.897309,12.54731,12.477309,12.07731,11.597309,11.397309,11.45731,11.38731,11.12731,10.90731,10.71731,10.63731,10.687309,10.607309,10.36731,10.187309,10.057309
5.89731,6.0373096,6.1673098,6.3373094,6.5273094,6.7073097,6.89731,7.1073093,7.3373094,7.5373096,7.6773095,7.8273096,8.017309,8.267309,8.49731,8.71731,8.96731,9.21731,9.437309,9.54731,9.597309,9.74731,9.96731,10.21731,10.38731,10.32731,10.1973095,10.187309,10.187309,10.40731,10.75731,10.857309,10.78731,10.74731,10.977309,11.42731,11.67731,11.83731,11.96731,12.057309,11.86731,11.66731,11.397309,11.057309,10.727309,11.1973095,11.96731,12.347309,12.277309,11.897309,11.6973095,11.71731,11.517309,11.12731,10.847309,10.597309,10.557309,10.61731,10.53731,10.307309,10.12731
6.4973097,6.62731,6.7673097,6.89731,7.0473094,7.1873097,7.3573093,7.5873094,7.8073096,8.03731,8.25731,8.477309,8.687309,8.82731,8.9473095,9.21731,9.527309,9.63731,9.737309,9.95731,10.267309,10.517309,10.50731,10.49731,10.647309,10.78731,10.87731,10.857309,10.79731,10.647309,10.66731,10.87731,11.17731,11.32731,11.347309,11.277309,11.317309,11.53731,11.647309,11.37731,11.317309,11.107309,10.487309,10.1973095,10.21731,10.277309,10.78731,11.50731,12.17731,12.517309,12.357309,12.07731,11.88731,11.557309,11.25731,10.71731,10.32731,10.58731,10.54731,10.41731,10.25731
7.0773096,7.1573095,7.3073096,7.4773097,7.62731,7.7873096,8.017309,8.24731,8.41731,8.62731,8.857309,9.107309,9.25731,9.347309,9.49731,9.78731,10.057309,10.1973095,10.36731,10.57731,10.70731,10.74731,10.817309,10.99731,11.17731,11.21731,11.1973095,11.307309,11.557309,11.40731,11.11731,10.99731,11.13731,11.347309,11.687309,11.86731,11.567309,11.11731,11.00731,11.12731,10.817309,9.99731,9.277309,9.067309,9.25731,9.36731,9.737309,10.277309,11.12731,12.24731,12.897309,12.62731,12.12731,11.937309,11.63731,11.07731,10.487309,10.71731,10.54731,10.45731,10.347309
