UV_10m_small_gfs.t12z.pgrb2.0p25.f015.json
{"header": { "discipline":0, "disciplineName":"Meteorological products", "gribEdition":2, "gribLength":17311, "center":7, "centerName":"US National Weather Service - NCEP(WMC)", "subcenter":0, "refTime":"2023-03-21T12:00:00.000Z", "significanceOfRT":1, "significanceOfRTName":"Start of forecast", "productStatus":0, "productStatusName":"Operational products", "productType":1, "productTypeName":"Forecast products", "productDefinitionTemplate":0, "productDefinitionTemplateName":"Analysis/forecast at horizontal level/layer at a point in time", "parameterCategory":2, "parameterCategoryName":"Momentum", "parameterNumber":2, "parameterNumberName":"U-component_of_wind", "parameterUnit":"m.s-1", "genProcessType":2, "genProcessTypeName":"Forecast", "forecastTime":15, "surface1Type":103, "surface1TypeName":"Specified height level above ground", "surface1Value":10.0, "surface2Type":255, "surface2TypeName":"Missing", "surface2Value":0.0, "gridDefinitionTemplate":0, "gridDefinitionTemplateName":"Latitude_Longitude", "numberPoints":11421, "shape":6, "shapeName":"Earth spherical with radius of 6,371,229.0 m", "gridUnits":"degrees", "resolution":48, "winds":"true", "scanMode":64, "nx":141, "ny":81, "basicAngle":0, "lo1":210.0, "la1":30.0, "lo2":245.0, "la2":50.0, "dx":0.25, "dy":0.25 }, "data":
[rows 52 to 77 of 81, columns 60 to 119 of 141]
2.7108178,2.540818,2.5108178,2.590818,2.7608178,3.050818,3.310818,3.320818,3.1608179,3.100818,3.1808178,3.330818,3.350818,3.2408178,3.4308178,3.550818,3.2508178,2.9508178,2.810818,2.6508179,2.320818,2.380818,2.4708178,2.300818,1.7508179,1.4708179,1.5208179,1.3408179,1.0608178,1.0608178,1.1508179,0.99081784,0.74081784,0.7008179,0.6508179,0.5108179,0.22081786,8.1787107E-4,-0.019182129,-0.19918212,-0.22918212,-0.75918216,-1.7291821,0.46081787,-0.75918216,-0.77918214,-0.14918213,-1.4091821,-2.159182,-2.469182,-2.5591822,-3.2691822,-1.9391822,-1.0291821,-2.639182,-2.5191822,-2.8291821,-3.659182,-6.719182,-6.9791822
2.7608178,2.590818,2.530818,2.610818,2.7208178,2.9208179,3.2108178,3.320818,3.080818,2.9008179,3.0108178,3.4708178,3.590818,3.320818,3.4608178,3.7408178,3.540818,3.2108178,2.9408178,2.800818,2.5208178,2.2508178,2.2708178,2.300818,1.6608179,1.1508179,1.1908178,1.2508179,1.1108179,1.1008179,1.2608179,1.1808178,0.9408179,0.8208179,0.67081785,0.40081787,0.20081787,0.05081787,-0.019182129,-0.13918214,-0.15918213,-0.29918212,-1.0691822,0.37081787,-1.1791822,-0.30918214,1.2108178,-1.1191821,-2.439182,-2.199182,-2.139182,-2.5691822,-2.2591822,-1.8291821,-4.269182,-4.339182,-4.8991823,-5.9591823,-6.449182,-6.519182
2.7208178,2.6808178,2.630818,2.6408179,2.6808178,2.7508178,2.9408178,3.1908178,3.1508179,2.9808178,2.9308178,3.080818,3.070818,3.070818,3.4408178,3.6408179,3.7208178,3.600818,3.2008178,2.9808178,2.590818,2.070818,1.9008179,1.9808179,1.7208179,1.1208179,0.9408179,1.1608179,1.2108178,1.2508179,1.3908179,1.2808179,1.0508178,0.98081785,0.84081787,0.41081786,0.16081788,-0.029182129,-0.11918213,-0.04918213,0.030817872,0.06081787,-0.079182126,-0.16918212,-0.8791821,0.09081787,0.5108179,-1.0091821,-2.0791821,-1.7191821,-2.0491822,-3.0491822,-2.4991822,-1.0491822,-2.3291821,-3.0891821,-2.7791822,-3.379182,-3.8291821,-2.899182
2.6508179,2.7008178,2.7208178,2.7208178,2.6908178,2.7208178,2.9008179,3.1608179,3.1808178,2.9808178,3.0208178,3.090818,2.880818,3.1908178,3.630818,3.7208178,3.8908179,3.7308178,3.340818,3.050818,2.6808178,2.090818,1.6608179,1.6808178,1.7908179,1.4108179,1.0408179,1.0408179,1.1208179,1.2708179,1.4708179,1.3508179,1.1308179,1.1508179,1.0508178,0.6308179,0.32081786,0.04081787,-0.21918213,-0.05918213,0.23081787,0.29081786,0.05081787,-0.20918213,-0.09918213,-0.6691821,-0.41918212,-0.36918214,-1.3791821,-1.9291822,-1.9091821,-3.0991821,-3.459182,-1.0491822,-1.7091821,-2.2391822,-1.3191822,-2.669182,-2.959182,-2.2891822
2.550818,2.7008178,2.820818,2.840818,2.7308178,2.6808178,2.7608178,3.0008178,3.2208178,3.090818,2.9708178,2.830818,2.870818,3.5008178,3.7208178,3.6708179,3.6408179,3.4408178,3.290818,2.9608178,2.580818,2.2508178,1.9108179,1.7908179,1.7908179,1.6008179,1.2608179,1.0908179,1.0508178,1.2308179,1.4608178,1.3008178,1.1708179,1.2908179,1.2808179,1.0308179,0.73081785,0.25081787,-0.31918213,-0.26918212,0.07081787,0.16081788,0.31081787,0.37081787,-0.24918213,-0.27918214,-0.079182126,0.30081788,-0.50918216,-2.1091821,-2.169182,-2.209182,-2.369182,-2.399182,0.010817871,1.3008178,-1.6591821,-2.2691822,-2.169182,-1.8091822
2.4808178,2.6408179,2.820818,2.9008179,2.860818,2.820818,2.850818,2.9908178,3.1408179,3.030818,3.080818,3.2708178,3.2008178,3.6408179,3.780818,3.870818,3.800818,3.6408179,3.5008178,2.870818,2.4908178,2.4708178,2.330818,2.1808178,1.9808179,1.7308179,1.4808179,1.2808179,1.1608179,1.3008178,1.3308178,1.1108179,1.1808178,1.4208179,1.5308179,1.3708179,1.0708178,0.53081787,-0.19918212,-0.38918212,-0.16918212,-0.03918213,0.27081788,-0.019182129,-0.11918213,-0.89918214,0.11081787,1.4908179,-0.9191821,-2.439182,-2.5691822,-2.1091821,-2.119182,-2.8091822,0.19081788,0.9008179,-1.1991822,-2.379182,-1.9691821,-0.7891821
2.4308178,2.600818,2.830818,2.9608178,2.9708178,2.9008179,2.820818,2.8908179,3.110818,3.2608178,3.380818,3.370818,3.2608178,3.4608178,3.790818,4.1408176,4.000818,3.7408178,3.350818,2.8908179,2.7708178,2.6708179,2.4908178,2.4308178,2.350818,2.080818,1.7208179,1.5308179,1.4608178,1.4508178,1.2808179,1.1108179,1.2508179,1.5008179,1.6808178,1.5408179,1.1708179,0.6408179,0.13081788,-0.06918213,-0.16918212,-0.32918212,-0.4891821,-1.1291821,-1.4791821,-1.3291821,0.20081787,0.85081786,-1.0091821,-2.189182,-2.7991822,-2.4991822,-2.389182,-2.669182,-1.9191822,-1.2691821,-2.3291821,-2.459182,-1.0391822,-0.12918213
2.3908179,2.530818,2.780818,2.9808178,3.060818,3.050818,2.9208179,2.850818,3.050818,3.330818,3.4408178,3.4208179,3.380818,3.5208178,3.780818,4.200818,4.200818,3.800818,3.360818,3.070818,3.1908178,3.2208178,3.030818,2.7608178,2.530818,2.2608178,1.9508178,1.7808179,1.8208178,1.7008178,1.3608179,1.1408179,1.1908178,1.4008179,1.6908178,1.6108179,1.2208179,0.7708179,0.47081786,0.36081788,-0.20918213,-1.1191821,-1.5091821,-1.0491822,-1.1591821,-2.2991822,-1.5891821,-0.13918214,-1.3991821,-2.719182,-2.8391821,-2.369182,-2.389182,-3.0591822,-1.9891821,-2.459182,-3.919182,-4.549182,-1.8591821,-1.5191821
2.4108179,2.5008178,2.7208178,2.9508178,3.090818,3.130818,3.0108178,2.880818,2.9808178,3.2308178,3.4008179,3.5208178,3.600818,3.7208178,3.7008178,3.850818,3.860818,3.7008178,3.790818,3.7708178,3.7408178,3.7108178,3.570818,3.120818,2.6808178,2.360818,2.030818,1.8208178,1.8608179,1.7908179,1.3508179,1.1208179,1.1608179,1.3708179,1.7808179,1.6808178,1.1608179,0.7008179,0.61081785,0.59081787,-0.10918213,-1.2991822,-2.199182,-1.9791821,-1.3691821,-2.2291822,-0.34918213,-1.0691822,-2.689182,-3.189182,-3.5791821,-3.5891821,-2.919182,-3.8491821,-2.899182,-2.439182,-3.0391822,-3.709182,-2.219182,-2.7391822
2.4008179,2.5108178,2.7008178,2.9108179,3.100818,3.1708179,3.100818,2.9608178,2.9908178,3.080818,3.2508178,3.5108178,3.6808178,3.7508178,3.7408178,3.7108178,3.830818,4.1008177,4.360818,4.2908177,4.1008177,4.070818,3.800818,3.340818,2.820818,2.4508178,2.1708179,1.8508179,1.5708178,1.4508178,1.2908179,1.2308179,1.2108178,1.3808179,1.6408179,1.4808179,1.0108179,0.74081784,0.68081784,0.36081788,-0.41918212,-1.1691822,-1.3991821,-1.4491822,-1.5091821,-2.169182,-1.4891821,-0.6091821,-1.3991821,-1.5391822,-1.5391822,-2.459182,-3.0291822,-3.189182,-2.369182,-1.7891822,-3.159182,-4.089182,-3.0791821,-2.949182
2.350818,2.5008178,2.7008178,2.8908179,3.060818,3.120818,3.040818,2.9508178,2.9508178,2.9908178,2.9908178,3.1608179,3.4808178,3.780818,3.820818,3.800818,3.880818,3.9108179,3.820818,3.610818,3.850818,4.230818,3.7708178,3.1808178,2.7108178,2.280818,2.110818,1.8808179,1.5308179,1.2308179,1.0408179,1.0508178,1.1108179,1.2408179,1.2408179,1.1008179,0.91081786,0.8808179,0.93081784,0.5708179,0.04081787,-0.51918215,-1.3091822,-1.2491821,-0.8591821,-1.6491821,-1.5291821,0.11081787,-0.29918212,-1.2391821,-1.6191821,-2.919182,-2.909182,-2.459182,-1.5291821,-1.1491821,-2.149182,-3.2891822,-2.969182,-2.399182
2.350818,2.5008178,2.6908178,2.880818,3.060818,3.130818,3.050818,2.9208179,2.840818,2.870818,2.9208179,3.090818,3.4808178,3.790818,3.7608178,3.6608179,3.360818,3.100818,3.4308178,3.7108178,3.6908178,3.4408178,2.880818,2.610818,2.360818,1.9008179,1.7208179,1.6208179,1.4108179,1.0808178,0.91081786,0.99081784,1.1008179,1.0008179,0.84081787,0.7708179,0.8208179,0.99081784,1.0608178,0.8308179,0.6208179,0.30081788,-0.8491821,-1.5691822,-1.6091821,-1.6591821,-1.3291821,-0.57918215,-0.31918213,-0.4891821,-1.7991822,-2.8191822,-2.2691822,-1.6591821,-0.70918214,-1.1991822,-1.7191821,-2.3091822,-2.5991821,-1.7491821
2.4208179,2.5108178,2.6808178,2.860818,3.040818,3.130818,3.060818,2.9508178,2.860818,2.840818,2.840818,3.130818,3.6608179,3.780818,3.6408179,3.370818,3.1408179,3.280818,3.5008178,3.870818,3.7008178,2.9408178,2.4108179,2.280818,1.9608178,1.4408178,1.3408179,1.3108178,1.1408179,0.85081786,0.72081786,0.92081785,1.0308179,0.98081785,0.8808179,0.7708179,0.74081784,0.91081786,1.2708179,1.3308178,1.1208179,0.67081785,-0.029182129,-0.37918213,-0.5391821,-0.7291821,-0.7291821,0.15081787,0.5608179,-0.12918213,-1.2491821,-2.2491822,-2.4791822,-2.0991821,-1.0591822,-0.7391821,-1.7691821,-2.5591822,-2.189182,-1.6591821
2.570818,2.550818,2.6708179,2.870818,3.050818,3.1708179,3.1708179,3.040818,2.860818,2.6908178,2.780818,3.2108178,3.7508178,3.6408179,3.4108179,3.2208178,3.090818,3.6908178,4.360818,4.8908176,4.660818,3.610818,2.580818,1.9108179,1.3108178,1.0308179,1.1908178,1.1608179,1.0308179,0.74081784,0.7108179,1.0108179,1.2208179,1.2108178,1.0908179,0.8908179,0.73081785,0.8808179,1.3508179,1.7108178,1.7608179,1.4308178,0.8908179,0.5108179,0.48081788,0.41081786,-0.44918212,0.11081787,0.66081786,-0.03918213,-1.1991822,-1.5891821,-0.95918214,-2.199182,-2.439182,-0.09918213,-0.5991821,-1.3791821,-1.5191821,-0.81918216
2.780818,2.6508179,2.6908178,2.870818,3.060818,3.1908178,3.2508178,3.1808178,2.870818,2.6508179,2.9608178,3.4808178,3.580818,3.4508178,3.360818,3.1808178,3.560818,4.0808177,4.170818,4.150818,3.100818,2.350818,1.5308179,0.6408179,0.45081788,0.9608179,1.1208179,1.2608179,1.2808179,1.0008179,0.9408179,1.2108178,1.4608178,1.4608178,1.3108178,1.1508179,1.0808178,1.2008178,1.4208179,1.7208179,2.1608179,2.4408178,2.130818,1.4208179,0.45081788,0.31081787,-0.6191821,0.24081787,1.1608179,0.47081786,-0.90918213,-1.3891821,-1.9391822,-2.449182,-2.3291821,-0.90918213,1.2708179,1.2308179,-0.65918213,-1.6391821
3.0208178,2.810818,2.7508178,2.9008179,3.080818,3.2208178,3.300818,3.2408178,2.8908179,2.630818,2.6808178,3.0208178,3.050818,3.2508178,3.4108179,3.2608178,3.2408178,3.060818,2.790818,1.8908179,0.91081786,0.8308179,0.30081788,0.04081787,0.73081785,1.0408179,1.2308179,1.5408179,1.5908179,1.3508179,1.2508179,1.4308178,1.6308179,1.7208179,1.7008178,1.6508179,1.6508179,1.7008178,1.7708179,2.0208178,2.630818,3.280818,3.1808178,2.5008178,0.9408179,0.7008179,0.07081787,-0.19918212,-0.39918214,-1.0791821,-0.82918215,-0.45918214,-2.2591822,-2.0091822,-1.5191821,-1.0691822,1.2808179,1.3508179,-0.47918212,-2.0091822
3.280818,3.0208178,2.8908179,2.9708178,3.110818,3.2508178,3.340818,3.290818,3.0008178,2.6408179,2.580818,2.820818,2.870818,3.060818,3.1708179,3.030818,2.9408178,2.6408179,2.2308178,1.8008178,1.6908178,1.4408178,1.0108179,1.0908179,1.1708179,1.2708179,1.5208179,1.7708179,1.8408179,1.7208179,1.6908178,1.7508179,1.8608179,2.0208178,2.1508179,2.1908178,2.2008178,2.2108178,2.360818,2.7408178,3.360818,3.9108179,3.9508178,3.4208179,1.5208179,1.4208179,0.28081787,-1.0991821,-0.75918216,-0.6291821,-0.23918213,-0.10918213,-1.9091821,-2.2591822,-1.3591821,-1.2391821,-0.10918213,0.93081784,-0.41918212,-1.1791822
3.560818,3.2408178,3.030818,3.050818,3.1908178,3.310818,3.370818,3.310818,3.100818,2.790818,2.630818,2.7608178,3.0108178,3.040818,3.070818,3.040818,2.850818,2.4908178,2.3908179,2.4308178,2.6908178,2.860818,2.280818,1.7808179,1.6608179,1.7608179,1.8608179,1.9608178,2.060818,2.1508179,2.2408178,2.2708178,2.330818,2.5008178,2.6408179,2.6808178,2.7008178,2.7408178,2.9008179,3.1508179,3.7408178,4.570818,4.760818,3.080818,1.0208179,0.5608179,0.100817874,-0.6191821,-0.9291821,-1.0691822,-0.8591821,-0.8091821,-1.8391821,-2.7691822,-2.189182,-1.1691822,-0.49918213,-1.3191822,-1.1491821,1.4608178
3.790818,3.5008178,3.2008178,3.130818,3.2408178,3.370818,3.4408178,3.350818,3.1508179,2.9108179,2.7108178,2.630818,2.820818,3.130818,3.120818,2.9208179,2.610818,2.280818,2.4408178,2.7208178,3.0008178,3.300818,2.6808178,1.9408178,1.9108179,2.060818,2.1908178,2.1808178,2.280818,2.530818,2.7208178,2.800818,2.9008179,3.060818,3.1408179,3.1408179,3.130818,3.060818,2.9808178,2.9808178,3.530818,5.0208178,4.910818,0.39081788,-0.63918215,-0.9891821,-0.56918216,0.73081785,0.17081787,-1.2291821,-0.7991821,-0.52918214,-0.71918213,-1.2191821,-2.389182,-2.159182,-1.3091822,1.6408179,1.7908179,-0.29918212
4.030818,3.7608178,3.4008179,3.2208178,3.2508178,3.3908179,3.4808178,3.4108179,3.2308178,3.050818,2.870818,2.7208178,2.820818,3.120818,3.060818,2.780818,2.360818,2.1908178,2.5208178,2.550818,2.7308178,2.4108179,1.8108178,2.030818,2.2108178,2.310818,2.5008178,2.600818,2.7108178,2.9108179,3.130818,3.280818,3.4408178,3.620818,3.6708179,3.5108178,3.2208178,2.9508178,2.860818,2.7408178,2.880818,3.780818,1.2708179,-0.94918215,-1.3991821,-1.8891821,-1.4791821,0.48081788,2.1608179,0.85081786,0.34081787,0.5008179,0.06081787,-1.0791821,-2.219182,-2.409182,-0.94918215,1.0808178,0.19081788,1.0708178
4.250818,4.050818,3.6608179,3.3908179,3.310818,3.4008179,3.4908178,3.4808178,3.360818,3.1608179,2.9508178,2.850818,2.840818,2.8908179,2.850818,2.570818,2.290818,2.290818,2.560818,2.530818,2.6608179,1.8808179,1.6808178,2.370818,2.5108178,2.6608179,2.870818,3.0108178,3.100818,3.310818,3.530818,3.7208178,3.9508178,4.090818,3.9508178,3.620818,3.320818,3.130818,3.0008178,2.570818,1.9308178,1.4508178,0.07081787,-1.3691821,-2.0091822,-1.4091821,-0.52918214,0.84081787,2.1908178,2.4308178,2.4208179,1.5208179,0.5608179,-1.3291821,-2.139182,-2.149182,-1.0391822,-0.77918214,-0.34918213,1.6008179
4.400818,4.3108177,3.9308178,3.610818,3.4208179,3.3908179,3.5008178,3.550818,3.4608178,3.2708178,3.030818,2.9008179,2.790818,2.6608179,2.610818,2.530818,2.4008179,2.380818,2.310818,2.280818,2.6508179,2.6908178,2.6408179,2.6608179,2.540818,2.6508179,2.9208179,3.1508179,3.380818,3.560818,3.7008178,3.9108179,4.090818,4.1008177,4.030818,4.0208178,3.9508178,3.790818,3.6408179,3.350818,2.7608178,1.0508178,0.06081787,0.7108179,-0.38918212,-2.389182,-1.2091821,1.0908179,3.6908178,4.2908177,2.310818,0.98081785,-0.13918214,-0.46918213,-1.0891821,-2.389182,-1.9491822,-1.2391821,-0.41918212,2.050818
4.490818,4.480818,4.180818,3.870818,3.600818,3.4108179,3.4508178,3.570818,3.550818,3.4208179,3.2008178,2.9808178,2.790818,2.570818,2.4308178,2.4608178,2.5108178,2.4008179,2.1608179,1.8008178,1.8408179,1.9308178,1.7508179,1.6708179,1.8008178,2.100818,2.5108178,2.810818,2.870818,2.9008179,3.070818,3.310818,3.5008178,3.790818,4.220818,4.6008177,4.7708178,4.490818,4.450818,5.360818,4.170818,1.3808179,0.43081787,0.18081787,-0.45918214,0.5808179,0.9608179,1.0008179,1.6208179,1.5808178,0.8808179,0.12081787,-0.13918214,0.36081788,-0.9791821,-2.179182,-1.9691821,-1.4391822,0.9408179,0.8108179
4.5608177,4.6208177,4.420818,4.160818,3.820818,3.4908178,3.4208179,3.540818,3.570818,3.5208178,3.360818,3.100818,2.800818,2.550818,2.4708178,2.4708178,2.540818,2.4008179,2.310818,1.9108179,1.5708178,1.2608179,-0.009182129,-0.39918214,-0.18918213,0.61081785,1.4008179,1.9208179,2.360818,2.7608178,3.1408179,3.4908178,3.800818,4.200818,4.7708178,5.2708178,5.400818,5.530818,5.480818,3.620818,0.6308179,-0.38918212,-0.6891821,-0.7291821,-0.20918213,1.1708179,1.6708179,2.4808178,3.1908178,3.5208178,0.85081786,-0.37918213,-1.4491822,-0.49918213,-0.6691821,-0.9891821,-1.9891821,-1.8991821,-0.17918213,-0.57918215
4.650818,4.700818,4.590818,4.410818,4.050818,3.620818,3.4508178,3.530818,3.570818,3.570818,3.4808178,3.2708178,2.9408178,2.6908178,2.630818,2.580818,2.5208178,2.4108179,2.4308178,2.1908178,2.070818,2.290818,2.2408178,1.3808179,1.1108179,1.4408178,1.9808179,2.530818,3.050818,3.6808178,4.260818,4.570818,4.710818,5.030818,5.470818,6.3108177,5.910818,2.4008179,0.7708179,0.28081787,-0.52918214,-0.8491821,-1.0491822,-0.04918213,1.5408179,2.530818,3.5208178,3.870818,3.9908178,2.2708178,1.1908178,0.60081786,-1.1891822,-1.5091821,-1.0791821,-0.77918214,-1.8191822,-1.4491822,-1.3691821,-1.2891822
4.670818,4.710818,4.670818,4.5808177,4.230818,3.7508178,3.5208178,3.560818,3.600818,3.530818,3.4708178,3.380818,3.1708179,2.9308178,2.880818,2.870818,2.7008178,2.600818,2.620818,2.6608179,2.7508178,2.9708178,2.7508178,2.4408178,2.560818,2.840818,3.1408179,3.340818,3.780818,4.5608177,5.190818,5.320818,4.940818,4.550818,5.210818,3.4508178,-0.63918215,-1.2291821,-0.89918214,-0.36918214,0.02081787,-0.7891821,0.22081786,1.6908178,3.340818,5.150818,5.3308177,2.9508178,1.4108179,0.49081787,0.02081787,-0.39918214,-0.18918213,-1.7391821,-1.8391821,-1.7491821,-1.9091821,-0.8491821,-0.27918214,-0.13918214
