UV_10m_small_gfs.t12z.pgrb2.0p25.f006.json
{"header": { "discipline":0, "disciplineName":"Meteorological products", "gribEdition":2, "gribLength":18739, "center":7, "centerName":"US National Weather Service - NCEP(WMC)", "subcenter":0, "refTime":"2023-03-21T12:00:00.000Z", "significanceOfRT":1, "significanceOfRTName":"Start of forecast", "productStatus":0, "productStatusName":"Operational products", "productType":1, "productTypeName":"Forecast products", "productDefinitionTemplate":0, "productDefinitionTemplateName":"Analysis/forecast at horizontal level/layer at a point in time", "parameterCategory":2, "parameterCategoryName":"Momentum", "parameterNumber":2, "parameterNumberName":"U-component_of_wind", "parameterUnit":"m.s-1", "genProcessType":2, "genProcessTypeName":"Forecast", "forecastTime":6, "surface1Type":103, "surface1TypeName":"Specified height level above ground", "surface1Value":10.0, "surface2Type":255, "surface2TypeName":"Missing", "surface2Value":0.0, "gridDefinitionTemplate":0, "gridDefinitionTemplateName":"Latitude_Longitude", "numberPoints":11421, "shape":6, "shapeName":"Earth spherical with radius of 6,371,229.0 m", "gridUnits":"degrees", "resolution":48, "winds":"true", "scanMode":64, "nx":141, "ny":81, "basicAngle":0, "lo1":210.0, "la1":30.0, "lo2":245.0, "la2":50.0, "dx":0.25, "dy":0.25 }, "data":
[rows 52 to 77 of 81, columns 59 to 117 of 141]
-1.7645459,-1.4945459,-1.2745459,-1.2745459,-1.4645458,-1.6545459,-1.7845459,-1.8745459,-1.9445459,-1.9345459,-1.8145459,-1.8145459,-1.9545459,-1.9945459,-2.004546,-2.244546,-2.5545459,-2.5645459,-2.454546,-2.494546,-2.444546,-2.1445458,-1.8945459,-2.194546,-2.774546,-3.244546,-3.3545458,-3.1245458,-2.994546,-3.0845459,-3.1345458,-3.0945458,-3.224546,-3.434546,-3.5845459,-3.8745458,-3.8545458,-3.5745459,-3.5545459,-4.394546,-5.7745457,-6.354546,-5.684546,-4.164546,-2.184546,-1.974546,-2.1045458,-1.1345459,0.2754541,-0.4145459,-1.9645458,-2.264546,-3.734546,-3.3645458,-2.8145459,-3.514546,-3.5545459,-4.054546,-3.974546
-1.5645459,-1.5645459,-1.364546,-1.0745459,-0.9245459,-0.9445459,-1.1645459,-1.4245459,-1.604546,-1.6245459,-1.5345459,-1.4645458,-1.5645459,-1.7145458,-1.8045459,-1.9345459,-2.014546,-1.9145459,-1.7445459,-1.7645459,-1.8445458,-1.8745459,-1.7145458,-1.6645459,-2.004546,-2.704546,-3.274546,-3.1445458,-2.8845458,-2.934546,-3.1245458,-3.234546,-3.3745458,-3.5745459,-3.774546,-4.014546,-3.964546,-3.8545458,-4.304546,-5.0245457,-5.574546,-5.954546,-5.764546,-4.304546,-2.0845459,-2.0645459,-2.1245458,-1.234546,0.4954541,-0.6945459,-2.1345458,-2.1545458,-3.474546,-4.084546,-4.644546,-5.9445457,-6.514546,-6.454546,-6.104546
-1.0245459,-1.2545459,-1.3145459,-1.224546,-1.0445459,-0.8845459,-0.7045459,-0.56454587,-0.7345459,-1.0645459,-1.1845459,-1.104546,-1.0245459,-1.0645459,-1.2145458,-1.4445459,-1.614546,-1.614546,-1.5245459,-1.5545459,-1.7045459,-1.8745459,-1.9145459,-1.8845459,-1.9645458,-2.414546,-3.014546,-3.164546,-3.034546,-2.8945458,-2.984546,-3.1545458,-3.414546,-3.6245458,-3.8545458,-4.104546,-4.104546,-3.944546,-4.414546,-5.344546,-5.594546,-5.474546,-5.364546,-4.664546,-3.444546,-3.224546,-2.514546,-1.1945459,0.2454541,-0.6045459,-1.6645459,-1.9645458,-3.234546,-3.694546,-3.424546,-4.874546,-5.4645457,-4.954546,-4.7745457
-0.56454587,-0.7845459,-0.9145459,-0.9845459,-1.1245459,-1.0545459,-0.6845459,-0.4645459,-0.1645459,-0.024545899,-0.2845459,-0.6445459,-0.7345459,-0.5745459,-0.4845459,-0.5745459,-0.7845459,-0.9845459,-1.0845459,-1.3045459,-1.604546,-1.8445458,-2.014546,-1.9645458,-1.8345459,-2.0745459,-2.3945458,-2.754546,-2.964546,-2.784546,-2.714546,-2.8845458,-3.044546,-3.254546,-3.6145458,-4.1945457,-4.5245457,-4.564546,-4.574546,-4.684546,-4.994546,-5.104546,-4.764546,-4.564546,-3.794546,-3.664546,-3.444546,-2.424546,-1.2445459,-0.5445459,-1.614546,-2.1345458,-3.204546,-4.534546,-2.274546,-1.5345459,-3.1445458,-3.274546,-3.414546
-0.3445459,-0.4645459,-0.6145459,-0.7545459,-0.9145459,-0.81454587,-0.6145459,-0.4745459,-0.2045459,0.1054541,0.3854541,0.3054541,-0.0045458986,-0.1845459,-0.2245459,-0.1845459,-0.1945459,-0.1745459,-0.1645459,-0.4745459,-1.0045459,-1.4445459,-1.7145458,-1.8845459,-1.9545459,-2.0545459,-2.254546,-2.5645459,-2.684546,-2.464546,-2.434546,-2.5945458,-2.8245459,-3.194546,-3.6345458,-3.924546,-4.384546,-4.514546,-4.164546,-4.074546,-4.084546,-4.134546,-4.844546,-4.2545457,-2.244546,-2.494546,-3.1245458,-2.944546,-1.1845459,0.3054541,-0.7245459,-1.7645459,-1.734546,-2.1545458,-3.3145459,-2.8745458,-2.5545459,-1.8145459,-1.7445459
-0.4445459,-0.2545459,-0.3245459,-0.5445459,-0.6945459,-0.4545459,-0.3445459,-0.4345459,-0.2645459,0.015454101,0.2954541,0.5254541,0.5754541,0.3454541,0.1254541,-0.014545899,-0.1445459,-0.1245459,0.1754541,0.3154541,0.025454102,-0.5145459,-1.0645459,-1.5645459,-1.8245459,-1.7945459,-2.014546,-2.464546,-2.454546,-2.214546,-2.194546,-2.494546,-2.8345459,-3.164546,-3.3845458,-3.474546,-3.6045458,-3.5545459,-3.3445458,-3.3045459,-3.5845459,-3.734546,-3.924546,-4.0045457,-2.6545458,-1.9645458,-2.1245458,-2.0545459,-1.3145459,-0.0945459,-0.054545898,-1.4045459,-1.6945459,-2.3345459,-3.5545459,-2.3845458,-1.3945459,-0.9145459,-1.1945459
-0.1745459,-0.1545459,-0.084545895,-0.1745459,-0.2245459,0.1054541,0.2154541,-0.2145459,-0.4445459,-0.2745459,-0.0345459,0.1854541,0.4454541,0.5154541,0.3854541,0.1354541,-0.0645459,-0.0445459,0.1854541,0.4654541,0.5854541,0.3554541,-0.1445459,-0.7645459,-1.2745459,-1.6245459,-1.724546,-1.8745459,-2.224546,-2.1345458,-1.864546,-2.1445458,-2.434546,-2.664546,-2.8645458,-3.014546,-2.954546,-2.694546,-2.774546,-2.994546,-3.1545458,-3.224546,-3.3245459,-3.544546,-3.254546,-2.6345458,-2.954546,-2.1245458,-1.5345459,-0.42454588,0.7754541,-1.9945459,-2.674546,-2.944546,-2.8045459,-2.3145459,-0.9545459,0.0454541,-1.3845459
0.3354541,0.2354541,0.1154541,0.015454101,0.1154541,0.7654541,1.0954541,0.8054541,0.2454541,-0.1445459,-0.1445459,-0.014545899,0.14545411,0.4754541,0.6054541,0.1954541,0.0454541,0.4054541,0.3754541,0.2454541,0.4154541,0.5054541,0.4054541,0.025454102,-0.6045459,-1.2745459,-1.6545459,-1.8345459,-1.9645458,-1.6745459,-1.3945459,-1.734546,-2.184546,-2.5845459,-2.754546,-2.784546,-2.6245458,-2.424546,-2.6145458,-2.944546,-2.994546,-2.6445458,-2.734546,-2.8945458,-1.8245459,-0.7345459,-2.194546,-2.0945458,-1.0645459,-0.81454587,-0.0945459,-1.7545459,-1.7445459,-1.7645459,-2.974546,-2.454546,-1.4645458,-1.1345459,-2.984546
0.9754541,0.7654541,0.3354541,0.3554541,0.6654541,1.4654541,1.7354541,1.3254541,0.9554541,1.1254541,1.2054541,0.9754541,0.7054541,0.7054541,1.145454,1.2054541,1.0454541,1.1954541,1.2054541,0.7054541,0.4554541,0.3554541,0.4454541,0.4254541,0.095454104,-0.4045459,-0.9645459,-1.2845459,-1.4345459,-1.2945459,-1.0445459,-1.5545459,-2.534546,-2.974546,-2.8645458,-2.754546,-2.744546,-2.6545458,-2.674546,-2.8945458,-2.994546,-2.964546,-3.234546,-3.3745458,-2.684546,-1.9145459,-2.924546,-2.024546,-1.7845459,-1.7845459,-1.2145458,-0.8945459,-2.044546,-2.1545458,-3.034546,-2.734546,-1.9645458,-1.8345459,-2.954546
1.4954541,1.3654541,1.135454,0.9954541,1.1554542,1.8454541,2.065454,1.3554541,0.3454541,0.6054541,1.4054542,1.885454,2.4154541,2.6654541,2.6154542,2.725454,2.725454,2.485454,2.235454,1.8154541,1.515454,0.9654541,0.6654541,0.6054541,0.4054541,0.1354541,-0.2145459,-0.5945459,-0.7145459,-0.5945459,-0.4345459,-1.2545459,-2.6245458,-3.224546,-2.914546,-2.714546,-2.8045459,-2.8445458,-2.8545458,-2.794546,-2.754546,-3.1145458,-3.6045458,-3.504546,-2.6345458,-1.2645459,-1.3945459,-1.8845459,-1.604546,-1.4245459,-1.5645459,-0.8645459,-1.4345459,-2.6145458,-2.674546,-2.6545458,-2.1045458,-1.5245459,-1.9245459
2.005454,1.8154541,1.9254541,1.7954541,1.885454,2.3654542,2.245454,1.4254541,1.0654541,1.5054541,1.5654541,1.145454,1.1954541,2.1354542,3.1154542,3.515454,3.6854541,3.8654542,3.6954541,3.0954542,2.4354541,1.9254541,1.4454541,0.9654541,0.5754541,0.3654541,0.2754541,0.095454104,-0.1545459,-0.3145459,-0.5345459,-1.2745459,-2.3045459,-2.674546,-2.484546,-2.5645459,-2.8745458,-2.8345459,-2.664546,-2.6145458,-2.5645459,-2.974546,-3.464546,-3.204546,-2.044546,-0.3745459,-1.0245459,-1.9345459,-1.0245459,-0.7345459,-0.7645459,-0.24454589,-1.8445458,-2.664546,-2.754546,-2.764546,-2.004546,-1.2545459,-1.0145459
2.295454,2.235454,2.215454,2.205454,2.4054542,2.815454,2.535454,1.9354541,1.9254541,1.9254541,1.9854541,2.495454,2.8654542,3.1454542,3.495454,3.6954541,3.3854542,3.1054542,2.6754541,1.9554541,1.7354541,1.8454541,2.005454,1.7254541,1.0354542,0.5254541,0.4254541,0.4954541,0.3754541,0.0454541,-0.4745459,-1.0545459,-1.6945459,-1.7645459,-1.7945459,-2.164546,-2.5645459,-2.434546,-2.1545458,-2.434546,-2.8745458,-3.1445458,-3.274546,-3.224546,-2.0945458,-1.3745459,-1.8145459,-1.484546,-0.5345459,-0.2145459,0.4654541,0.4154541,-2.0745459,-2.8045459,-2.3445458,-1.864546,-1.6345459,-1.364546,-0.6045459
2.4254541,2.455454,2.3954542,2.315454,2.515454,2.825454,2.715454,2.5954542,2.495454,2.3654542,2.455454,2.975454,3.6454542,3.4254541,2.8554542,3.6754541,3.5954542,2.735454,2.1454542,2.1454542,2.035454,1.7054541,1.8054541,1.8754541,1.4054542,0.6354541,0.3354541,0.5854541,0.7854541,0.6154541,0.1854541,-0.4545459,-1.1245459,-1.354546,-1.3245459,-1.2645459,-1.3945459,-1.4445459,-1.4245459,-1.7745459,-2.264546,-2.444546,-2.6045458,-2.774546,-3.014546,-2.1345458,-1.104546,-1.474546,-1.224546,-0.1945459,0.5454541,-0.7645459,-2.1145458,-2.224546,-2.1245458,-1.6345459,-1.1245459,-0.8545459,-1.3345459
2.525454,2.575454,2.575454,2.555454,2.6354542,2.735454,2.825454,2.8754542,2.755454,2.525454,2.6054542,3.055454,3.715454,2.9454541,1.8754541,2.725454,3.055454,2.525454,1.9654541,1.6054541,1.4254541,1.2254541,1.275454,1.525454,1.3454541,0.8354541,0.4754541,0.4954541,0.7454541,0.9654541,0.8454541,0.2554541,-0.4345459,-0.7745459,-0.7845459,-0.7045459,-0.6445459,-0.5945459,-0.6545459,-0.7245459,-1.0145459,-1.4345459,-1.8345459,-2.3345459,-2.284546,-1.6945459,-1.8445458,-1.1545459,-1.354546,-0.9745459,0.0654541,-0.1145459,-1.354546,-0.9945459,-0.5845459,-2.3445458,-1.7045459,-1.4945459,-0.9445459
2.6254542,2.6254542,2.6354542,2.6754541,2.725454,2.765454,2.8854542,2.995454,2.8554542,2.745454,2.825454,3.1854541,3.4354541,3.4254541,2.715454,2.3654542,2.045454,1.9454541,1.6054541,0.93545413,0.7354541,0.9054541,1.2154541,1.5554541,1.385454,1.0554541,0.8054541,0.7154541,0.8254541,0.9954541,1.0754541,1.015454,0.5454541,0.14545411,0.025454102,-0.1245459,-0.2845459,-0.3245459,-0.2945459,-0.3245459,-0.5245459,-0.7745459,-1.3445458,-1.9945459,-2.014546,-1.7745459,-1.3245459,-1.4345459,-1.3045459,-0.3145459,0.2654541,-0.014545899,-0.9945459,-1.114546,-0.8445459,-1.3945459,-1.9545459,-1.5545459,-0.4745459
2.725454,2.755454,2.755454,2.785454,2.775454,2.725454,2.805454,2.9154541,2.955454,2.9054542,2.955454,3.275454,3.775454,3.9454541,3.525454,2.705454,2.055454,1.7154541,1.1854541,0.8954541,1.3154541,1.8654541,1.775454,1.6654541,1.5454541,1.3554541,1.145454,0.9654541,0.9554541,1.0554541,1.2254541,1.385454,1.3254541,1.025454,0.7054541,0.2954541,-0.084545895,-0.1945459,-0.2345459,-0.4045459,-0.4745459,-0.3945459,-0.8645459,-1.5645459,-1.5645459,-1.9945459,-2.044546,-1.724546,-1.3745459,-1.104546,-0.9245459,-0.7745459,0.2354541,0.1854541,-1.4145459,-1.4545459,-1.7745459,-1.1645459,-0.3945459
2.765454,2.8554542,2.8554542,2.835454,2.775454,2.6954541,2.765454,2.8854542,2.995454,3.045454,3.1254542,3.555454,3.995454,4.0554543,3.795454,2.765454,1.9154541,1.895454,1.7854542,1.5354542,1.5354542,2.035454,2.535454,2.3554542,1.9954541,1.7454541,1.4754541,1.3454541,1.2854542,1.3054541,1.5054541,1.7454541,1.775454,1.5554541,1.135454,0.4854541,0.0354541,-0.084545895,-0.3345459,-0.5545459,-0.054545898,0.3654541,-0.2245459,-0.9945459,-1.1545459,-2.194546,-2.484546,-1.7645459,-1.3345459,-1.1545459,-1.0545459,-0.9845459,-0.2245459,0.8754541,-0.7045459,-1.5145459,-1.6345459,-1.7845459,-1.3045459
2.775454,2.8954542,2.9454541,2.9354541,2.835454,2.715454,2.825454,2.985454,3.045454,3.065454,3.1454542,3.4454541,3.8854542,3.9454541,3.335454,2.455454,2.1654541,2.525454,2.715454,2.6754541,2.785454,3.3954542,3.255454,1.9154541,1.4954541,1.3454541,1.3654541,1.4854541,1.5854541,1.6854541,1.885454,1.9254541,1.7354541,1.4254541,0.93545413,0.5354541,0.5054541,0.5554541,0.2354541,-0.2245459,0.1554541,0.6354541,0.4054541,0.2054541,0.5454541,-0.1845459,-1.114546,-1.7445459,-1.3845459,-1.0345459,-1.1345459,-1.114546,-0.4445459,0.5254541,-0.7045459,-1.6245459,-1.5445459,-0.8345459,-0.5145459
2.705454,2.9354541,3.035454,3.005454,2.9354541,2.8454542,2.8454542,2.8854542,2.9354541,3.005454,2.995454,3.255454,3.585454,3.465454,2.6954541,2.1654541,2.505454,2.9354541,3.575454,4.315454,4.985454,4.605454,4.2454543,3.245454,1.4554541,0.2454541,0.4254541,0.8454541,0.9754541,1.1054541,1.1954541,1.3154541,1.3054541,1.0554541,0.9154541,0.9754541,0.8954541,0.7854541,0.8054541,0.7054541,0.8054541,1.0954541,1.3254541,1.5454541,1.2054541,1.0354542,0.9054541,-0.7345459,-1.354546,-1.1445459,-1.2045459,-1.1945459,-0.9445459,-0.3645459,0.3654541,-0.4745459,-0.8745459,-1.354546,-1.5645459
2.6754541,2.9154541,3.035454,3.075454,3.065454,2.955454,2.8754542,2.8654542,2.9054542,2.955454,3.035454,3.1654541,3.245454,3.1354542,2.6254542,2.495454,3.1854541,3.955454,4.385454,4.425454,3.715454,2.6854541,2.3854542,2.495454,0.9854541,-0.24454589,0.2454541,0.4754541,0.32545412,0.2254541,0.2854541,0.5654541,0.7754541,0.9954541,1.0554541,0.8054541,0.4754541,0.6254541,1.015454,1.2054541,1.4854541,1.885454,2.295454,1.7854542,0.9454541,0.9654541,-0.1245459,-0.7045459,-1.0045459,-1.2745459,-1.114546,-0.6945459,-0.2345459,0.2754541,0.4254541,-0.5845459,-0.8445459,-1.5645459,-1.1245459
2.6454542,2.9054542,3.055454,3.075454,3.1454542,3.075454,2.835454,2.725454,2.785454,2.955454,3.1454542,3.1954541,3.065454,3.065454,3.025454,3.4254541,4.4754543,4.435454,4.185454,3.9054542,2.715454,0.5754541,0.2654541,1.0354542,0.68545413,0.2954541,0.1354541,0.1354541,0.0654541,0.1954541,0.3754541,0.4954541,0.6354541,0.8454541,0.9554541,0.93545413,0.8554541,1.1054541,1.5454541,1.9254541,2.3954542,2.6154542,1.9854541,0.6154541,-0.4945459,-0.81454587,-1.0445459,-0.8645459,-0.4145459,0.0854541,0.5354541,0.6554541,1.025454,1.395454,0.3954541,-0.5545459,-0.6645459,-1.2445459,-1.0045459
2.6054542,2.8454542,3.035454,3.1054542,3.225454,3.265454,3.025454,2.6654541,2.6154542,2.825454,3.1254542,3.1254542,2.785454,2.965454,3.475454,4.195454,4.095454,2.745454,1.8254541,1.6154541,0.9554541,0.015454101,0.3954541,0.9154541,1.2954541,0.5554541,-0.9245459,-0.7745459,-0.1245459,0.3154541,0.6354541,0.8454541,1.0054541,1.135454,1.0754541,0.8454541,0.9154541,1.6254541,2.3554542,2.795454,2.4254541,1.2454541,1.1254541,0.015454101,-1.0745459,-0.8945459,0.015454101,0.8154541,1.775454,2.8854542,2.8854542,1.7054541,1.3654541,0.8054541,-0.6445459,0.0454541,-0.084545895,-1.484546,-1.0445459
2.5954542,2.785454,2.995454,3.1354542,3.265454,3.3854542,3.1654541,2.6254542,2.6254542,2.8454542,3.1454542,3.055454,2.6354542,2.815454,3.555454,3.545454,1.775454,0.4854541,0.0354541,0.2654541,1.025454,0.2854541,0.3854541,1.1954541,1.6254541,0.6354541,-0.6045459,-0.4445459,0.4054541,1.0054541,1.3354541,1.4154541,1.5054541,1.4254541,0.9754541,0.7254541,1.265454,2.255454,2.825454,2.1354542,1.3454541,2.045454,2.1254542,1.1554542,-0.1645459,-0.9345459,-0.9145459,-0.9545459,-0.3745459,-0.42454588,-0.1845459,0.32545412,0.8654541,-0.2145459,-0.6145459,-0.1445459,-0.3945459,-0.8945459,-1.0245459
2.6254542,2.765454,2.955454,3.1254542,3.265454,3.3554542,3.335454,3.025454,2.775454,2.9354541,3.215454,3.075454,2.495454,2.555454,3.235454,2.8554542,1.3254541,0.7654541,1.2554541,1.8054541,1.275454,0.6754541,0.9254541,1.5754541,1.6854541,0.8454541,0.0354541,0.6654541,1.4654541,1.6554542,1.525454,1.7454541,1.8054541,1.2554541,0.9154541,1.0654541,1.6954541,2.005454,1.8054541,2.1054542,2.3754542,1.645454,-0.1845459,-0.8445459,-1.104546,-1.0045459,-0.4645459,0.0854541,-1.2945459,-2.174546,-0.5845459,0.7054541,0.6354541,0.2154541,-0.9045459,-1.0945458,-1.0945458,-0.4045459,-0.4845459
2.705454,2.785454,2.975454,3.1054542,3.215454,3.3554542,3.255454,2.6254542,2.3554542,2.6554542,3.065454,2.9154541,2.305454,2.275454,3.015454,2.825454,1.4154541,0.8154541,1.1854541,0.0854541,-0.4445459,0.2354541,0.7654541,1.025454,0.93545413,0.5554541,0.5254541,1.0854541,1.7154541,1.7554541,1.3454541,0.5754541,0.1054541,0.3354541,0.6754541,1.2954541,1.7554541,2.045454,2.715454,1.4554541,0.6654541,0.0654541,-0.1245459,-0.7745459,-1.0045459,-0.9145459,-0.0045458986,1.4154541,1.6154541,0.7554541,0.2154541,0.6454541,0.6954541,-0.0345459,-0.1645459,-0.8645459,-1.104546,-0.9745459,-0.9545459
2.8554542,2.8554542,2.985454,3.075454,3.1354542,3.275454,3.3754542,3.075454,2.555454,2.4254541,2.775454,2.725454,2.285454,2.1654541,2.6554542,2.525454,1.4354541,0.8654541,0.5954541,0.1954541,-0.0945459,-0.3645459,0.2454541,1.2254541,1.5054541,1.2354541,0.6254541,0.7954541,0.8954541,0.2154541,-0.6045459,-1.0145459,-0.6245459,-0.3045459,0.2254541,1.1554542,1.9754541,2.255454,0.7254541,-0.1745459,-0.56454587,-0.6445459,-0.4845459,-0.6245459,0.3154541,2.055454,3.085454,2.505454,1.3754541,0.6954541,0.5754541,0.4154541,-0.4145459,-0.6245459,-0.1045459,-0.7345459,-0.5145459,-0.8545459,-1.0845459
