UV_10m_small_gfs.t12z.pgrb2.0p25.f009.json
{"header": { "discipline":0, "disciplineName":"Meteorological products", "gribEdition":2, "gribLength":17311, "center":7, "centerName":"US National Weather Service - NCEP(WMC)", "subcenter":0, "refTime":"2023-03-21T12:00:00.000Z", "significanceOfRT":1, "significanceOfRTName":"Start of forecast", "productStatus":0, "productStatusName":"Operational products", "productType":1, "productTypeName":"Forecast products", "productDefinitionTemplate":0, "productDefinitionTemplateName":"Analysis/forecast at horizontal level/layer at a point in time", "parameterCategory":2, "parameterCategoryName":"Momentum", "parameterNumber":2, "parameterNumberName":"U-component_of_wind", "parameterUnit":"m.s-1", "genProcessType":2, "genProcessTypeName":"Forecast", "forecastTime":9, "surface1Type":103, "surface1TypeName":"Specified height level above ground", "surface1Value":10.0, "surface2Type":255, "surface2TypeName":"Missing", "surface2Value":0.0, "gridDefinitionTemplate":0, "gridDefinitionTemplateName":"Latitude_Longitude", "numberPoints":11421, "shape":6, "shapeName":"Earth spherical with radius of 6,371,229.0 m", "gridUnits":"degrees", "resolution":48, "winds":"true", "scanMode":64, "nx":141, "ny":81, "basicAngle":0, "lo1":210.0, "la1":30.0, "lo2":245.0, "la2":50.0, "dx":0.25, "dy":0.25 }, "data":
[rows 0 to 25 of 81, columns 58 to 115 of 141]
4.696099,5.4160986,4.9960985,5.6860986,6.6860986,6.986099,6.7560987,7.2960987,7.926099,8.576098,8.7460985,9.096099,9.666099,9.676099,9.626099,10.106098,10.216099,10.606098,10.846099,10.876099,11.426099,11.656098,12.086099,12.366098,13.136099,13.906098,14.526098,15.186099,15.846099,15.916099,15.666099,16.4961,16.616098,16.4961,16.356098,15.376099,15.076098,15.416099,15.456099,15.726099,15.886099,15.516099,15.376099,15.2460985,15.116098,15.326098,15.646099,15.646099,15.686099,15.566098,15.546099,15.316098,14.876099,14.486098,14.136099,13.616098,12.926099,12.316098
5.3760986,5.6660986,5.696099,5.6860986,6.406099,7.2860985,7.5160985,7.7260985,8.276098,8.726099,9.146099,9.216099,9.906098,9.816098,9.596099,10.146099,10.376099,10.686099,11.276098,11.386099,11.466099,12.016099,12.7460985,12.856098,13.206099,14.196098,15.166099,15.816098,16.256098,16.296099,16.266098,16.7361,17.036098,17.0661,16.7361,16.016098,15.716099,15.726099,15.436099,15.256099,15.216099,15.206099,15.066098,15.096099,15.056099,15.2860985,15.626099,15.686099,15.846099,15.776098,15.466099,15.296099,14.946098,14.806099,14.486098,14.346099,13.4960985,12.696098
5.8060985,5.676099,6.0760984,6.2560987,6.7660985,7.466099,7.926099,8.336099,8.376099,8.196098,8.4960985,9.446098,9.586099,9.136099,9.916099,10.256099,10.186099,10.7860985,10.576098,10.756099,11.156098,12.296099,13.376099,13.236098,13.526098,14.806099,15.486098,15.606098,16.2461,16.6661,16.836098,16.836098,17.026098,16.9961,16.776098,16.1461,15.666099,14.966099,14.776098,14.326098,14.216099,14.446098,14.226099,14.506099,14.7860985,15.356098,15.546099,15.566098,15.526098,15.506099,15.416099,15.616098,15.316098,15.016099,14.866098,14.636099,13.846099,12.966099
6.0960984,6.3460984,6.7660985,6.716099,7.136099,7.3760986,7.636099,8.026098,8.156098,8.296099,8.936099,9.966099,10.156098,9.706099,9.766099,9.766099,10.616098,11.266099,10.816098,11.346099,12.556099,13.176099,13.7460985,14.456099,15.7860985,16.766098,16.776098,16.376099,16.126099,16.586098,17.1561,17.056099,16.716099,16.456099,16.506098,16.196098,15.446098,14.676099,14.516099,14.456099,13.766099,14.116098,13.566098,13.836099,14.306099,14.896099,15.236098,15.606098,15.5360985,15.626099,15.516099,15.566098,15.406098,15.056099,14.806099,14.646099,14.106098,13.2860985
6.466099,6.8160987,7.446099,7.676099,8.126099,8.686099,8.936099,8.986098,9.026098,9.456099,9.656098,9.966099,10.256099,10.506099,8.986098,9.376099,11.666099,11.316098,11.466099,11.816098,12.096099,13.146099,14.016099,14.336099,15.266099,16.3161,15.796099,16.0761,15.546099,16.626099,17.196098,17.226099,16.3961,16.126099,16.306099,16.4861,15.416099,14.826098,14.586099,14.346099,14.276098,13.906098,13.966099,13.936099,14.356098,14.846099,15.236098,15.736098,15.896099,15.486098,15.426099,15.476099,15.386099,15.006099,14.556099,14.706099,14.346099,13.426099
6.9560986,7.3360987,7.7560987,8.126099,8.506099,9.076098,9.356098,9.216099,9.426099,10.076098,10.116098,9.886099,10.336099,11.016099,10.066098,10.266099,11.486098,11.606098,11.766099,11.726099,11.596099,12.836099,13.4960985,13.716099,14.486098,15.086099,15.006099,15.716099,15.336099,16.186098,17.186098,16.426098,16.1661,16.276098,15.886099,15.926099,15.416099,14.686099,14.486098,14.826098,14.5360985,13.926099,14.316098,14.556099,14.606098,15.106098,15.216099,15.456099,15.686099,15.686099,15.586099,15.386099,15.206099,15.076098,14.366098,14.426099,14.276098,13.436099
7.6060987,8.116098,8.656098,9.006099,9.216099,9.586099,9.766099,10.076098,10.476099,9.906098,9.206099,11.006099,10.816098,11.426099,10.626099,11.416099,10.686099,10.896099,11.196098,11.926099,12.066098,12.936099,12.976099,13.936099,15.006099,15.446098,15.0360985,15.106098,15.206099,15.576098,16.716099,15.866098,15.306099,15.676099,15.466099,15.226099,14.826098,14.346099,14.516099,14.526098,14.366098,14.226099,14.726099,14.716099,14.886099,15.166099,15.416099,15.526098,15.416099,15.326098,15.186099,14.9960985,14.826098,14.576098,14.056099,13.126099,14.166099,13.186099
8.2860985,8.776098,9.406098,9.5360985,9.586099,9.826098,10.136099,10.796099,10.456099,9.836099,8.566098,11.266099,11.856098,12.016099,11.476099,10.896099,10.256099,10.366098,11.126099,11.836099,12.476099,13.216099,13.006099,13.7860985,14.516099,14.776098,14.616098,13.986098,14.756099,15.196098,15.966099,15.836099,15.416099,15.126099,15.126099,14.956099,14.876099,14.576098,14.596099,14.696098,14.516099,14.616098,15.006099,15.136099,15.556099,15.466099,15.326098,15.556099,15.406098,15.546099,15.166099,14.736098,14.516099,14.366098,13.606098,12.336099,13.416099,13.896099
8.796099,9.396099,10.106098,9.666099,10.396099,10.586099,11.086099,10.986098,10.616098,11.046099,10.706099,10.866098,12.066098,12.9960985,11.546099,10.886099,10.526098,11.116098,11.126099,11.876099,12.276098,12.846099,13.616098,13.546099,14.026098,14.406098,14.106098,13.876099,14.206099,14.946098,15.646099,15.376099,14.946098,14.796099,14.816098,14.886099,14.606098,14.636099,14.846099,14.866098,14.876099,15.056099,15.466099,15.856098,15.426099,15.256099,14.9960985,15.796099,15.806099,15.346099,14.946098,14.376099,14.156098,14.226099,14.436099,12.9960985,12.316098,13.526098
8.806099,9.636099,10.0360985,10.396099,10.966099,11.096099,11.736098,11.396099,11.306099,12.586099,11.756099,11.616098,12.146099,12.156098,11.116098,11.016099,11.136099,11.066098,11.436099,11.9960985,11.326098,12.586099,14.396099,12.416099,13.856098,14.826098,14.126099,13.466099,14.016099,13.686099,14.156098,14.486098,14.846099,14.716099,14.876099,15.226099,14.906098,14.916099,15.096099,15.216099,15.476099,15.696098,15.576098,15.486098,15.596099,16.476099,16.856098,16.716099,15.866098,15.206099,15.0360985,14.456099,14.2860985,13.826098,14.586099,13.736098,12.676099,13.126099
9.526098,9.676099,10.306099,10.956099,12.056099,10.796099,12.066098,12.226099,11.406098,12.576098,11.756099,11.616098,12.576098,11.176099,11.0360985,11.206099,11.376099,10.946098,11.616098,11.166099,11.836099,12.586099,12.576098,11.596099,12.086099,12.626099,12.826098,12.296099,12.856098,12.7860985,13.7860985,14.716099,14.916099,14.206099,14.926099,15.446098,15.426099,15.606098,15.656098,15.686099,15.806099,15.436099,15.376099,15.736098,16.1661,15.416099,14.9960985,15.716099,15.7460985,15.7460985,15.666099,15.016099,14.406098,13.056099,13.086099,12.756099,11.966099,12.406098
9.806099,10.156098,10.576098,9.676099,8.636099,9.626099,11.426099,10.776098,11.006099,11.756099,11.696098,11.696098,11.936099,11.026098,11.056099,10.936099,11.056099,11.2860985,10.666099,10.126099,8.2460985,8.856098,10.226099,10.106098,9.006099,11.856098,11.886099,11.006099,9.726099,11.646099,13.876099,14.656098,14.186099,13.7460985,12.876099,14.216099,16.186098,16.276098,16.046099,15.636099,15.256099,15.566098,15.736098,15.686099,14.9960985,14.706099,15.056099,15.896099,15.616098,16.0761,15.456099,15.236098,14.626099,12.7460985,12.696098,12.526098,11.9960985,11.626099
9.806099,9.896099,8.396099,6.676099,7.3060985,9.146099,10.126099,8.776098,9.986098,11.306099,11.126099,10.976099,10.796099,10.656098,10.976099,10.946098,10.966099,10.976099,10.646099,9.9960985,10.2860985,11.2460985,10.676099,10.346099,12.056099,14.0360985,14.146099,10.216099,10.546099,13.056099,11.306099,11.7460985,12.456099,12.336099,12.426099,14.9960985,16.606098,16.526098,16.2461,15.076098,14.936099,15.456099,15.266099,15.156098,14.9960985,14.976099,15.146099,15.296099,15.096099,14.686099,14.596099,14.456099,13.336099,11.946098,12.066098,11.816098,11.686099,11.206099
9.716099,8.706099,7.6060987,7.236099,7.3760986,8.076098,8.116098,7.886099,9.146099,10.196098,10.336099,10.406098,10.426099,10.5360985,10.686099,10.926099,11.136099,10.776098,10.926099,10.956099,10.266099,8.946098,9.336099,10.696098,11.846099,11.476099,12.306099,10.736098,10.876099,14.376099,7.4760985,7.946099,10.856098,12.156098,12.546099,11.256099,9.836099,11.466099,14.266099,15.296099,15.9960985,15.946098,15.896099,16.006098,15.806099,15.776098,15.776098,15.566098,15.326098,14.686099,14.026098,13.796099,12.976099,11.806099,11.016099,11.046099,10.7460985,11.176099
9.586099,8.256099,7.6160984,7.4960985,7.5360985,8.2460985,8.606098,8.476099,9.006099,10.0360985,10.546099,10.446098,10.216099,10.176099,10.376099,10.876099,10.656098,10.7460985,10.956099,10.666099,10.406098,8.546099,9.306099,9.336099,8.5360985,7.3460984,8.096099,10.976099,7.466099,10.986098,9.376099,7.1260986,8.566098,11.646099,12.716099,12.006099,11.186099,10.9960985,13.7860985,15.866098,15.106098,14.586099,14.876099,14.956099,15.2860985,15.5360985,14.856098,14.566098,14.096099,14.156098,14.046099,13.486098,12.816098,11.416099,10.416099,10.186099,10.416099,10.936099
9.336099,8.176099,7.7260985,8.336099,8.606098,8.876099,9.476099,9.666099,9.976099,10.326098,10.446098,9.966099,9.646099,9.876099,10.296099,10.796099,10.686099,10.816098,10.966099,10.796099,10.356098,10.266099,10.776098,9.7460985,9.406098,9.296099,8.346099,8.266099,8.886099,8.316098,8.606098,8.406098,8.686099,9.896099,10.316098,10.166099,10.206099,10.006099,9.936099,10.946098,10.926099,11.446098,12.076098,12.876099,13.126099,11.966099,12.206099,13.056099,13.396099,13.546099,13.576098,12.986098,11.736098,10.436099,9.956099,10.556099,10.736098,10.966099
9.136099,8.226099,7.7760987,8.556099,9.306099,9.356098,9.436099,9.696098,9.936099,10.146099,10.086099,9.646099,9.506099,9.896099,10.486098,10.916099,10.876099,10.756099,10.326098,10.616098,11.196098,10.906098,10.0360985,9.586099,9.126099,9.646099,9.316098,9.526098,9.046099,9.066098,8.946098,8.986098,8.716099,9.126099,10.116098,10.406098,10.776098,10.7860985,11.216099,11.2860985,11.216099,11.466099,12.006099,12.236098,12.566098,12.656098,12.386099,12.266099,12.226099,12.526098,12.206099,11.676099,11.146099,11.026098,10.976099,10.796099,10.976099,10.666099
8.326098,8.336099,8.366098,8.436099,9.2460985,9.4960985,9.466099,9.646099,9.776098,9.936099,9.886099,9.696098,9.666099,9.956099,10.436099,10.816098,10.776098,10.476099,10.436099,11.216099,11.376099,10.836099,10.526098,9.726099,10.006099,9.956099,9.696098,9.646099,9.406098,10.086099,9.716099,9.476099,9.636099,9.946098,10.706099,11.116098,10.896099,10.816098,11.326098,11.476099,11.586099,11.756099,12.236098,12.406098,12.116098,12.066098,12.376099,12.616098,12.656098,12.2860985,11.856098,11.376099,11.256099,11.376099,11.296099,10.606098,10.376099,9.446098
8.046099,8.426099,8.666099,8.946098,9.256099,9.7460985,9.856098,9.866098,10.046099,10.106098,10.146099,10.146099,10.066098,10.076098,10.236098,10.526098,10.836099,10.626099,10.7460985,11.016099,11.116098,11.136099,10.656098,10.376099,10.486098,10.436099,10.546099,10.156098,10.316098,10.436099,9.666099,9.526098,10.116098,10.576098,11.216099,11.256099,11.606098,11.926099,12.086099,12.276098,12.656098,12.946098,12.5360985,12.876099,12.556099,12.276098,12.576098,12.546099,12.566098,12.776098,12.426099,11.896099,11.276098,10.5360985,10.2460985,10.006099,9.376099,6.7760987
7.7060986,8.336099,8.876099,9.166099,9.356098,9.446098,9.696098,9.9960985,10.216099,10.346099,10.516099,10.566098,10.436099,10.396099,10.4960985,10.616098,10.846099,10.886099,10.876099,10.926099,11.026098,10.976099,10.776098,10.866098,10.896099,11.086099,10.856098,10.706099,10.576098,10.156098,9.726099,10.106098,10.816098,11.216099,11.556099,11.216099,12.376099,12.646099,12.726099,13.336099,13.9960985,14.076098,13.546099,13.316098,13.586099,13.316098,13.7860985,14.066098,13.576098,12.886099,12.206099,11.586099,11.206099,10.486098,9.826098,9.386099,8.176099,6.4360986
7.5460987,8.266099,8.856098,9.176099,9.566098,9.986098,9.946098,10.0360985,10.376099,10.686099,10.956099,10.976099,10.826098,10.896099,10.9960985,10.9960985,11.046099,11.216099,11.116098,11.056099,11.146099,11.376099,11.486098,11.346099,11.2860985,11.076098,10.856098,11.016099,11.0360985,10.726099,10.816098,11.166099,11.606098,11.716099,11.606098,12.136099,12.546099,12.386099,13.356098,14.296099,14.756099,15.056099,15.046099,14.956099,15.126099,14.7860985,14.296099,14.236098,14.346099,14.206099,12.466099,11.406098,10.956099,10.456099,9.276098,8.356098,7.5560985,6.2060986
8.046099,8.666099,9.256099,9.606098,9.7460985,10.216099,10.266099,10.176099,10.456099,10.886099,11.146099,11.106098,11.046099,11.236098,11.476099,11.416099,11.446098,11.406098,11.486098,11.446098,11.406098,11.826098,12.156098,12.176099,11.816098,11.706099,11.636099,11.556099,11.5360985,11.316098,11.546099,11.686099,12.016099,11.956099,12.026098,12.436099,12.026098,13.156098,13.276098,12.646099,12.7460985,13.446098,14.736098,15.676099,15.816098,15.606098,14.976099,14.716099,14.076098,14.766099,13.416099,11.586099,10.336099,9.196098,8.686099,8.326098,7.446099,6.176099
7.906099,8.676099,9.366098,9.606098,9.866098,10.196098,10.596099,10.526098,10.526098,10.876099,11.136099,11.126099,11.096099,11.326098,11.676099,11.716099,11.646099,11.4960985,11.466099,11.466099,11.656098,12.476099,12.486098,12.306099,12.066098,12.096099,12.116098,12.156098,11.956099,11.606098,11.776098,12.096099,12.236098,12.316098,12.386099,12.586099,12.236098,13.356098,11.116098,10.0360985,9.276098,10.896099,13.116098,14.716099,15.916099,16.186098,15.426099,15.006099,14.856098,14.176099,13.156098,11.646099,10.336099,8.686099,7.716099,7.4560986,7.0360985,6.0460987
7.4760985,8.366098,8.946098,9.236098,9.696098,9.276098,9.336099,10.176099,10.716099,11.016099,11.2460985,11.296099,11.256099,11.346099,11.416099,11.446098,11.446098,11.436099,11.446098,11.596099,12.186099,12.876099,12.846099,12.706099,12.546099,12.366098,12.206099,12.256099,12.296099,12.256099,12.2860985,12.396099,12.156098,12.2460985,12.586099,12.636099,12.476099,13.066098,11.256099,10.886099,10.646099,12.646099,14.266099,13.986098,13.136099,13.336099,14.146099,14.126099,13.336099,11.676099,11.866098,11.236098,10.296099,9.196098,7.9160986,5.446099,4.386099,3.7560987
7.5660987,8.086099,8.466099,8.826098,8.846099,8.546099,8.056099,8.756099,9.806099,10.356098,10.676099,10.966099,11.026098,11.176099,11.136099,11.026098,11.166099,11.436099,11.726099,12.196098,12.716099,12.966099,12.926099,12.626099,12.456099,12.556099,12.526098,12.506099,12.596099,12.656098,12.616098,12.4960985,12.296099,12.756099,12.826098,12.9960985,13.656098,13.336099,11.456099,10.666099,10.296099,12.456099,12.546099,8.116098,5.6260986,6.906099,8.566098,9.766099,10.986098,11.606098,11.506099,10.7860985,10.356098,9.186099,8.076098,4.0360985,4.2860985,4.0660987
7.5060987,7.6060987,7.8560987,7.986099,7.886099,8.086099,8.416099,8.846099,9.076098,9.376099,9.756099,10.236098,10.576098,10.736098,10.706099,10.846099,11.166099,11.436099,11.606098,12.056099,12.656098,12.886099,12.566098,11.956099,12.236098,12.656098,12.916099,13.046099,13.106098,13.206099,13.116098,12.926099,13.126099,13.166099,13.416099,13.236098,11.106098,9.346099,9.456099,10.096099,9.806099,11.376099,7.2060986,4.5460987,6.2560987,9.016099,10.896099,12.296099,13.296099,14.066098,14.566098,13.406098,10.676099,7.7960987,3.8060987,3.4260986,4.156099,4.6160984
