UV_10m_small_gfs.t12z.pgrb2.0p25.f021.json
{"header": { "discipline":0, "disciplineName":"Meteorological products", "gribEdition":2, "gribLength":17311, "center":7, "centerName":"US National Weather Service - NCEP(WMC)", "subcenter":0, "refTime":"2023-03-21T12:00:00.000Z", "significanceOfRT":1, "significanceOfRTName":"Start of forecast", "productStatus":0, "productStatusName":"Operational products", "productType":1, "productTypeName":"Forecast products", "productDefinitionTemplate":0, "productDefinitionTemplateName":"Analysis/forecast at horizontal level/layer at a point in time", "parameterCategory":2, "parameterCategoryName":"Momentum", "parameterNumber":3, "parameterNumberName":"V-component_of_wind", "parameterUnit":"m.s-1", "genProcessType":2, "genProcessTypeName":"Forecast", "forecastTime":21, "surface1Type":103, "surface1TypeName":"Specified height level above ground", "surface1Value":10.0, "surface2Type":255, "surface2TypeName":"Missing", "surface2Value":0.0, "gridDefinitionTemplate":0, "gridDefinitionTemplateName":"Latitude_Longitude", "numberPoints":11421, "shape":6, "shapeName":"Earth spherical with radius of 6,371,229.0 m", "gridUnits":"degrees", "resolution":48, "winds":"true", "scanMode":64, "nx":141, "ny":81, "basicAngle":0, "lo1":210.0, "la1":30.0, "lo2":245.0, "la2":50.0, "dx":0.25, "dy":0.25 }, "data":
[rows 25 to 49 of 81, columns 57 to 113 of 141]
-10.239477,-10.519478,-10.809478,-10.959477,-11.1294775,-11.209477,-11.439478,-11.699477,-11.889478,-12.029477,-12.149478,-12.229478,-12.339478,-12.509478,-12.549478,-12.439478,-12.419477,-12.479478,-12.539477,-12.6294775,-12.959477,-13.229478,-13.479478,-13.689478,-13.959477,-13.739477,-13.269478,-12.8794775,-12.689478,-12.859478,-12.929478,-12.979478,-13.089478,-13.009478,-12.939478,-12.769478,-12.519478,-12.529477,-12.549478,-12.119477,-11.449477,-10.909477,-9.909477,-8.719478,-8.099478,-7.6094775,-6.1494775,-5.0194774,-2.7094774,-1.1694776,1.1605225,2.2605224,3.0305223,5.9705224,6.8505225,7.4305224,3.4405224
-10.089478,-10.329477,-10.549478,-10.799478,-10.909477,-11.009478,-11.209477,-11.499477,-11.809478,-12.009478,-12.279477,-12.499477,-12.549478,-12.639478,-12.689478,-12.709477,-12.669477,-12.749477,-12.749477,-12.709477,-12.849478,-13.099478,-13.459477,-13.739477,-14.049478,-14.029477,-13.339478,-12.799478,-12.919477,-12.989477,-13.009478,-13.159477,-13.249477,-13.169477,-13.249477,-13.339478,-13.309478,-13.279477,-13.329477,-12.949477,-12.609478,-12.159477,-10.829477,-9.349478,-7.9394774,-6.6594777,-5.5694776,-4.6394777,-2.6894774,5.2246096E-4,1.9305224,4.5605226,4.7905226,4.9505224,6.7805223,11.320522,1.4505224
-9.989477,-10.089478,-10.189478,-10.499477,-10.819477,-11.119477,-11.359478,-11.559478,-11.789477,-12.109478,-12.489477,-12.459477,-12.3794775,-12.479478,-12.459477,-12.479478,-12.539477,-12.699477,-12.8794775,-12.819477,-12.909477,-13.1294775,-13.369477,-13.649478,-13.949477,-13.839478,-13.029477,-12.989477,-13.219478,-13.329477,-13.299478,-13.3794775,-13.419477,-13.479478,-13.639478,-13.809478,-13.939478,-14.009478,-13.759478,-13.709477,-13.509478,-12.929478,-12.019478,-10.829477,-9.209477,-7.3794775,-5.4594774,-3.7894776,-2.6594775,-0.12947755,2.1905224,4.6405225,7.0105224,8.140522,7.2405224,9.680523,2.6905224
-9.699477,-9.969478,-10.279477,-10.599478,-10.8794775,-11.1294775,-11.399478,-11.609478,-11.789477,-11.919477,-11.959477,-12.039477,-12.079477,-12.249477,-12.319477,-12.359478,-12.409477,-12.469478,-12.789477,-13.049478,-13.099478,-13.259478,-13.449477,-13.669477,-13.799478,-13.249477,-12.999477,-13.279477,-13.509478,-13.579477,-13.589478,-13.609478,-13.689478,-13.8794775,-14.109478,-14.299478,-14.389478,-14.509478,-14.329477,-14.359478,-14.159477,-13.779477,-12.799478,-11.389478,-10.039477,-8.789477,-7.3294773,-4.9494777,-2.3294775,-0.059477538,2.1705225,3.7305224,4.2205224,9.460523,6.5905223,5.1705227,2.6805224
-9.519478,-9.839478,-10.239477,-10.589478,-10.859478,-11.059478,-11.259478,-11.569477,-11.869477,-12.019478,-12.009478,-11.859478,-12.089478,-12.289477,-12.449477,-12.449477,-12.699477,-12.529477,-12.679478,-13.039477,-13.259478,-13.3794775,-13.419477,-13.579477,-13.689478,-13.099478,-13.149478,-13.399478,-13.6294775,-13.809478,-13.789477,-13.859478,-13.979478,-14.259478,-14.569477,-14.749477,-14.8794775,-14.939478,-14.999477,-15.009478,-14.929478,-13.599478,-11.279477,-10.619477,-9.929478,-9.179478,-7.7994776,-5.8294773,-3.4894776,-1.2994776,1.4405224,4.9605227,4.8205223,7.6005225,3.1805224,3.0505226,2.9905224
-9.3794775,-9.639478,-9.899478,-10.199477,-10.469478,-10.729478,-11.099478,-11.609478,-11.929478,-12.079477,-12.169477,-11.759478,-11.919477,-12.059478,-12.059478,-12.389478,-12.649478,-12.769478,-12.419477,-12.859478,-13.069477,-13.269478,-13.299478,-13.459477,-13.649478,-13.409477,-13.339478,-13.569477,-13.829477,-13.959477,-13.989477,-14.039477,-14.309478,-14.619477,-14.769478,-15.109478,-15.299478,-15.339478,-15.499477,-15.419477,-15.409477,-13.349478,-9.899478,-11.619477,-11.469478,-10.909477,-10.689478,-8.019478,-3.0694776,0.8905225,2.7605224,4.7605224,6.7305226,5.5005226,2.9305224,2.3205225,2.5405226
-9.189478,-9.409477,-9.649478,-9.929478,-10.229478,-10.579477,-10.959477,-11.349478,-11.659477,-12.029477,-12.279477,-11.929478,-11.619477,-11.869477,-11.869477,-11.739477,-11.829477,-12.159477,-12.409477,-12.3794775,-12.779477,-13.169477,-13.279477,-13.499477,-13.589478,-14.029477,-14.049478,-14.019478,-13.979478,-14.049478,-14.259478,-14.549478,-14.729478,-14.919477,-15.1294775,-15.389478,-15.589478,-15.639478,-15.649478,-15.599478,-15.549478,-14.799478,-11.399478,-11.019478,-12.089478,-12.499477,-13.779477,-11.3794775,-4.8894777,3.0505226,6.4805226,6.3805223,7.900522,5.1905227,3.5605226,1.3505225,0.56052244
-8.959477,-9.229478,-9.469478,-9.759478,-10.099478,-10.509478,-10.769478,-11.019478,-11.469478,-11.959477,-12.369477,-12.499477,-11.719478,-11.709477,-11.919477,-12.009478,-11.919477,-11.959477,-12.819477,-12.269478,-12.079477,-12.769478,-13.279477,-13.839478,-13.799478,-14.079477,-14.389478,-14.559478,-14.409477,-14.029477,-14.419477,-14.769478,-14.839478,-15.019478,-15.299478,-15.539477,-15.659477,-15.709477,-15.539477,-15.669477,-15.089478,-14.539477,-14.069477,-14.069477,-11.549478,-11.359478,-13.309478,-12.969478,-9.039477,-0.5394775,6.5305223,7.2105227,3.5905225,4.4205227,1.2005224,0.98052245,3.4305224
-8.829477,-9.149478,-9.459477,-9.729478,-10.039477,-10.429478,-10.759478,-11.009478,-11.249477,-11.659477,-12.159477,-12.369477,-12.309478,-11.939478,-12.239477,-13.029477,-13.149478,-12.839478,-13.059478,-12.939478,-12.869477,-12.719478,-13.429478,-14.069477,-13.819477,-14.119477,-14.659477,-14.769478,-14.429478,-14.209477,-14.469478,-14.689478,-14.899478,-14.899478,-15.099478,-15.479478,-15.489477,-15.279477,-15.179478,-15.419477,-14.559478,-14.159477,-13.679478,-11.579477,-10.649478,-9.799478,-10.549478,-10.859478,-8.449477,-4.3294773,-1.4794775,-0.8594775,-1.0094775,0.38052246,1.4805225,2.4705224,4.1605225
-8.659477,-8.999477,-9.399478,-9.729478,-10.039477,-10.359478,-10.759478,-11.089478,-11.239477,-11.409477,-11.659477,-12.049478,-12.139478,-12.389478,-12.639478,-12.849478,-13.199477,-13.159477,-12.869477,-13.559478,-13.659477,-13.669477,-13.929478,-14.079477,-13.669477,-14.029477,-14.439478,-14.099478,-14.089478,-14.179478,-14.3794775,-14.499477,-14.809478,-15.049478,-15.099478,-15.219478,-15.279477,-14.959477,-14.919477,-15.1294775,-13.789477,-13.459477,-12.769478,-8.549478,-7.4594774,-9.409477,-9.209477,-7.5394773,-6.3694777,-4.4994774,-2.8694775,-2.2894776,-1.4994775,-0.14947754,0.94052243,3.2805223,3.7105224
-8.6294775,-8.969478,-9.269478,-9.6294775,-9.939478,-10.189478,-10.419477,-10.859478,-11.349478,-11.599478,-11.6294775,-11.889478,-12.179478,-12.259478,-12.449477,-12.519478,-12.819477,-13.319477,-13.789477,-13.8794775,-13.869477,-13.719478,-13.969478,-14.069477,-13.749477,-13.799478,-13.529477,-13.649478,-13.889478,-14.009478,-14.169477,-14.419477,-14.799478,-15.099478,-15.099478,-14.999477,-14.989477,-14.819477,-14.6294775,-15.019478,-14.219478,-13.259478,-12.459477,-9.679478,-5.5194774,-5.8294773,-7.849478,-7.3194776,-4.9994774,-3.7094774,-2.4594774,-1.8694775,-1.2094775,0.03052246,1.1205225,4.4605227,4.6805224
-8.269478,-8.599478,-9.039477,-9.429478,-9.769478,-10.069477,-10.349478,-10.659477,-11.039477,-11.499477,-11.749477,-11.909477,-12.159477,-12.239477,-12.239477,-12.3794775,-12.589478,-13.1294775,-13.649478,-13.869477,-14.019478,-13.549478,-13.509478,-13.779477,-13.359478,-12.979478,-13.209477,-13.529477,-13.699477,-13.809478,-14.109478,-14.499477,-14.849478,-15.099478,-15.189478,-15.099478,-14.849478,-14.639478,-14.389478,-14.729478,-14.279477,-13.229478,-12.399478,-11.009478,-7.6994777,-5.2994776,-4.3894777,-4.6394777,-3.5794775,-1.8794775,-1.2894776,-1.1794776,-0.69947755,-0.21947753,1.2105224,3.4805224,3.3905225
-8.549478,-8.779477,-8.919477,-9.119477,-9.449477,-9.899478,-10.259478,-10.519478,-10.799478,-11.059478,-11.299478,-11.579477,-12.009478,-12.229478,-12.319477,-12.299478,-12.389478,-12.829477,-13.219478,-13.649478,-13.899478,-13.479478,-12.939478,-12.749477,-12.719478,-12.769478,-13.169477,-13.509478,-13.689478,-13.779477,-14.069477,-14.449477,-14.779477,-15.089478,-15.099478,-15.179478,-15.039477,-14.599478,-14.349478,-14.399478,-14.449477,-13.489477,-12.309478,-11.069477,-8.249477,-5.7094774,-4.1194777,-1.6094775,-0.76947755,-0.71947753,-0.9194775,-0.9894775,-1.2994776,-1.2094775,-0.32947755,0.31052247,0.15052246
-8.409477,-8.679478,-8.959477,-9.239477,-9.519478,-9.769478,-10.029477,-10.339478,-10.709477,-11.029477,-11.239477,-11.409477,-11.789477,-12.169477,-12.409477,-12.519478,-12.489477,-12.519478,-12.829477,-13.089478,-12.989477,-12.809478,-12.309478,-12.299478,-12.609478,-12.709477,-13.059478,-13.449477,-13.699477,-13.779477,-13.999477,-14.289477,-14.659477,-14.899478,-15.019478,-15.109478,-14.909477,-14.559478,-14.229478,-14.209477,-14.749477,-13.979478,-12.409477,-11.159477,-8.919477,-4.0294776,-3.5394776,-1.8094776,-1.0994775,-2.2994776,-1.3594775,-1.3194776,-1.4494776,-1.1994776,-1.9194776,-1.7494775,-0.87947756
-8.249477,-8.499477,-8.689478,-8.939478,-9.229478,-9.669477,-10.059478,-10.359478,-10.609478,-10.8794775,-11.099478,-11.369477,-11.679478,-12.019478,-12.229478,-12.3794775,-12.409477,-12.409477,-12.329477,-12.079477,-12.269478,-12.469478,-12.229478,-12.179478,-12.449477,-12.639478,-12.899478,-13.319477,-13.649478,-13.709477,-13.8794775,-14.149478,-14.419477,-14.6294775,-14.919477,-15.109478,-15.099478,-15.029477,-15.009478,-14.409477,-14.369477,-13.949477,-12.599478,-11.339478,-9.059478,-4.0594773,-2.9694777,-2.8994775,-1.7894776,-1.8794775,-1.5494776,-0.9294775,-0.76947755,-1.1494775,-2.0094776,-2.0194776,-1.3994775
-7.8794775,-8.209477,-8.529477,-8.789477,-9.019478,-9.329477,-9.709477,-10.099478,-10.399478,-10.739477,-11.119477,-11.389478,-11.549478,-11.819477,-12.1294775,-12.399478,-12.429478,-12.539477,-12.149478,-11.889478,-12.199477,-12.499477,-12.249477,-12.139478,-12.249477,-12.479478,-12.769478,-13.189478,-13.509478,-13.679478,-13.8794775,-14.049478,-14.119477,-14.429478,-14.769478,-15.039477,-15.139478,-14.849478,-15.139478,-14.839478,-13.849478,-13.719478,-12.729478,-11.469478,-9.779477,-3.8194776,-2.4394774,-3.0994775,-0.5494775,-1.7194775,-1.9594775,-0.87947756,-0.19947754,0.21052246,-0.81947756,-0.23947755,0.20052247
-7.5894775,-7.9394774,-8.279477,-8.619477,-8.949477,-9.219478,-9.529477,-9.849478,-10.149478,-10.439478,-10.839478,-11.199477,-11.519478,-11.869477,-12.259478,-12.529477,-12.579477,-12.739477,-12.359478,-12.089478,-12.3794775,-12.319477,-12.359478,-12.3794775,-12.099478,-12.339478,-12.589478,-13.1294775,-13.399478,-13.609478,-13.829477,-13.959477,-13.979478,-14.249477,-14.649478,-14.859478,-15.1294775,-14.979478,-14.779477,-14.8794775,-14.339478,-13.869477,-12.989477,-11.349478,-9.429478,-4.0194774,-0.82947755,-0.8494775,-0.75947756,-1.6094775,-1.8694775,-0.8494775,-0.5494775,0.14052247,-0.9194775,0.22052246,0.15052246
-7.3194776,-7.7094774,-8.049478,-8.369477,-8.689478,-9.009478,-9.329477,-9.649478,-9.979478,-10.319477,-10.649478,-11.089478,-11.459477,-11.749477,-12.109478,-12.519478,-12.769478,-12.639478,-12.509478,-12.399478,-12.549478,-12.469478,-12.389478,-12.429478,-12.229478,-12.349478,-12.549478,-13.009478,-13.309478,-13.449477,-13.6294775,-13.929478,-14.039477,-14.119477,-14.459477,-14.719478,-14.789477,-14.789477,-14.979478,-15.429478,-14.479478,-13.769478,-13.079477,-11.599478,-9.019478,-3.8394775,1.0805224,0.99052244,-0.42947754,0.24052246,-0.31947753,-0.21947753,0.15052246,-0.40947753,-2.0094776,-0.23947755,0.20052247
-7.1294775,-7.4594774,-7.7894773,-8.139478,-8.469478,-8.769478,-9.099478,-9.469478,-9.839478,-10.189478,-10.529477,-10.889478,-11.309478,-11.649478,-11.909477,-12.259478,-12.639478,-12.309478,-12.3794775,-12.509478,-12.699477,-12.709477,-12.679478,-12.839478,-12.549478,-12.549478,-12.609478,-13.009478,-13.209477,-13.419477,-13.539477,-13.969478,-14.249477,-14.229478,-14.219478,-14.459477,-14.759478,-14.739477,-14.679478,-15.389478,-15.009478,-14.059478,-13.199477,-11.809478,-9.149478,-4.5794773,1.8305224,1.0205225,0.60052246,1.0805224,0.53052247,-0.45947754,-0.26947755,-0.95947754,-1.6794776,0.110522464,1.3805225
-6.8994775,-7.2494774,-7.5594773,-7.8894777,-8.269478,-8.619477,-8.949477,-9.279477,-9.619477,-9.989477,-10.319477,-10.679478,-11.079477,-11.459477,-11.789477,-12.219478,-12.419477,-11.909477,-12.099478,-12.499477,-12.679478,-12.869477,-12.909477,-12.939478,-12.849478,-12.8794775,-12.939478,-12.849478,-13.049478,-13.349478,-13.559478,-13.809478,-14.169477,-14.279477,-14.209477,-14.229478,-14.419477,-14.679478,-14.649478,-15.039477,-15.239477,-14.409477,-13.209477,-11.939478,-10.109478,-5.6394777,4.1805224,0.46052247,0.84052247,0.45052245,0.38052246,-0.10947754,-1.1494775,-1.4294776,-1.4994775,-1.0494776,-0.10947754
-6.6394777,-7.0094776,-7.3294773,-7.6594777,-8.039477,-8.399478,-8.729478,-9.029477,-9.329477,-9.709477,-10.1294775,-10.549478,-10.909477,-11.289477,-11.6294775,-12.169477,-11.999477,-11.459477,-11.689478,-11.979478,-12.299478,-12.679478,-12.839478,-12.839478,-12.779477,-12.659477,-12.739477,-12.829477,-12.979478,-13.049478,-13.249477,-13.459477,-13.749477,-14.059478,-14.289477,-14.3794775,-14.269478,-14.309478,-14.389478,-14.799478,-14.959477,-14.159477,-13.149478,-11.959477,-10.579477,-7.1294775,3.5105224,0.7105225,-0.14947754,0.9005225,0.29052246,1.3605225,1.3805225,0.24052246,-1.6294775,-1.5094775,-1.3494775
-6.4294777,-6.7994776,-7.1394777,-7.4994774,-7.8594775,-8.189478,-8.529477,-8.819477,-9.109478,-9.449477,-9.819477,-10.259478,-10.839478,-11.179478,-11.429478,-11.979478,-11.519478,-11.219478,-11.489477,-11.3794775,-11.819477,-12.299478,-12.729478,-12.809478,-12.689478,-12.649478,-12.659477,-12.799478,-12.829477,-12.779477,-12.789477,-13.189478,-13.559478,-13.839478,-14.049478,-14.289477,-14.399478,-14.389478,-14.339478,-14.639478,-14.359478,-13.819477,-13.369477,-12.469478,-11.349478,-6.8794775,3.2105224,0.110522464,-0.69947755,-0.63947755,0.25052246,1.2205224,1.9105225,2.0605226,0.54052246,-0.009477539,-0.8494775
-6.2594776,-6.5594773,-6.9194775,-7.3094773,-7.6794777,-8.019478,-8.339478,-8.6294775,-8.939478,-9.239477,-9.609478,-9.989477,-10.479478,-11.179478,-11.489477,-11.699477,-11.169477,-10.929478,-11.099478,-11.1294775,-11.259478,-11.789477,-12.369477,-12.469478,-12.159477,-12.049478,-12.179478,-12.339478,-12.599478,-12.579477,-12.559478,-12.919477,-13.339478,-13.659477,-13.819477,-13.979478,-14.209477,-14.399478,-14.509478,-14.559478,-14.489477,-14.109478,-13.589478,-12.649478,-11.479478,-5.7994776,2.2305224,-0.29947755,0.6405225,-0.9294775,1.2205224,1.1905224,0.75052243,0.21052246,0.68052244,0.62052244,1.1305225
-6.1394777,-6.3794775,-6.6894774,-7.0594773,-7.4194775,-7.8094773,-8.109478,-8.409477,-8.739477,-9.079477,-9.409477,-9.799478,-10.249477,-10.949477,-11.239477,-11.249477,-11.049478,-10.739477,-11.189478,-11.309478,-11.329477,-11.429478,-11.639478,-11.699477,-11.589478,-11.229478,-11.069477,-11.259478,-11.399478,-11.769478,-12.189478,-12.499477,-12.959477,-13.269478,-13.509478,-13.759478,-14.149478,-14.3794775,-14.659477,-14.849478,-14.579477,-14.1294775,-13.639478,-12.789477,-11.079477,-3.5294776,-0.47947752,-0.30947754,0.26052245,1.3705225,0.28052247,1.1505225,-0.059477538,-1.0794775,0.61052245,-0.7894775,-1.6094775
-6.0494776,-6.2594776,-6.5494776,-6.8994775,-7.2394776,-7.5894775,-7.9094777,-8.219478,-8.549478,-8.849478,-9.179478,-9.589478,-10.009478,-10.519478,-10.949477,-11.089478,-11.239477,-11.529477,-11.6294775,-11.689478,-11.489477,-11.429478,-11.499477,-11.589478,-11.309478,-10.999477,-10.839478,-10.749477,-10.779477,-11.209477,-11.739477,-12.049478,-12.479478,-12.889478,-13.189478,-13.449477,-13.719478,-13.989477,-14.359478,-14.699477,-14.739477,-14.549478,-14.019478,-13.149478,-11.369477,-3.0194776,-0.46947753,-0.10947754,-0.24947754,0.7105225,1.6705225,1.4405224,2.5405226,1.0505224,-1.6594776,-1.9794775,-2.4794776
