UV_10m_small_gfs.t12z.pgrb2.0p25.f045.json
{"header": { "discipline":0, "disciplineName":"Meteorological products", "gribEdition":2, "gribLength":17311, "center":7, "centerName":"US National Weather Service - NCEP(WMC)", "subcenter":0, "refTime":"2023-03-21T12:00:00.000Z", "significanceOfRT":1, "significanceOfRTName":"Start of forecast", "productStatus":0, "productStatusName":"Operational products", "productType":1, "productTypeName":"Forecast products", "productDefinitionTemplate":0, "productDefinitionTemplateName":"Analysis/forecast at horizontal level/layer at a point in time", "parameterCategory":2, "parameterCategoryName":"Momentum", "parameterNumber":2, "parameterNumberName":"U-component_of_wind", "parameterUnit":"m.s-1", "genProcessType":2, "genProcessTypeName":"Forecast", "forecastTime":45, "surface1Type":103, "surface1TypeName":"Specified height level above ground", "surface1Value":10.0, "surface2Type":255, "surface2TypeName":"Missing", "surface2Value":0.0, "gridDefinitionTemplate":0, "gridDefinitionTemplateName":"Latitude_Longitude", "numberPoints":11421, "shape":6, "shapeName":"Earth spherical with radius of 6,371,229.0 m", "gridUnits":"degrees", "resolution":48, "winds":"true", "scanMode":64, "nx":141, "ny":81, "basicAngle":0, "lo1":210.0, "la1":30.0, "lo2":245.0, "la2":50.0, "dx":0.25, "dy":0.25 }, "data":
[rows 0 to 26 of 81, columns 61 to 121 of 141]
-2.893606,-2.7536058,-2.523606,-2.813606,-2.873606,-2.773606,-2.5036058,-2.2136059,-1.893606,-1.973606,-2.083606,-1.733606,-1.5336059,-1.733606,-1.9136059,-1.733606,-1.2836059,-0.803606,-0.6636059,-0.72360593,-0.70360595,-0.63360596,-0.56360596,-0.36360595,-0.20360595,-0.073605955,0.21639404,0.026394043,0.16639404,0.61639404,0.896394,1.116394,1.0663941,0.29639405,0.5863941,1.486394,1.646394,1.746394,2.066394,2.586394,2.306394,2.856394,3.336394,3.2763941,3.4963942,3.7763941,4.006394,4.356394,4.726394,4.886394,5.066394,5.586394,5.486394,5.506394,5.786394,6.426394,6.826394,6.796394,6.566394,6.606394,6.726394
-2.333606,-2.203606,-2.433606,-2.4936059,-2.453606,-2.333606,-2.133606,-1.9336059,-1.4036059,-1.503606,-1.723606,-1.1736059,-0.82360595,-1.003606,-1.1736059,-1.1836059,-0.88360596,-0.37360597,-0.24360596,-0.43360597,-0.47360596,-0.39360595,-0.16360596,0.12639405,0.24639404,0.23639405,0.48639405,0.49639404,0.26639405,0.20639405,0.696394,0.80639404,1.4663941,0.946394,0.886394,1.666394,1.736394,2.126394,2.046394,2.836394,2.5363941,2.816394,3.456394,3.7663941,3.646394,3.846394,4.156394,4.506394,4.806394,5.1463943,5.566394,6.026394,5.286394,5.836394,6.356394,6.656394,6.606394,6.566394,6.616394,6.826394,6.956394
-1.983606,-1.9136059,-2.173606,-1.9036059,-1.753606,-1.953606,-1.6936059,-1.583606,-1.113606,-0.82360595,-1.273606,-0.77360594,-0.21360596,-0.24360596,-0.43360597,-0.53360593,-0.38360596,-0.05360596,-0.06360596,-0.29360595,-0.23360595,0.006394043,0.34639403,0.52639407,0.60639405,0.54639405,0.61639404,0.48639405,0.106394045,0.34639403,0.85639405,1.3063941,1.506394,1.136394,1.376394,1.8063941,1.6963941,2.226394,2.436394,2.646394,2.736394,2.9963942,3.5063941,3.906394,3.836394,3.936394,4.356394,4.6263943,4.866394,5.556394,5.986394,6.026394,5.636394,6.316394,6.446394,6.436394,6.616394,6.806394,6.666394,6.696394,6.776394
-1.753606,-1.723606,-1.6836059,-1.373606,-0.853606,-1.0636059,-1.203606,-1.4236059,-0.97360593,-0.31360596,-0.45360595,-0.23360595,0.13639404,0.11639404,0.026394043,-0.043605957,-0.06360596,0.09639404,0.11639404,-0.0036059571,0.13639404,0.43639404,0.72639406,0.826394,0.78639406,0.886394,0.84639406,0.62639403,0.25639403,0.29639405,0.886394,1.676394,1.896394,1.426394,1.7163941,1.856394,1.8263941,2.376394,2.5363941,2.706394,3.096394,3.356394,3.646394,3.876394,4.006394,4.096394,4.436394,4.726394,4.996394,5.716394,5.986394,6.136394,6.286394,6.456394,6.596394,6.766394,6.8763943,6.836394,6.716394,6.696394,6.776394
-1.1536059,-1.133606,-1.323606,-1.0636059,-0.39360595,-0.38360596,-0.69360596,-1.123606,-0.78360593,-0.16360596,0.076394044,0.43639404,0.61639404,0.44639406,0.506394,0.52639407,0.45639405,0.47639406,0.516394,0.49639404,0.576394,0.756394,0.886394,0.956394,0.92639405,1.0963941,1.0663941,0.86639404,0.65639406,0.576394,1.0763941,1.666394,2.046394,1.5963941,1.866394,2.076394,2.226394,2.466394,2.726394,3.0263941,3.2863941,3.486394,3.876394,4.096394,4.166394,4.176394,4.446394,4.746394,5.226394,5.736394,5.966394,6.166394,6.906394,6.966394,7.016394,7.186394,7.186394,7.166394,7.1463943,7.1463943,7.206394
-0.77360594,-0.68360597,-0.93360597,-0.76360595,-0.15360595,0.18639404,-0.24360596,-0.12360596,-0.53360593,0.026394043,0.26639405,0.73639405,1.136394,1.126394,0.98639405,0.956394,1.006394,1.006394,0.93639404,0.80639404,0.766394,0.886394,1.016394,1.116394,1.2063941,1.236394,1.106394,0.97639406,0.93639404,0.99639404,1.176394,1.636394,2.216394,2.096394,2.0063941,2.156394,2.476394,2.626394,2.976394,3.316394,3.436394,3.206394,3.726394,4.436394,4.506394,4.386394,4.496394,4.806394,5.316394,5.576394,6.016394,6.906394,7.356394,7.156394,7.106394,7.366394,7.186394,7.166394,7.366394,7.526394,7.576394
-0.45360595,-0.52360594,-0.25360596,-0.113605954,0.14639404,0.576394,0.33639404,0.67639405,0.08639404,0.27639404,0.52639407,0.93639404,1.3463941,1.5963941,1.496394,1.4563941,1.526394,1.486394,1.3463941,1.126394,1.016394,1.116394,1.3363941,1.506394,1.546394,1.396394,1.356394,1.246394,1.1963941,1.5663941,1.506394,1.856394,2.336394,2.5163941,2.376394,2.2463942,2.7463942,3.116394,3.236394,3.2863941,3.5363941,3.606394,3.836394,4.426394,4.776394,4.716394,4.536394,4.936394,5.296394,5.766394,6.686394,7.346394,7.466394,7.216394,7.246394,7.546394,7.556394,7.676394,7.916394,8.116394,8.246394
-0.103605956,-0.09360596,0.18639404,0.47639406,0.67639405,0.886394,0.81639403,0.78639406,0.67639405,0.78639406,1.016394,1.156394,1.5763941,1.796394,1.796394,1.786394,1.906394,1.8163941,1.616394,1.506394,1.4363941,1.496394,1.676394,1.8163941,1.8463941,1.7063941,1.646394,1.4663941,1.386394,1.646394,1.8263941,1.976394,2.726394,2.466394,2.956394,2.596394,2.856394,3.226394,3.2563941,3.176394,3.466394,3.926394,4.086394,4.326394,4.8963943,4.986394,4.776394,5.046394,5.286394,6.496394,6.866394,7.116394,7.356394,7.426394,7.716394,7.866394,7.776394,7.926394,8.176394,8.426394,8.576394
-0.12360596,0.36639404,0.59639406,0.756394,0.8363941,0.96639407,1.266394,1.246394,1.236394,1.3463941,1.4563941,1.386394,1.856394,2.086394,2.186394,2.216394,2.186394,2.136394,1.9663941,1.906394,1.856394,1.8363941,1.9363941,2.106394,2.126394,2.0263941,1.926394,1.916394,1.786394,1.6863941,2.186394,2.146394,2.686394,2.596394,3.2863941,3.196394,3.0263941,3.176394,3.0263941,3.096394,3.306394,3.896394,4.416394,4.606394,4.846394,5.026394,5.006394,5.236394,5.6463943,6.836394,6.776394,7.196394,7.546394,7.736394,7.856394,7.716394,7.586394,7.8963943,8.316394,8.616394,8.726394
0.25639403,0.706394,1.036394,0.93639404,1.2163941,1.116394,1.366394,1.5863941,1.996394,1.8463941,1.776394,1.9663941,2.316394,2.4963942,2.376394,2.546394,2.5263941,2.5363941,2.376394,2.296394,2.216394,2.156394,2.196394,2.366394,2.436394,2.366394,2.216394,2.196394,2.066394,1.926394,2.566394,2.466394,2.5363941,2.796394,3.396394,3.596394,3.076394,3.296394,2.936394,3.086394,3.466394,4.166394,4.466394,4.666394,4.926394,5.216394,5.256394,5.566394,5.856394,6.816394,7.096394,7.456394,7.616394,7.796394,7.816394,7.546394,7.6263943,7.976394,8.336394,8.646394,8.586394
0.636394,1.3063941,1.286394,1.146394,1.4363941,1.516394,1.6863941,1.8363941,2.216394,2.0363941,2.296394,2.406394,2.656394,2.896394,2.876394,2.846394,2.846394,2.936394,2.926394,2.976394,2.946394,2.636394,2.5263941,2.596394,2.616394,2.586394,2.436394,2.476394,2.436394,2.316394,2.636394,2.706394,2.716394,2.976394,3.426394,4.046394,3.586394,3.616394,3.196394,3.366394,3.686394,4.266394,4.616394,4.916394,5.156394,5.226394,5.496394,5.756394,5.976394,6.786394,7.296394,7.526394,7.596394,7.676394,7.316394,7.166394,7.496394,7.906394,8.286394,8.456394,8.216394
0.25639403,0.956394,1.356394,1.426394,1.616394,1.7063941,2.096394,2.216394,2.406394,2.396394,2.666394,2.806394,3.046394,3.176394,3.2863941,3.376394,3.2863941,3.2663941,3.2563941,3.296394,3.336394,3.236394,3.076394,3.0263941,2.7863941,2.826394,2.626394,2.796394,2.956394,2.796394,2.376394,2.616394,2.936394,3.206394,3.596394,3.9963942,4.236394,4.1263943,3.646394,3.626394,3.876394,4.316394,4.686394,5.096394,5.266394,5.326394,5.736394,5.926394,6.416394,7.096394,7.276394,7.476394,7.516394,7.186394,6.986394,7.086394,7.456394,7.886394,8.346394,8.626394,8.346394
1.0663941,1.246394,1.476394,1.296394,1.516394,1.676394,1.9363941,2.316394,2.5363941,2.706394,2.896394,3.186394,3.456394,3.5263941,3.556394,3.596394,3.676394,3.576394,3.416394,3.486394,3.476394,3.5063941,3.476394,3.486394,3.336394,2.9963942,2.866394,2.9963942,3.2563941,2.976394,2.4963942,2.896394,3.186394,3.436394,3.7463942,3.9963942,4.366394,4.496394,4.136394,3.946394,4.106394,4.486394,4.716394,5.236394,5.346394,5.426394,5.866394,6.386394,7.036394,7.276394,7.316394,7.366394,7.206394,6.986394,6.8763943,7.056394,7.386394,7.796394,8.276394,8.496394,7.796394
1.776394,1.2163941,1.986394,1.676394,1.626394,1.786394,1.736394,1.916394,2.296394,2.406394,2.616394,3.186394,3.666394,3.806394,3.836394,3.846394,3.856394,3.856394,3.606394,3.5063941,3.606394,3.566394,3.626394,3.676394,3.686394,3.406394,3.086394,3.2863941,3.236394,3.0163941,2.896394,3.166394,3.2863941,3.5263941,3.7763941,4.216394,4.226394,4.696394,4.746394,4.156394,4.476394,4.696394,4.856394,5.336394,5.476394,5.616394,6.026394,6.6263943,7.236394,7.406394,7.246394,7.026394,6.916394,6.616394,6.656394,6.996394,7.446394,7.8763943,8.066394,7.776394,7.3763943
3.126394,2.066394,2.626394,2.616394,2.0163941,2.136394,2.196394,2.2863941,2.466394,2.456394,2.236394,2.826394,3.556394,3.7463942,3.916394,4.016394,4.006394,4.026394,3.7663941,3.586394,3.916394,4.096394,3.806394,3.806394,3.846394,3.5063941,3.296394,3.596394,3.426394,3.446394,3.2863941,3.316394,3.2863941,3.656394,3.936394,4.516394,4.406394,4.586394,5.096394,4.186394,4.616394,4.956394,5.106394,5.476394,5.606394,5.756394,6.056394,6.556394,7.246394,7.3763943,7.026394,6.676394,6.406394,6.346394,6.536394,6.916394,7.456394,7.736394,7.616394,7.446394,7.816394
3.2563941,3.346394,3.226394,2.956394,3.176394,2.9963942,2.916394,3.196394,3.296394,3.2463942,2.916394,2.686394,2.926394,3.336394,3.586394,3.7763941,4.006394,4.046394,3.9963942,4.046394,4.196394,4.436394,4.006394,3.7863941,4.046394,3.7563941,3.556394,3.706394,3.896394,3.826394,3.466394,3.556394,3.626394,3.936394,4.3963943,4.486394,4.516394,4.736394,4.956394,4.386394,4.6263943,5.166394,5.246394,5.506394,5.656394,5.836394,6.096394,6.546394,7.116394,7.266394,6.886394,6.496394,6.286394,6.3763943,6.496394,6.8963943,7.116394,7.326394,7.3963943,7.686394,7.926394
3.456394,3.726394,4.066394,3.816394,3.586394,3.4963942,3.376394,3.216394,2.886394,3.126394,3.5063941,3.0263941,2.356394,2.876394,3.306394,3.546394,3.946394,4.1463943,4.366394,4.506394,4.296394,4.356394,4.236394,3.936394,4.276394,4.176394,4.026394,3.686394,3.7463942,3.7863941,3.7763941,3.7563941,4.096394,4.426394,4.766394,4.8763943,4.716394,4.866394,4.766394,4.446394,4.436394,5.136394,5.346394,5.496394,5.556394,5.766394,6.156394,6.766394,7.106394,7.086394,6.686394,6.406394,6.286394,6.416394,6.436394,6.6463943,6.686394,7.016394,7.186394,6.436394,3.5163941
3.346394,3.816394,4.006394,3.956394,3.626394,3.436394,3.436394,3.386394,3.226394,3.456394,3.816394,3.956394,2.236394,2.726394,3.216394,3.716394,4.236394,4.466394,4.456394,4.456394,4.226394,4.276394,4.526394,4.3763943,4.496394,4.456394,4.366394,3.906394,3.936394,3.926394,3.916394,3.846394,4.416394,4.6463943,4.8963943,5.166394,4.986394,5.1263943,5.186394,4.636394,4.606394,5.1263943,5.356394,5.316394,5.306394,5.6463943,6.286394,6.856394,6.986394,6.666394,6.176394,6.266394,6.326394,6.286394,6.226394,6.446394,6.836394,6.946394,5.536394,2.966394,0.896394
3.336394,3.466394,3.676394,3.7663941,4.056394,3.956394,3.456394,3.5363941,4.116394,4.266394,4.1263943,4.586394,3.9963942,3.226394,3.2663941,3.826394,4.356394,4.406394,4.266394,4.096394,4.116394,4.3763943,4.836394,4.686394,4.726394,4.826394,4.576394,4.246394,4.236394,4.226394,4.226394,4.196394,4.636394,4.756394,4.996394,5.336394,5.236394,5.276394,5.516394,4.966394,5.076394,5.096394,4.986394,5.326394,5.136394,5.596394,6.366394,6.776394,6.866394,6.176394,5.956394,6.176394,6.496394,6.286394,6.236394,6.576394,6.6463943,3.7863941,1.126394,0.8363941,0.22639404
4.076394,3.886394,3.826394,3.716394,3.896394,4.306394,4.166394,3.896394,4.026394,4.3763943,4.556394,4.926394,5.6463943,5.336394,4.416394,4.186394,4.586394,4.576394,4.1463943,4.036394,4.3763943,4.586394,5.036394,5.006394,4.986394,5.026394,4.636394,4.366394,4.486394,4.726394,4.566394,4.666394,4.966394,4.946394,5.036394,5.336394,5.416394,5.556394,5.856394,5.466394,5.116394,4.996394,5.066394,5.196394,5.056394,5.676394,6.3963943,6.756394,6.666394,5.996394,5.956394,6.176394,6.586394,6.486394,6.536394,6.946394,7.316394,3.986394,0.8363941,0.28639403,0.27639404
5.016394,4.556394,4.296394,4.156394,4.156394,4.186394,4.366394,4.436394,4.316394,4.3763943,4.6263943,5.066394,5.536394,5.996394,5.976394,5.636394,5.566394,4.926394,4.556394,4.136394,4.266394,4.616394,4.776394,5.006394,5.196394,4.806394,4.556394,4.546394,4.726394,5.246394,4.916394,5.056394,5.226394,5.1263943,5.026394,5.286394,5.486394,5.796394,6.046394,5.866394,4.946394,4.456394,5.056394,5.1463943,4.8763943,5.746394,6.666394,6.946394,6.276394,5.866394,5.996394,6.3963943,6.606394,6.486394,7.216394,7.236394,5.036394,-0.023605958,-0.40360597,0.62639403,0.96639407
6.056394,5.356394,4.986394,4.726394,4.686394,4.826394,4.716394,4.726394,4.816394,4.936394,4.966394,5.136394,5.506394,5.786394,6.056394,6.226394,6.286394,5.476394,4.656394,3.866394,3.976394,4.506394,4.926394,4.956394,5.186394,4.776394,4.6463943,4.656394,4.936394,5.506394,5.476394,5.1263943,5.306394,5.276394,5.096394,5.286394,5.606394,6.046394,6.166394,5.566394,4.486394,4.276394,4.936394,4.956394,4.806394,6.026394,6.776394,6.556394,5.616394,5.536394,6.076394,6.456394,6.526394,6.986394,6.926394,2.546394,-0.19360596,0.11639404,0.67639405,1.256394,1.1963941
6.866394,6.046394,5.476394,5.386394,5.326394,5.276394,5.336394,5.346394,5.276394,5.416394,5.436394,5.356394,5.506394,5.756394,5.816394,5.926394,6.266394,6.056394,5.616394,3.886394,4.1263943,5.136394,5.366394,5.1263943,5.236394,4.836394,4.796394,4.8963943,5.136394,5.526394,5.806394,5.356394,5.176394,5.266394,5.316394,5.426394,5.816394,6.296394,6.186394,5.366394,4.696394,4.546394,4.696394,4.916394,5.056394,6.266394,6.196394,5.8963943,5.226394,5.226394,5.996394,6.336394,7.086394,7.256394,2.206394,-0.69360596,0.44639406,1.526394,1.5563941,1.636394,0.60639405
7.716394,6.826394,6.116394,5.8963943,5.906394,6.076394,6.136394,6.106394,6.016394,5.816394,5.6463943,5.496394,5.546394,5.716394,5.826394,5.8963943,6.096394,6.196394,6.486394,5.256394,4.3763943,5.576394,5.636394,4.836394,4.426394,4.736394,5.006394,5.166394,5.346394,5.6463943,5.8963943,5.806394,5.266394,5.086394,5.356394,5.596394,5.966394,6.456394,6.196394,5.556394,4.796394,4.466394,4.416394,4.716394,5.316394,6.306394,5.786394,5.546394,4.936394,5.026394,5.8763943,6.256394,7.606394,3.316394,-0.42360595,0.40639403,1.916394,1.8363941,0.87639403,0.81639403,0.44639406
5.476394,7.086394,6.936394,6.3963943,6.366394,6.726394,6.6463943,6.756394,6.856394,6.536394,6.316394,6.136394,6.026394,6.046394,5.786394,5.776394,6.136394,5.886394,6.316394,6.886394,5.576394,5.466394,5.1263943,4.6263943,4.536394,4.716394,5.196394,5.516394,5.636394,5.756394,5.856394,5.766394,5.446394,5.306394,5.486394,5.726394,5.946394,6.636394,6.386394,5.506394,4.486394,4.316394,4.286394,4.666394,5.566394,6.266394,5.576394,5.386394,4.906394,4.816394,5.3763943,6.156394,4.006394,-1.323606,0.52639407,1.236394,1.426394,0.91639405,0.77639407,1.5763941,1.486394
4.676394,5.006394,6.316394,6.976394,7.016394,7.186394,7.306394,7.3763943,7.286394,6.856394,6.836394,6.966394,6.886394,6.826394,6.326394,5.866394,5.966394,5.996394,6.036394,6.6263943,6.446394,4.766394,4.3963943,4.496394,4.616394,4.8963943,5.486394,5.846394,5.886394,5.816394,5.806394,5.516394,5.526394,5.656394,5.656394,5.776394,5.946394,6.556394,6.216394,5.266394,4.446394,4.286394,4.246394,4.756394,5.816394,6.316394,5.606394,5.516394,5.036394,4.506394,4.856394,4.506394,-0.90360594,1.2063941,2.086394,1.366394,1.636394,0.92639405,0.80639404,0.506394,0.31639403
5.226394,5.466394,5.316394,5.806394,6.886394,7.856394,7.916394,7.736394,7.686394,7.456394,7.546394,7.676394,7.526394,7.296394,7.026394,6.606394,6.346394,6.186394,6.196394,6.286394,5.966394,5.346394,5.166394,5.026394,5.026394,5.476394,5.766394,6.036394,6.076394,5.936394,5.846394,5.616394,5.666394,5.766394,5.746394,5.736394,6.046394,6.256394,5.846394,5.6263943,4.696394,4.3963943,4.216394,4.856394,6.056394,6.586394,5.726394,5.6463943,5.136394,4.356394,4.596394,4.3763943,0.706394,1.736394,1.506394,0.97639406,1.416394,1.396394,1.726394,0.636394,0.516394
