UV_10m_small_gfs.t12z.pgrb2.0p25.f042.json
{"header": { "discipline":0, "disciplineName":"Meteorological products", "gribEdition":2, "gribLength":17311, "center":7, "centerName":"US National Weather Service - NCEP(WMC)", "subcenter":0, "refTime":"2023-03-21T12:00:00.000Z", "significanceOfRT":1, "significanceOfRTName":"Start of forecast", "productStatus":0, "productStatusName":"Operational products", "productType":1, "productTypeName":"Forecast products", "productDefinitionTemplate":0, "productDefinitionTemplateName":"Analysis/forecast at horizontal level/layer at a point in time", "parameterCategory":2, "parameterCategoryName":"Momentum", "parameterNumber":2, "parameterNumberName":"U-component_of_wind", "parameterUnit":"m.s-1", "genProcessType":2, "genProcessTypeName":"Forecast", "forecastTime":42, "surface1Type":103, "surface1TypeName":"Specified height level above ground", "surface1Value":10.0, "surface2Type":255, "surface2TypeName":"Missing", "surface2Value":0.0, "gridDefinitionTemplate":0, "gridDefinitionTemplateName":"Latitude_Longitude", "numberPoints":11421, "shape":6, "shapeName":"Earth spherical with radius of 6,371,229.0 m", "gridUnits":"degrees", "resolution":48, "winds":"true", "scanMode":64, "nx":141, "ny":81, "basicAngle":0, "lo1":210.0, "la1":30.0, "lo2":245.0, "la2":50.0, "dx":0.25, "dy":0.25 }, "data":
[rows 27 to 53 of 81, columns 60 to 119 of 141]
7.6042547,7.7842546,7.614255,7.344255,7.194255,7.1642547,7.254255,7.214255,7.174255,6.944255,6.8742547,6.8942547,6.7242546,6.674255,6.824255,6.404255,6.654255,7.2642546,6.4142547,5.344255,5.3542547,5.2242546,5.0642548,4.8742547,4.844255,5.1242547,5.1842546,5.024255,5.274255,5.364255,4.9942546,4.694255,4.9342546,5.344255,6.0142546,6.824255,6.574255,5.424255,5.044255,4.444255,4.364255,4.654255,5.174255,5.9942546,5.634255,5.3542547,5.5342546,5.5142546,5.1442547,4.9142547,5.0342546,4.444255,-0.8357452,-1.1057452,-0.39574525,0.03425476,0.99425477,1.7642548,1.1342548,0.29425475
6.734255,7.154255,7.8742547,7.9142547,7.694255,7.444255,7.6442547,7.824255,7.8942547,7.7442546,7.444255,7.364255,7.094255,6.9342546,6.7442546,6.6842546,6.694255,6.7842546,6.274255,5.654255,5.594255,5.444255,5.2842546,5.154255,5.1442547,5.294255,5.324255,5.1642547,5.004255,5.0642548,5.154255,5.274255,5.2042546,5.4742546,6.3542547,6.9942546,6.2842546,5.2242546,5.0342546,4.444255,4.3742547,4.734255,5.1842546,5.8542547,5.6442547,5.4342546,5.7042546,5.5342546,5.384255,4.984255,4.8342547,1.6942548,0.9842548,0.27425477,0.69425476,0.57425475,0.69425476,1.4142548,0.62425476,-0.7757452
6.4142547,6.524255,6.824255,7.484255,8.264255,8.254254,8.224255,8.334255,8.384254,8.444255,8.224255,7.824255,7.5642548,7.344255,7.0642548,6.7442546,6.794255,6.4742546,6.1042547,6.004255,5.964255,5.7642546,5.6842546,5.5542545,5.4742546,5.3742547,5.2642546,5.2442546,5.1642547,5.094255,5.194255,5.424255,5.404255,5.544255,6.444255,6.7842546,5.944255,5.7042546,5.1042547,4.484255,4.464255,4.864255,5.214255,5.824255,5.754255,5.4342546,5.9942546,5.754255,5.594255,5.504255,4.4742546,1.1042547,1.7542548,1.2142547,1.1242547,0.7942548,0.27425477,0.33425477,0.34425476,0.15425476
6.4942546,6.4742546,6.674255,7.024255,7.6242547,8.224255,8.8442545,9.194255,9.0942545,8.894255,8.834255,8.434255,7.864255,7.654255,7.2842546,6.864255,6.694255,6.3542547,6.1242547,6.0342546,6.0542545,5.944255,5.9742546,5.904255,5.754255,5.6042547,5.4142547,5.3042545,5.3142548,5.4342546,5.3042545,5.364255,5.4542546,5.594255,6.2642546,6.424255,5.794255,5.9542546,5.1042547,4.6242547,4.6242547,4.9342546,5.2242546,5.8342547,5.9142547,5.544255,6.044255,5.9742546,6.1042547,6.234255,4.0642548,2.1142547,0.69425476,-0.36574525,1.2542548,1.0542548,-0.15574524,-0.23574524,0.32425475,-0.29574525
6.714255,6.714255,6.884255,6.9942546,7.2242546,7.6442547,8.454255,9.044254,9.3442545,9.444255,9.074255,8.804255,8.224255,7.594255,7.1042547,6.7242546,6.574255,6.3942547,6.344255,6.2042546,6.234255,6.214255,5.9742546,5.984255,5.9542546,5.904255,5.654255,5.404255,5.4542546,5.6242547,5.484255,5.5342546,5.524255,5.614255,5.984255,6.3542547,6.074255,5.7042546,4.984255,4.774255,4.8042545,5.0142546,5.154255,5.864255,6.0342546,5.674255,6.0642548,6.6642547,7.174255,7.114255,3.9442549,1.0842547,0.23425476,0.33425477,1.4342548,0.24425477,-0.7657452,-0.65574527,-0.31574523,-0.49574524
6.8142548,7.154255,7.3542547,7.404255,7.464255,7.5642548,7.924255,8.364255,8.754254,9.334255,9.414255,9.074255,8.514255,7.3742547,6.734255,6.234255,6.0642548,6.3142548,6.5642548,6.544255,6.444255,6.484255,6.154255,5.904255,5.9742546,6.0342546,5.9342546,5.6442547,5.6242547,5.8142548,5.7442546,5.7042546,5.6642547,5.5542545,5.8342547,6.3542547,5.944255,5.2842546,5.024255,4.964255,4.924255,5.1042547,5.1242547,5.6842546,6.3742547,5.674255,6.094255,7.174255,7.3042545,2.9042547,1.1242547,-0.46574524,0.20425476,0.6042548,0.31425476,-0.42574525,-1.1657453,-0.75574523,-0.46574524,0.15425476
7.734255,7.7442546,7.844255,7.9942546,8.184255,8.064255,8.074255,8.244255,8.434255,8.484255,8.804255,9.234255,8.744255,7.5842547,6.674255,6.2642546,6.074255,6.3742547,6.614255,6.8342547,6.734255,6.5842547,6.324255,6.0342546,5.8542547,5.864255,5.984255,5.964255,5.904255,5.9942546,5.8342547,5.7242546,5.7842546,5.544255,5.674255,6.2442546,5.8042545,5.154255,5.2442546,5.1642547,4.944255,5.154255,5.194255,5.464255,6.544255,5.694255,6.024255,6.614255,3.3742547,0.69425476,0.5442548,-0.47574523,0.23425476,0.41425475,0.16425475,-1.1957452,-1.1557453,-0.8857452,-0.50574523,-0.7157452
8.3442545,8.414255,8.304255,8.374255,8.504254,8.474255,8.364255,8.354255,8.464254,8.144255,7.8742547,8.5942545,8.834255,8.014255,7.0142546,6.504255,6.4542546,6.824255,6.964255,6.9742546,6.8542547,6.6442547,6.364255,6.174255,5.8942547,5.7442546,5.9542546,6.174255,6.154255,6.134255,5.924255,5.7242546,5.714255,5.5142546,5.6642547,6.174255,5.8142548,5.324255,5.504255,5.2042546,4.864255,5.174255,5.294255,5.3742547,6.134255,5.9342546,5.5842547,2.5842547,1.4742547,1.0942547,0.74425477,0.43425477,0.41425475,0.46425477,0.49425477,-1.0157453,-1.0957452,-0.74574524,-0.56574523,-1.4757452
8.834255,8.874255,8.754254,8.5942545,8.584255,8.514255,8.494255,8.354255,8.244255,7.884255,7.7242546,7.7042546,8.504254,8.654255,7.8942547,7.3542547,7.2642546,7.2842546,7.0542545,6.8142548,6.754255,6.5642548,6.3342547,6.2442546,5.9942546,5.774255,5.9942546,6.2242546,6.2642546,6.2242546,6.004255,5.7842546,5.6042547,5.464255,5.674255,6.0842547,5.8142548,5.444255,5.6442547,5.194255,4.8042545,5.234255,5.574255,5.5142546,5.794255,5.6642547,2.9742548,1.4142548,1.4942547,1.5442548,0.95425475,0.82425475,0.26425475,-0.44574523,-0.11574524,-0.8857452,-0.92574525,-0.6957452,-0.6957452,-0.19574524
9.054255,9.224255,8.994255,8.704255,8.454255,8.3442545,8.474255,8.484255,8.124255,7.794255,7.674255,7.7242546,7.8342547,8.404255,8.184255,8.154255,7.8342547,7.464255,7.0842547,6.574255,6.6042547,6.444255,6.1642547,6.274255,6.1442547,5.904255,6.0842547,6.2242546,6.214255,6.194255,6.0842547,5.8542547,5.484255,5.3942547,5.614255,5.884255,5.734255,5.574255,5.7242546,5.194255,4.8342547,5.234255,5.6442547,5.674255,6.024255,4.254255,1.9442548,1.6842548,1.2942548,1.8542547,1.4842547,1.0442548,-0.9657452,-1.4257452,-1.3457452,-1.0857452,-0.7157452,-1.0357453,-1.0157453,0.29425475
9.134254,9.024255,8.614255,8.354255,8.434255,8.534255,8.564255,8.624255,8.304255,7.9942546,7.944255,8.014255,8.034255,8.544254,8.924254,8.624255,7.9342546,7.1642547,6.8542547,6.774255,6.6642547,6.234255,5.9542546,6.2842546,6.344255,6.1642547,6.2042546,6.2042546,6.134255,6.1442547,6.1442547,5.8542547,5.4142547,5.3342547,5.5342546,5.7042546,5.6642547,5.7042546,5.674255,5.234255,4.8342547,5.154255,5.634255,5.674255,6.504255,4.8042545,1.8242548,0.9842548,1.1242547,1.6942548,1.2442547,-0.93574524,-2.2157452,-1.4857452,-1.9357452,-0.62574524,-0.6357452,-1.2457452,-0.25574523,1.0642548
8.974255,8.804255,8.634254,8.604255,8.564255,8.644255,8.574255,8.574255,8.624255,8.434255,8.324255,8.234255,8.294254,8.404255,8.874255,8.504254,7.8142548,6.9942546,6.734255,7.0842547,7.024255,6.3942547,6.0642548,6.384255,6.4742546,6.384255,6.3142548,6.2242546,6.134255,6.154255,6.214255,5.794255,5.324255,5.294255,5.4742546,5.6042547,5.6242547,5.7842546,5.4342546,5.1242547,4.674255,4.864255,5.3742547,5.3342547,6.7642546,4.1242547,0.8542548,0.70425475,1.4342548,1.6342548,0.07425476,-1.2857453,-1.0757452,-2.5857453,-1.7157452,-0.85574526,-0.5157452,-0.30574524,0.9142548,1.7242547
9.224255,8.744255,8.484255,8.584255,8.8442545,9.0942545,9.024255,8.724255,8.644255,8.874255,8.944255,8.604255,8.304255,8.314255,8.644255,8.424254,7.8342547,7.024255,7.1442547,7.2242546,6.8942547,6.654255,6.4142547,6.3742547,6.484255,6.5142546,6.4142547,6.274255,6.1842546,6.174255,6.1842546,5.7042546,5.3042545,5.2842546,5.5142546,5.614255,5.634255,5.794255,5.174255,4.8942547,4.404255,4.4542546,4.694255,5.5342546,5.154255,0.71425474,1.0942547,0.99425477,1.4342548,0.9842548,-0.67574525,-1.0457453,-0.74574524,-1.2557453,-1.0157453,-0.17574523,0.26425475,0.84425473,1.1142547,1.5742548
9.664255,9.164255,8.794254,8.634254,8.674254,8.774255,8.804255,8.8442545,9.024255,9.254254,9.204255,8.854255,8.424254,8.174254,8.524255,8.244255,7.5542545,7.544255,7.594255,7.1642547,6.844255,6.8742547,6.654255,6.364255,6.504255,6.6642547,6.5342546,6.404255,6.274255,6.1642547,6.074255,5.614255,5.3342547,5.324255,5.5642548,5.654255,5.6442547,5.6642547,5.0842547,4.524255,4.004255,3.9442549,4.004255,5.074255,2.0642548,0.52425474,0.95425475,0.76425475,1.5142548,0.75425476,-0.68574524,-1.5957452,-1.3657452,-0.87574524,-0.5857452,0.34425476,0.59425473,0.26425475,0.5542548,1.6342548
9.584255,9.544254,9.314255,9.044254,8.854255,8.704255,8.754254,8.794254,8.654255,8.764255,9.124255,9.274255,8.994255,8.524255,8.424254,8.5942545,7.8942547,8.064255,7.964255,7.384255,7.364255,7.254255,6.794255,6.7842546,6.6842546,6.8042545,6.614255,6.5142546,6.384255,6.1242547,5.9742546,5.5142546,5.274255,5.3742547,5.6442547,5.7042546,5.614255,5.464255,5.074255,4.2242546,3.6442547,3.4442549,2.8842547,1.3942548,0.68425477,0.6642548,1.0642548,0.94425476,1.9742547,0.8042548,-0.7657452,-1.4557452,-0.8857452,-0.45574525,-0.17574523,0.83425474,0.64425474,1.1442548,1.7242547,2.4142547
10.294255,10.054255,9.854255,9.634254,9.304255,8.754254,8.524255,8.634254,8.664255,8.664255,8.734255,8.924254,9.064255,9.014255,8.864255,8.434255,8.334255,8.404255,8.054255,7.7442546,7.654255,7.324255,7.004255,7.024255,6.944255,6.8742547,6.6042547,6.544255,6.444255,6.134255,5.964255,5.4342546,5.214255,5.424255,5.6642547,5.714255,5.6442547,5.364255,5.0542545,4.2242546,3.5342548,3.2642548,2.5742548,0.9842548,1.6442548,1.1142547,1.2842548,1.4342548,1.5042548,-0.26574525,-0.39574525,0.18425477,0.25425476,0.39425477,0.9242548,1.0742548,1.3342547,1.8442547,2.4442549,2.3142548
10.994255,10.954255,10.744255,10.374255,9.724255,9.034255,8.604255,8.494255,8.644255,8.734255,8.824255,8.944255,9.044254,9.004254,8.784255,8.484255,8.724255,8.534255,8.414255,8.284255,7.864255,7.3942547,7.1642547,7.234255,7.214255,6.864255,6.504255,6.4742546,6.424255,6.234255,6.024255,5.424255,5.2442546,5.484255,5.654255,5.654255,5.5842547,5.2842546,4.984255,4.3942547,3.6442547,3.3242548,3.2042549,1.6842548,0.8642548,1.6542548,1.1242547,1.3742547,1.5642548,-0.28574523,-0.90574527,0.42425478,0.62425476,1.4542547,1.1142547,-0.01574524,0.75425476,1.4942547,2.4942548,2.6342547
10.364255,11.224256,11.384255,10.744255,10.004254,9.444255,8.904255,8.644255,8.644255,8.8442545,8.984255,8.964254,8.964254,9.114255,9.054255,8.874255,9.054255,9.074255,8.864255,8.574255,8.184255,7.574255,7.444255,7.574255,7.2842546,6.824255,6.4942546,6.2842546,6.3042545,6.294255,6.1442547,5.5842547,5.4142547,5.544255,5.5542545,5.484255,5.4342546,5.214255,4.924255,4.5142546,3.6442547,3.3142548,3.3842547,2.4242547,0.8542548,1.4242548,0.88425475,0.93425477,1.3942548,1.0942547,0.09425476,0.20425476,0.57425475,1.3242548,0.51425475,0.75425476,1.2942548,1.2542548,1.7242547,3.1042547
8.784255,10.114255,10.924255,10.894256,10.314256,9.794254,9.684255,9.374255,8.884254,9.044254,9.294254,9.0942545,8.764255,8.904255,9.064255,8.794254,8.604255,9.504254,9.504254,8.734255,8.104255,7.6842546,7.774255,8.124255,7.6442547,6.9342546,6.524255,6.3042545,6.194255,6.2642546,6.254255,5.824255,5.6642547,5.6442547,5.384255,5.294255,5.3042545,5.2042546,4.824255,4.404255,3.7842548,3.1242547,3.3742547,2.2242548,0.64425474,1.3742547,0.87425476,1.0642548,1.3042548,1.1342548,0.69425476,0.76425475,0.9142548,1.2142547,0.49425477,1.2042547,1.3742547,1.4742547,0.9242548,2.0042548
7.384255,7.944255,9.204255,10.394256,10.824255,10.734256,10.594255,10.0942545,9.784255,9.494255,9.494255,9.294254,8.524255,8.494255,8.914255,9.034255,9.034255,9.194255,9.0942545,8.554255,7.9742546,7.594255,7.884255,7.9542546,7.5142546,7.004255,6.634255,6.4342546,6.2842546,6.1842546,6.2442546,6.0542545,5.864255,5.8042545,5.4342546,5.2042546,5.254255,5.294255,4.844255,4.2242546,3.6942549,3.1842546,3.1842546,2.2242548,0.36425477,1.5842547,1.1342548,1.3342547,1.9342548,1.3542547,1.3442547,0.49425477,0.93425477,1.1742548,1.7042547,2.4942548,3.8942547,3.8442547,2.2242548,2.0342548
9.394255,8.884254,8.604255,9.074255,10.014255,10.764256,11.0542555,11.034255,10.814256,10.024255,9.414255,9.314255,8.664255,8.164255,8.684255,9.024255,9.084255,9.104255,8.934255,8.614255,7.8942547,7.6242547,7.6442547,7.4542546,7.2042546,6.844255,6.5642548,6.4742546,6.4342546,6.3942547,6.404255,6.3142548,6.074255,5.794255,5.5342546,5.3342547,5.274255,5.294255,4.9542546,4.424255,4.044255,3.8642547,3.4042547,1.2142547,-0.12574524,1.5842547,1.2442547,1.0042548,1.9642547,1.8942548,0.6642548,0.06425476,2.0942547,1.1442548,2.3642547,1.3042548,3.7442548,5.614255,5.5842547,3.1142547
9.504254,9.364255,9.464254,9.694255,9.804255,10.264256,11.044255,11.694256,11.264256,10.564256,9.734255,9.404255,9.314255,8.464254,8.664255,8.894255,9.154255,9.304255,9.464254,9.194255,8.144255,7.654255,7.524255,7.464255,6.944255,6.4942546,6.4542546,6.4342546,6.4342546,6.464255,6.4942546,6.404255,6.2042546,5.924255,5.654255,5.4942546,5.384255,5.214255,4.964255,4.714255,4.384255,4.4342546,3.4142547,0.26425475,0.23425476,1.4642547,1.4842547,1.4142548,1.2642548,1.7242547,0.6642548,0.34425476,1.8642547,1.8842548,2.5742548,2.8242548,4.154255,5.754255,4.754255,3.2942548
10.004254,9.934255,10.004254,10.074255,10.114255,10.294255,10.904255,11.284255,11.104256,11.044255,10.264256,9.794254,9.474255,9.134254,8.834255,8.734255,8.764255,8.884254,9.224255,9.484255,8.944255,7.8342547,7.3342547,7.3942547,6.8342547,6.3542547,6.2442546,6.214255,6.344255,6.4342546,6.444255,6.344255,6.214255,6.044255,5.8142548,5.674255,5.4942546,5.1642547,4.8042545,4.6242547,4.6242547,4.634255,2.5042548,0.12425476,0.8542548,1.8442547,1.1442548,1.5042548,1.5142548,1.7542548,1.6542548,1.6642548,1.0142548,1.3542547,1.2442547,1.8242548,3.2342548,2.5742548,1.8142548,2.1242547
10.654255,10.794255,10.694256,10.344255,10.184255,10.524256,10.884255,11.004255,11.094255,11.204255,10.834255,10.324255,9.884254,9.454255,9.064255,8.714254,8.774255,9.134254,9.724255,9.984255,9.304255,7.9342546,7.094255,6.8942547,7.0142546,6.6442547,6.174255,6.154255,6.344255,6.4542546,6.4142547,6.3142548,6.194255,6.0642548,5.944255,5.8742547,5.614255,5.134255,4.714255,4.6442547,4.8542547,4.824255,1.9242548,0.37425476,1.2942548,1.6842548,1.0342548,0.9242548,1.3242548,1.4842547,0.95425475,1.7742548,0.9842548,0.6742548,1.7442547,1.2642548,1.0442548,1.9942547,1.7642548,2.6242547
10.744255,11.224256,11.414255,10.984256,10.454255,10.574255,11.124255,11.364255,11.464255,11.574255,11.434256,11.0542555,10.604256,9.854255,9.354255,8.814255,8.934255,9.184255,9.104255,8.864255,8.784255,8.144255,6.8542547,6.6442547,7.134255,6.504255,6.094255,6.2442546,6.404255,6.4542546,6.404255,6.324255,6.2242546,6.1442547,6.094255,6.0842547,5.7442546,5.114255,4.7842546,4.8342547,5.194255,4.964255,1.5642548,0.57425475,1.3542547,1.5242548,0.8542548,1.0742548,0.84425473,1.2742548,1.0742548,1.6142547,1.2642548,0.51425475,1.5742548,2.0742548,2.1742547,2.1542547,1.8742547,3.1542547
10.884255,11.264256,11.794255,11.884255,11.414255,10.924255,11.014256,11.504255,11.8042555,11.874255,12.024256,12.094255,11.594255,10.654255,9.784255,9.104255,8.774255,8.924254,8.974255,8.884254,8.914255,7.844255,6.714255,6.9342546,6.9942546,6.2042546,5.7042546,5.9142547,6.274255,6.404255,6.3942547,6.364255,6.3142548,6.2842546,6.194255,6.1642547,5.8542547,5.2442546,4.9342546,5.0542545,5.6642547,5.984255,3.7842548,1.0242548,0.93425477,1.7542548,1.2542548,1.1242547,1.3742547,1.7342547,1.6942548,1.7842548,1.9442548,0.5342548,1.3742547,2.8642547,2.3742547,2.0342548,3.5742548,7.294255
11.314256,11.214255,11.614255,11.884255,12.0542555,11.924255,11.634255,11.624255,11.854256,12.274256,12.3042555,12.314256,12.114255,11.274256,10.134254,9.164255,8.824255,8.974255,9.004254,8.874255,8.454255,7.654255,7.094255,6.984255,6.6642547,6.0642548,5.5642548,5.5142546,5.984255,6.3342547,6.4142547,6.404255,6.364255,6.344255,6.2442546,6.1242547,5.904255,5.594255,5.2842546,5.4742546,6.364255,6.484255,4.364255,0.70425475,0.30425477,1.7942548,1.6042547,1.2042547,1.7342547,1.8942548,1.8642547,2.2442548,2.7042549,2.3542547,4.254255,5.674255,5.3942547,4.794255,6.114255,6.7442546
