UV_10m_small_gfs.t12z.pgrb2.0p25.f006.json
{"header": { "discipline":0, "disciplineName":"Meteorological products", "gribEdition":2, "gribLength":17311, "center":7, "centerName":"US National Weather Service - NCEP(WMC)", "subcenter":0, "refTime":"2023-03-21T12:00:00.000Z", "significanceOfRT":1, "significanceOfRTName":"Start of forecast", "productStatus":0, "productStatusName":"Operational products", "productType":1, "productTypeName":"Forecast products", "productDefinitionTemplate":0, "productDefinitionTemplateName":"Analysis/forecast at horizontal level/layer at a point in time", "parameterCategory":2, "parameterCategoryName":"Momentum", "parameterNumber":3, "parameterNumberName":"V-component_of_wind", "parameterUnit":"m.s-1", "genProcessType":2, "genProcessTypeName":"Forecast", "forecastTime":6, "surface1Type":103, "surface1TypeName":"Specified height level above ground", "surface1Value":10.0, "surface2Type":255, "surface2TypeName":"Missing", "surface2Value":0.0, "gridDefinitionTemplate":0, "gridDefinitionTemplateName":"Latitude_Longitude", "numberPoints":11421, "shape":6, "shapeName":"Earth spherical with radius of 6,371,229.0 m", "gridUnits":"degrees", "resolution":48, "winds":"true", "scanMode":64, "nx":141, "ny":81, "basicAngle":0, "lo1":210.0, "la1":30.0, "lo2":245.0, "la2":50.0, "dx":0.25, "dy":0.25 }, "data":
[rows 50 to 74 of 81, columns 0 to 56 of 141]
-2.2642138,-2.4342139,-2.4742138,-2.5242138,-2.624214,-2.7142138,-2.7942138,-2.884214,-2.8042138,-2.604214,-2.414214,-2.2142138,-2.0542138,-1.9042139,-1.6442139,-2.344214,-2.894214,-3.5142138,-3.5142138,-0.6042139,-0.69421387,-2.144214,-3.0642138,-4.154214,-5.174214,-5.494214,-5.744214,-6.234214,-6.804214,-7.3142138,-7.8342137,-8.504214,-9.064214,-9.5942135,-10.004214,-9.314214,-9.274214,-7.734214,-6.764214,-8.014214,-8.3442135,-8.5942135,-8.714214,-9.044214,-9.204214,-9.234214,-9.484214,-9.704214,-9.984214,-10.274214,-10.424213,-10.824214,-11.134213,-11.584214,-11.774214,-11.964214,-11.984214
-1.6842139,-1.7842139,-1.9442139,-2.0542138,-2.084214,-2.114214,-2.2442138,-2.4742138,-2.614214,-2.654214,-2.4342139,-2.0442138,-1.8142139,-1.6442139,-1.2642139,-1.3942139,-2.2542138,-2.624214,-3.4742138,-0.48421386,0.15578613,-1.4342139,-2.5242138,-3.5342138,-4.3942137,-4.8542137,-5.264214,-5.744214,-6.284214,-6.8142138,-7.274214,-7.8942137,-8.464214,-9.054214,-9.444214,-8.714214,-8.484214,-7.1242137,-6.8542137,-7.3942137,-7.824214,-8.194214,-8.424213,-8.674213,-8.944214,-9.114214,-9.264214,-9.434214,-9.694214,-9.914214,-10.0942135,-10.334214,-10.604214,-11.024214,-11.394214,-11.744214,-12.004214
-1.3442138,-1.3842139,-1.5542139,-1.8242139,-1.9642138,-1.9342139,-1.9042139,-2.0442138,-2.2942138,-2.5242138,-2.424214,-2.0442138,-1.7242138,-1.4642138,-1.1342139,-0.6142139,-1.2742139,-1.5742139,-2.7742138,0.035786133,1.0157862,-0.6042139,-1.7542138,-2.674214,-3.4442139,-4.1842136,-4.8342137,-5.364214,-5.864214,-6.3742137,-6.804214,-7.214214,-7.794214,-8.324214,-8.934214,-8.164214,-7.9342136,-7.044214,-6.4142137,-6.974214,-7.5642138,-7.804214,-8.044214,-8.254214,-8.574214,-8.854214,-9.074214,-9.244214,-9.444214,-9.634213,-9.814214,-10.054214,-10.294214,-10.514214,-10.824214,-11.084214,-11.354214
-1.2742139,-1.1942139,-1.1942139,-1.3642138,-1.5242139,-1.5842139,-1.6342139,-1.7742139,-1.9942138,-2.1942139,-2.2942138,-2.134214,-2.0242138,-1.6542139,-1.1742139,-0.18421386,-0.39421386,-0.72421384,-2.164214,0.34578612,1.8157861,0.32578614,-0.9142139,-1.9042139,-2.664214,-3.4742138,-4.234214,-4.8742137,-5.464214,-6.054214,-6.554214,-6.954214,-7.494214,-8.014214,-8.614214,-7.6842136,-7.1442137,-7.014214,-6.1842136,-6.714214,-7.1842136,-7.474214,-7.6642137,-7.864214,-8.194214,-8.524214,-8.804214,-9.034214,-9.244214,-9.464214,-9.674213,-9.924213,-10.224214,-10.374214,-10.524214,-10.764214,-11.194214
-0.8642139,-0.96421385,-1.0542139,-1.1042138,-1.1142138,-1.1642139,-1.3742138,-1.6842139,-1.8542138,-1.9242139,-1.9942138,-1.9642138,-1.9242139,-1.7742139,-1.4842138,-0.36421385,0.39578614,0.16578613,-1.2342138,0.67578614,2.5357862,1.2957861,-0.024213867,-1.1042138,-2.0242138,-2.924214,-3.664214,-4.324214,-4.964214,-5.554214,-6.024214,-6.404214,-6.954214,-7.6842136,-8.444214,-7.4142137,-6.6442137,-6.534214,-5.714214,-6.1442137,-6.714214,-7.1042137,-7.3342137,-7.544214,-7.794214,-8.104214,-8.454214,-8.734214,-8.974214,-9.244214,-9.484214,-9.684214,-9.914214,-10.204214,-10.364214,-10.554214,-10.944214
-0.49421388,-0.69421387,-0.9242139,-1.0542139,-1.0342139,-1.0342139,-1.2042139,-1.4942138,-1.7442138,-1.9042139,-1.9142139,-1.9042139,-1.9342139,-1.8042139,-1.7242138,-1.0542139,0.47578612,0.6957861,-0.41421387,1.2357861,3.1857862,2.0357862,0.6257861,-0.39421386,-1.2942139,-2.2242138,-3.0142138,-3.674214,-4.294214,-4.904214,-5.444214,-5.884214,-6.494214,-7.1242137,-8.014214,-7.244214,-6.3942137,-5.984214,-5.0842137,-5.384214,-6.094214,-6.674214,-7.024214,-7.244214,-7.4342136,-7.694214,-8.044214,-8.364214,-8.724214,-8.994214,-9.214214,-9.454214,-9.704214,-9.974214,-10.184214,-10.284214,-10.574214
-0.26421386,-0.36421385,-0.65421385,-0.94421387,-1.1342139,-1.2742139,-1.3442138,-1.4442139,-1.6042138,-1.7542138,-1.8642138,-1.8842139,-1.8942139,-1.6542139,-1.3242139,-1.1242138,0.54578614,1.2757862,0.15578613,1.4257861,3.575786,2.665786,1.3157861,0.33578613,-0.5542139,-1.5242139,-2.354214,-3.0142138,-3.664214,-4.3342137,-4.864214,-5.3542137,-5.924214,-6.504214,-7.324214,-7.274214,-6.054214,-5.294214,-4.524214,-4.614214,-5.364214,-6.214214,-6.6442137,-6.8942137,-7.054214,-7.344214,-7.674214,-8.014214,-8.394214,-8.714214,-8.934214,-9.104214,-9.324214,-9.624214,-9.924213,-9.974214,-10.014214
-0.0042138672,-0.23421387,-0.53421384,-0.7342139,-0.9842139,-1.2442138,-1.3342139,-1.3242139,-1.4242139,-1.5242139,-1.5642139,-1.6342139,-1.7242138,-1.6542139,-1.1542139,-0.97421384,0.6357861,1.9857861,0.90578616,1.7057861,3.7557862,3.0657861,1.7957861,0.8257861,0.035786133,-0.8742139,-1.7042139,-2.374214,-3.074214,-3.854214,-4.484214,-4.924214,-5.654214,-6.574214,-7.024214,-7.304214,-5.994214,-4.724214,-4.224214,-4.074214,-4.9142137,-5.774214,-6.234214,-6.454214,-6.6842136,-7.014214,-7.3342137,-7.6242137,-8.024214,-8.324214,-8.604214,-8.874214,-9.064214,-9.204214,-9.474214,-9.654214,-9.614214
0.37578613,0.13578613,-0.22421387,-0.53421384,-0.72421384,-0.8642139,-0.9842139,-1.1142138,-1.2342138,-1.3342139,-1.4442139,-1.4642138,-1.4442139,-1.4242139,-1.0442139,-0.72421384,0.52578616,2.2957861,1.5557861,2.155786,4.0657864,3.4357862,2.155786,1.2357861,0.59578615,-0.21421386,-1.0742139,-1.8342139,-2.574214,-3.404214,-4.174214,-4.6842136,-5.3342137,-6.254214,-6.654214,-7.1642137,-5.984214,-4.424214,-3.9642138,-3.5342138,-4.634214,-5.444214,-5.8542137,-6.054214,-6.364214,-6.714214,-7.054214,-7.324214,-7.634214,-7.9142137,-8.244214,-8.524214,-8.794214,-9.034214,-9.224214,-9.654214,-9.964214
0.48578614,0.34578612,0.085786134,-0.21421386,-0.44421387,-0.57421386,-0.7342139,-0.90421385,-1.0142139,-1.0542139,-1.1742139,-1.4142139,-1.5342139,-1.5342139,-1.2542138,-0.72421384,0.30578613,2.385786,1.9857861,2.655786,4.555786,4.005786,2.7257862,1.8357861,1.2557862,0.46578613,-0.44421387,-1.2342138,-2.0042138,-2.894214,-3.7742138,-4.4142137,-4.964214,-5.774214,-6.214214,-6.774214,-5.924214,-4.134214,-3.384214,-3.4342139,-4.514214,-5.194214,-5.574214,-5.8142138,-6.1242137,-6.444214,-6.764214,-6.994214,-7.254214,-7.504214,-7.884214,-8.244214,-8.524214,-8.774214,-8.954214,-9.154214,-9.494214
0.44578612,0.31578612,0.22578613,0.085786134,-0.16421387,-0.33421385,-0.48421386,-0.6242139,-0.72421384,-0.71421385,-0.7342139,-0.90421385,-1.0942138,-1.3242139,-1.3342139,-0.83421385,-0.12421387,1.9057862,2.2757862,3.2757862,5.1457863,4.725786,3.575786,2.605786,1.9157861,1.0257862,0.015786134,-0.7942139,-1.4942138,-2.2842138,-3.124214,-3.854214,-4.574214,-5.484214,-5.774214,-6.264214,-5.774214,-3.7842138,-2.824214,-3.324214,-3.9842138,-4.634214,-5.224214,-5.5642138,-5.9142137,-6.264214,-6.574214,-6.804214,-6.994214,-7.234214,-7.5642138,-7.8942137,-8.234214,-8.524214,-8.784214,-8.994214,-9.304214
0.85578614,0.54578614,0.40578613,0.34578612,0.18578613,-0.024213867,-0.14421387,-0.16421387,-0.27421388,-0.30421388,-0.41421387,-0.52421385,-0.6242139,-0.90421385,-1.1342139,-0.89421386,-0.43421388,1.7557862,2.7557862,3.845786,5.5857863,5.245786,4.135786,3.105786,2.4757862,1.7157861,0.74578613,-0.11421387,-0.8542139,-1.6142138,-2.4542139,-3.154214,-4.014214,-5.024214,-5.734214,-5.8142138,-6.1842136,-3.9642138,-2.4642138,-2.7142138,-3.344214,-3.9942138,-4.634214,-5.214214,-5.724214,-6.014214,-6.404214,-6.634214,-6.844214,-7.044214,-7.3342137,-7.674214,-7.994214,-8.264214,-8.554214,-8.804214,-9.024214
1.3957862,1.0457861,0.80578613,0.5157861,0.31578612,0.15578613,0.035786133,-0.054213867,-0.024213867,-0.0042138672,-0.17421387,-0.22421387,-0.51421386,-0.9142139,-1.1142138,-0.8642139,-0.70421386,1.4957862,3.1857862,4.205786,5.755786,5.595786,4.695786,3.7257862,3.075786,2.405786,1.4857861,0.60578614,-0.20421387,-1.0342139,-1.9442139,-2.6842139,-3.404214,-4.274214,-5.484214,-5.424214,-6.1842136,-4.6242137,-1.9642138,-1.8642138,-2.594214,-3.374214,-4.1242137,-4.784214,-5.274214,-5.724214,-6.154214,-6.504214,-6.774214,-7.024214,-7.244214,-7.504214,-7.794214,-8.114214,-8.414214,-8.694214,-8.824214
1.6757861,1.3657861,1.1357862,0.8857861,0.74578613,0.5857861,0.32578614,0.035786133,0.04578613,-0.07421387,-0.14421387,-0.0042138672,-0.15421386,-0.44421387,-0.72421384,-0.7342139,-0.64421386,1.0857861,3.405786,4.575786,5.945786,5.945786,5.225786,4.3357863,3.645786,2.9557862,2.075786,1.1857861,0.35578614,-0.47421387,-1.4042139,-2.1842139,-2.904214,-3.844214,-4.944214,-5.4342136,-5.8142138,-4.864214,-1.2142138,-0.9342139,-1.9942138,-2.9342139,-3.824214,-4.474214,-4.904214,-5.3342137,-5.824214,-6.244214,-6.5842137,-6.8942137,-7.174214,-7.444214,-7.714214,-7.984214,-8.234214,-8.474214,-8.724214
1.8157861,1.6457862,1.5457861,1.2557862,0.97578615,0.78578615,0.45578614,0.16578613,0.06578613,-0.15421386,-0.07421387,0.005786133,-0.094213866,-0.23421387,-0.45421386,-0.51421386,-0.52421385,0.60578614,3.325786,4.8557863,6.3157864,6.485786,5.765786,4.805786,4.075786,3.4857862,2.7457862,1.8557861,0.99578613,0.20578614,-0.7342139,-1.5642139,-2.2442138,-3.094214,-4.254214,-4.884214,-5.714214,-3.9342139,-1.6442139,-0.6042139,-1.4942138,-2.654214,-3.7242138,-4.3142138,-4.6442137,-4.994214,-5.444214,-5.8742137,-6.284214,-6.674214,-7.004214,-7.304214,-7.594214,-7.864214,-8.134213,-8.354214,-8.554214
2.345786,2.0557861,1.8357861,1.6957861,1.4557861,1.0757861,0.61578614,0.35578614,-0.024213867,-0.19421387,0.115786135,0.035786133,-0.23421387,-0.45421386,-0.47421387,-0.23421387,0.115786135,0.54578614,3.0557861,4.725786,6.405786,7.005786,6.3757863,5.425786,4.635786,4.055786,3.425786,2.5557861,1.6257862,0.77578616,-0.10421386,-0.9942139,-1.7142138,-2.414214,-3.604214,-4.234214,-5.364214,-4.074214,-2.7442138,-1.2642139,-1.2442138,-2.2942138,-3.2642138,-3.894214,-4.344214,-4.764214,-5.1842136,-5.594214,-6.024214,-6.4342136,-6.8142138,-7.154214,-7.474214,-7.734214,-7.964214,-8.174213,-8.384213
2.7757862,2.345786,2.075786,2.0457861,2.0257862,1.7457862,1.3957862,1.1457862,0.59578615,0.29578614,0.43578613,0.35578614,-0.0042138672,-0.39421386,-0.35421386,0.14578614,0.40578613,-0.094213866,1.5757861,3.7557862,6.005786,7.365786,6.995786,6.035786,5.215786,4.655786,4.095786,3.2757862,2.335786,1.4557861,0.5757861,-0.40421388,-1.2242138,-1.7642139,-2.9342139,-3.4542139,-4.6842136,-4.694214,-2.7042139,-1.6242138,-1.5342139,-2.084214,-2.7142138,-3.354214,-3.924214,-4.484214,-4.974214,-5.384214,-5.794214,-6.224214,-6.634214,-7.004214,-7.364214,-7.634214,-7.864214,-8.074214,-8.264214
3.095786,2.855786,2.625786,2.4457862,2.2757862,1.9957862,1.8157861,1.7357861,1.2857862,1.0257862,1.1357862,1.1757861,0.85578614,0.22578613,-0.094213866,0.16578613,0.13578613,-0.034213867,0.13578613,1.5957861,5.285786,7.635786,7.465786,6.5657864,5.745786,5.135786,4.575786,3.855786,2.9757862,2.115786,1.2757862,0.33578613,-0.59421384,-1.0942138,-2.0142138,-2.864214,-3.4542139,-4.444214,-2.604214,-1.2042139,-1.2742139,-1.7542138,-2.324214,-2.914214,-3.5142138,-4.114214,-4.694214,-5.1642137,-5.574214,-5.984214,-6.424214,-6.8342137,-7.204214,-7.494214,-7.734214,-7.944214,-8.134213
3.2257862,2.9857862,2.8057861,2.7057862,2.4757862,2.0257862,1.6857861,1.4957862,1.2057861,1.0657861,1.3057861,1.6057861,1.4257861,1.1157861,0.7557861,0.38578615,-0.064213865,-0.26421386,-0.7442139,-0.83421385,4.385786,7.715786,7.6857862,6.965786,6.1457863,5.545786,5.005786,4.345786,3.5657861,2.7257862,1.9557861,1.1057861,0.22578613,-0.47421387,-0.9842139,-1.9642138,-2.5342138,-3.4842138,-3.2342138,-1.2942139,-0.69421387,-1.2342138,-1.8942139,-2.5142138,-3.134214,-3.7742138,-4.404214,-4.944214,-5.3942137,-5.794214,-6.224214,-6.634214,-7.004214,-7.344214,-7.634214,-7.824214,-7.984214
3.4657862,3.0357862,2.7857862,2.5657861,2.425786,2.155786,1.7257861,1.4657861,1.2457862,1.0157862,1.1457862,1.6157861,1.4557861,1.3257861,1.0957861,0.7657861,0.27578613,-0.10421386,-0.6242139,-1.4142139,3.915786,7.8157864,7.9157863,7.405786,6.6657863,6.135786,5.6257863,5.035786,4.3157864,3.425786,2.595786,1.8157861,0.98578614,0.27578613,-0.34421387,-1.0442139,-2.0442138,-2.5542138,-2.9942138,-2.144214,-0.8542139,-0.84421384,-1.4042139,-2.0442138,-2.7242138,-3.424214,-4.094214,-4.6842136,-5.1842136,-5.634214,-6.074214,-6.504214,-6.904214,-7.234214,-7.514214,-7.704214,-7.8542137
3.345786,2.8057861,2.355786,2.0157862,1.7057861,1.3757862,1.2257861,1.2757862,1.0357862,0.85578614,1.0657861,1.6957861,1.6057861,1.4457861,1.2857862,0.8857861,0.32578614,0.13578613,-0.36421385,-1.4042139,2.7357862,7.325786,7.925786,7.635786,7.0857863,6.595786,6.095786,5.6257863,5.0657864,4.275786,3.365786,2.5657861,1.7057861,1.0357862,0.38578615,-0.36421385,-1.2642139,-1.9542139,-2.404214,-2.7642138,-1.6342139,-0.59421384,-0.8642139,-1.5342139,-2.3042138,-3.0342138,-3.7142138,-4.3342137,-4.8942137,-5.3942137,-5.884214,-6.3342137,-6.764214,-7.134214,-7.4142137,-7.5842137,-7.734214
3.115786,2.5157862,1.9157861,1.4257861,1.0857861,0.6957861,0.8857861,1.2757862,0.96578616,0.5757861,0.96578616,1.5357862,1.6257862,1.8057861,1.6857861,1.3557861,0.5057861,0.13578613,-0.33421385,-1.2642139,1.2657862,6.475786,7.995786,7.8957863,7.485786,7.025786,6.525786,6.005786,5.595786,4.9357862,4.1057863,3.2757862,2.415786,1.6257862,1.0357862,0.33578613,-0.44421387,-1.1542139,-1.8042139,-2.5042138,-2.5342138,-0.57421386,-0.15421386,-0.9342139,-1.8442138,-2.624214,-3.2842138,-3.894214,-4.474214,-5.034214,-5.574214,-6.074214,-6.534214,-6.9342136,-7.254214,-7.504214,-7.674214
3.0657861,2.5457861,1.9957862,1.3357861,0.91578615,0.7557861,1.0557861,1.1157861,0.5757861,0.14578614,0.21578613,0.29578614,1.0757861,1.8757862,1.9557861,1.9457861,1.2357861,0.65578616,0.005786133,-0.95421386,0.055786133,5.0657864,7.885786,8.215786,7.9357862,7.575786,6.995786,6.295786,5.8557863,5.3557863,4.655786,3.855786,3.0557861,2.2657862,1.6457862,1.0057862,0.26578614,-0.39421386,-0.9842139,-1.5842139,-2.624214,-1.5742139,-0.0142138675,-0.39421386,-1.3342139,-2.164214,-2.854214,-3.4442139,-3.9942138,-4.574214,-5.1642137,-5.734214,-6.254214,-6.694214,-7.0842137,-7.384214,-7.594214
3.625786,3.635786,3.0257862,2.355786,1.7957861,1.0857861,0.8257861,0.8757861,0.71578616,0.42578614,-0.07421387,0.09578613,1.8657861,2.825786,2.5157862,2.2057862,1.8457861,1.5057862,0.79578614,-0.22421387,-0.65421385,3.0357862,7.265786,8.355786,8.275786,7.995786,7.535786,6.775786,6.175786,5.705786,5.135786,4.425786,3.6957862,2.905786,2.2257862,1.6657861,1.0557861,0.49578613,0.14578614,-0.32421386,-1.2342138,-2.3042138,-0.7342139,-0.27421388,-0.94421387,-1.6942139,-2.394214,-2.9842138,-3.5242138,-4.114214,-4.714214,-5.3342137,-5.8942137,-6.384214,-6.804214,-7.204214,-7.484214
3.9957862,3.5257862,2.885786,2.1957862,1.5657861,1.1957861,0.92578614,0.5057861,0.24578613,0.24578613,0.65578616,1.4257861,1.5657861,1.2857862,1.4857861,1.9357861,1.8857862,1.6857861,1.2457862,0.5857861,-0.5442139,0.5157861,5.775786,8.185786,8.445786,8.4057865,8.165786,7.485786,6.695786,6.1057863,5.5857863,4.995786,4.295786,3.5057862,2.7557862,2.155786,1.6257862,1.1257862,0.72578615,0.06578613,-0.41421387,-1.4542139,-1.5042138,-0.9142139,-0.96421385,-1.3742138,-1.9242139,-2.4942138,-3.0442138,-3.614214,-4.234214,-4.8742137,-5.454214,-5.974214,-6.454214,-6.904214,-7.264214
