UV_10m_small_gfs.t12z.pgrb2.0p25.f024.json
{"header": { "discipline":0, "disciplineName":"Meteorological products", "gribEdition":2, "gribLength":17311, "center":7, "centerName":"US National Weather Service - NCEP(WMC)", "subcenter":0, "refTime":"2023-03-21T12:00:00.000Z", "significanceOfRT":1, "significanceOfRTName":"Start of forecast", "productStatus":0, "productStatusName":"Operational products", "productType":1, "productTypeName":"Forecast products", "productDefinitionTemplate":0, "productDefinitionTemplateName":"Analysis/forecast at horizontal level/layer at a point in time", "parameterCategory":2, "parameterCategoryName":"Momentum", "parameterNumber":2, "parameterNumberName":"U-component_of_wind", "parameterUnit":"m.s-1", "genProcessType":2, "genProcessTypeName":"Forecast", "forecastTime":24, "surface1Type":103, "surface1TypeName":"Specified height level above ground", "surface1Value":10.0, "surface2Type":255, "surface2TypeName":"Missing", "surface2Value":0.0, "gridDefinitionTemplate":0, "gridDefinitionTemplateName":"Latitude_Longitude", "numberPoints":11421, "shape":6, "shapeName":"Earth spherical with radius of 6,371,229.0 m", "gridUnits":"degrees", "resolution":48, "winds":"true", "scanMode":64, "nx":141, "ny":81, "basicAngle":0, "lo1":210.0, "la1":30.0, "lo2":245.0, "la2":50.0, "dx":0.25, "dy":0.25 }, "data":
[rows 0 to 25 of 81, columns 60 to 119 of 141]
1.0440406,2.1540406,1.9340405,2.3140404,3.2740405,4.0540404,4.0740404,3.9540405,4.5240407,4.6040406,5.0440407,5.6140404,5.0140405,4.8040404,4.4040403,3.7940404,3.6940405,4.0240407,4.5440407,5.0640407,5.8440404,6.7840405,7.4340405,7.9240403,7.9940405,8.48404,8.424041,8.89404,9.704041,9.69404,9.53404,9.414041,9.664041,10.124041,10.48404,10.724041,10.77404,10.804041,10.714041,10.554041,10.504041,10.44404,10.44404,10.44404,10.73404,11.03404,10.7440405,9.86404,9.794041,10.414041,9.964041,9.704041,9.85404,9.254041,9.124041,9.224041,8.594041,8.254041,8.664041,9.344041
1.8540405,1.9540405,1.9740405,3.0440404,3.0240405,3.3740406,3.3640406,3.6440406,4.3740406,5.1040406,5.7240405,5.8340406,4.7040405,4.5240407,4.4340405,3.9740405,3.9040406,4.4140406,4.8540406,5.2640405,5.9040403,6.5240407,7.1040406,7.6140404,7.8240404,7.9740405,8.48404,8.65404,9.214041,9.77404,10.07404,9.804041,9.78404,10.294041,10.554041,10.844041,11.084041,11.18404,10.884041,10.39404,10.39404,10.64404,10.884041,11.054041,11.254041,11.374041,11.664041,11.544041,11.23404,11.514041,11.23404,10.31404,10.60404,10.28404,9.68404,9.57404,8.964041,8.264041,8.52404,8.754041
1.5740405,2.0340405,2.5440404,2.6040406,2.3440406,2.9340405,3.1840405,3.4440405,4.1240406,4.3340406,4.3440404,4.5240407,3.9240406,3.3540406,3.3640406,3.4840405,3.7240405,4.1940403,4.7640405,5.4640408,5.9140406,5.8640404,6.2240405,6.6140404,7.0140405,7.7540407,8.10404,8.664041,8.69404,9.07404,9.264041,9.464041,9.374041,9.52404,10.10404,10.39404,10.794041,11.174041,10.924041,10.65404,10.544041,10.61404,10.98404,11.57404,11.98404,12.18404,12.254041,12.304041,12.27404,12.054041,12.094041,11.294041,11.23404,11.23404,10.69404,9.924041,9.714041,9.224041,8.61404,8.94404
1.9640405,2.6640406,1.8740405,2.4440405,1.9340405,1.4340405,2.7240405,3.0940406,2.4140406,2.0840406,2.3340406,2.5540404,2.5840406,3.0040405,3.4740405,3.8640406,4.2140408,4.8840404,5.5140405,6.0440407,5.8340406,5.6340404,5.5440407,5.8940406,6.3140407,6.9640408,7.7740407,8.15404,8.674041,8.594041,9.094041,9.674041,10.084041,10.07404,10.03404,9.77404,9.65404,10.264041,10.584041,10.764041,10.94404,11.36404,11.53404,11.914041,12.48404,12.69404,12.884041,12.914041,12.804041,12.4940405,12.4940405,12.124041,11.73404,11.90404,11.56404,10.48404,9.924041,9.85404,9.23404,8.954041
2.4840405,2.0340405,1.8140405,2.5940406,1.9140406,1.7440405,1.9340405,2.9340405,2.8740406,2.9340405,3.4140406,3.7840405,3.9840405,4.0540404,4.2240405,4.5940404,4.8140407,5.5740404,5.8940406,6.3040404,5.6640406,5.2140408,4.3440404,4.2740407,4.7640405,5.6140404,6.6040406,7.6940403,8.28404,8.4940405,8.39404,9.06404,9.674041,9.90404,9.884041,9.584041,9.924041,10.334041,10.174041,10.39404,10.69404,11.27404,12.124041,12.724041,13.204041,13.52404,13.624041,13.44404,13.31404,13.15404,12.90404,12.544041,11.85404,11.94404,11.964041,11.214041,10.504041,10.334041,10.10404,9.474041
2.9140406,2.3140404,2.3340406,2.8740406,2.6740406,2.6040406,1.8540405,1.8740405,2.7240405,3.2340405,3.4040406,3.4140406,3.7740405,4.3140407,4.8740406,4.9040403,5.3040404,5.1940403,5.1540403,5.1940403,5.1340404,5.1140404,5.5140405,5.7440405,5.8940406,5.5940404,5.7940407,6.2440405,6.5340405,6.6640406,7.0440407,7.6440406,8.454041,8.624041,8.18404,7.5740404,8.53404,10.454041,10.69404,10.56404,10.65404,11.124041,11.93404,12.65404,13.2440405,13.674041,14.084041,14.164041,13.85404,13.48404,13.214041,13.044041,12.634041,12.294041,12.36404,12.084041,11.474041,11.2440405,10.90404,10.36404
3.4340405,2.8340406,2.3840406,2.5040405,2.3340406,2.0340405,2.4840405,2.4540405,2.6040406,3.0240405,3.3640406,3.6740406,4.3940406,4.8940406,5.3340406,4.7140408,4.9040403,4.0440407,4.1940403,4.5840406,5.0640407,4.7040405,5.0240407,5.3740406,5.4840407,5.9340405,6.1040406,5.8540406,5.8440404,5.9540405,6.3740406,6.8840404,7.3140407,7.4440403,7.5140405,7.5240407,8.69404,10.64404,10.90404,10.384041,10.19404,10.544041,11.39404,12.424041,13.004041,13.32404,13.874041,14.124041,14.19404,14.03404,13.514041,13.084041,13.054041,12.794041,12.68404,12.344041,11.704041,11.474041,11.094041,10.724041
3.6940405,3.1640406,2.2840405,2.1040406,1.4540405,1.8440405,2.5340405,3.0240405,3.5040405,4.0240407,3.5640404,3.7040405,4.8140407,5.2240405,5.0140405,4.3740406,4.4740405,4.4940405,5.0740404,5.1340404,5.0740404,5.1240406,5.9240403,6.3640404,6.3740406,6.2840405,6.4540405,6.4940405,6.4740405,6.5140405,6.7940407,6.9640408,6.9940405,7.3140407,8.094041,9.124041,9.73404,9.844041,9.48404,9.964041,10.624041,11.03404,11.69404,12.174041,12.304041,12.52404,13.094041,13.804041,14.134041,14.11404,13.98404,13.584041,12.93404,12.804041,12.664041,12.204041,11.68404,11.474041,11.414041,11.054041
3.5840406,3.0240405,2.6240406,2.2040405,1.5340406,2.2740405,2.8640406,3.3040404,3.6340406,3.5440404,3.8740406,3.7840405,4.6440406,4.4140406,4.3440404,4.0240407,4.7540407,4.7740407,4.9440403,5.0240407,5.0640407,5.7140408,5.9840407,5.8040404,5.8440404,6.0140405,6.2540407,6.1640406,6.1640406,6.4440403,6.9840407,7.4840407,8.02404,8.40404,8.65404,8.764041,8.93404,9.474041,10.004041,10.504041,10.584041,10.77404,11.19404,11.044041,10.9940405,11.40404,11.56404,12.2440405,12.94404,13.60404,13.844041,13.68404,13.52404,12.82404,12.304041,11.844041,11.52404,11.084041,11.054041,10.974041
3.3140404,2.9140406,2.9540405,3.0340405,2.2040405,1.7640405,2.3640406,3.2340405,3.5040405,2.8840406,3.9940405,4.1640406,3.6740406,3.5940406,4.6940403,3.8140404,4.4240403,4.7940407,4.9440403,5.3840404,5.8940406,6.0740404,5.9440403,5.9840407,6.1740403,6.1040406,6.0640407,5.9740405,6.4940405,7.0340405,7.5340405,7.8040404,8.424041,8.724041,9.23404,9.65404,9.584041,9.39404,9.704041,10.044041,10.23404,10.304041,10.44404,10.424041,10.9940405,11.594041,11.36404,11.334041,11.73404,12.19404,12.724041,13.27404,13.304041,13.10404,12.69404,12.164041,11.69404,11.32404,10.86404,10.874041
2.6140406,2.8040404,3.2540405,3.2540405,2.7840405,1.6340405,2.0540404,2.9240406,3.7040405,3.0340405,3.6940405,4.0440407,4.0640407,4.4440403,4.6240406,3.8140404,4.6740403,5.1540403,5.4640408,5.7440405,5.6940403,5.5540404,5.8740406,6.0740404,6.1140404,5.8140407,6.2140408,6.2640405,6.8140407,7.3240404,7.5040407,8.254041,8.82404,9.06404,8.924041,8.794041,8.764041,8.914041,9.334041,9.804041,10.19404,10.36404,10.35404,10.294041,10.64404,10.73404,10.834041,11.084041,11.40404,11.32404,11.164041,11.89404,12.884041,13.06404,12.884041,12.82404,12.60404,12.11404,11.56404,11.14404
2.6640406,3.0540404,3.4340405,3.3740406,3.0540404,1.9240406,1.9940405,2.4540405,3.1540406,3.2640405,3.0840406,3.7340405,3.8940406,4.3440404,4.4540405,3.9740405,4.7140408,5.0640407,5.3840404,5.4140406,5.3440404,5.5040407,5.9640408,5.9640408,5.5840406,5.5740404,6.0940404,7.3440404,7.9740405,7.9440403,8.11404,8.2440405,8.31404,8.57404,8.78404,9.124041,9.204041,8.81404,9.054041,9.424041,9.954041,10.4940405,11.07404,11.384041,11.544041,11.674041,11.40404,11.15404,11.2440405,11.834041,11.7440405,11.40404,11.714041,12.254041,12.754041,12.924041,12.89404,12.81404,12.424041,11.594041
3.0740404,3.2140405,3.6540406,3.5640404,3.1140406,2.4640405,2.4340405,2.5940406,2.9640405,3.0540404,3.2340405,3.7540405,4.2040405,4.3640404,4.4540405,4.0640407,4.3640404,5.1640406,5.3540406,5.5740404,5.8740406,6.0040407,5.7640405,5.7940407,6.1240406,6.4640408,6.6740403,7.2440405,7.6440406,8.14404,8.06404,8.10404,8.06404,8.36404,8.754041,8.65404,8.804041,9.294041,9.424041,10.11404,11.084041,11.60404,11.81404,12.084041,12.294041,12.454041,12.32404,12.2440405,11.924041,11.514041,11.594041,11.414041,11.794041,11.674041,11.4940405,12.14404,12.69404,12.844041,12.544041,11.81404
2.6640406,3.3840406,3.8540406,3.8840406,3.2840405,3.1340406,3.1640406,3.0640404,3.3740406,3.0340405,3.5440404,3.8040404,3.8340406,4.0340405,4.4340405,4.7940407,4.9140406,5.6540403,6.0340405,5.9040403,6.1740403,6.6140404,7.1040406,7.3040404,7.0040407,6.7740407,6.7640405,7.1440406,7.6140404,8.084041,8.23404,8.264041,8.40404,8.464041,8.85404,8.924041,9.294041,9.834041,10.23404,10.714041,11.584041,12.11404,12.35404,12.68404,13.10404,13.43404,13.43404,13.464041,13.23404,12.77404,12.044041,11.344041,11.14404,11.53404,11.544041,11.53404,12.27404,12.39404,12.28404,11.764041
2.8440406,2.9140406,3.7640405,3.8740406,3.7640405,3.4240406,3.4340405,3.4340405,3.7840405,4.0940404,4.1140404,4.2540407,4.4440403,4.6340404,5.1140404,5.6740403,5.9340405,5.6940403,5.9440403,6.1740403,6.3840404,6.7440405,7.1140404,7.3440404,7.1340404,6.8240404,6.7940407,7.2040405,7.6040406,8.014041,8.28404,8.124041,8.60404,9.204041,9.634041,9.924041,9.974041,10.36404,10.73404,11.224041,11.94404,12.384041,12.52404,12.85404,13.35404,13.594041,13.52404,13.624041,13.594041,13.374041,13.044041,12.57404,12.004041,11.44404,11.374041,11.52404,11.19404,11.054041,11.36404,11.454041
3.4640405,3.0140405,3.2740405,3.5640404,3.7040405,3.6240406,3.7940404,3.6140406,3.5740404,4.2840405,4.6040406,5.1340404,5.7140408,5.5240407,5.5040407,5.8740406,6.0940404,6.2440405,6.6240406,7.0340405,7.3240404,7.5040407,7.2240405,6.9740405,7.0040407,7.0140405,7.1940403,7.4840407,7.8140407,7.9240403,8.31404,8.714041,9.294041,9.68404,9.98404,10.264041,10.454041,10.7440405,11.19404,11.7440405,12.48404,12.834041,13.11404,13.23404,13.44404,13.61404,13.674041,13.68404,13.474041,13.35404,13.15404,13.044041,13.10404,12.424041,11.474041,11.094041,11.414041,10.964041,10.834041,10.94404
3.5840406,3.5640404,3.4840405,3.6040406,3.6040406,3.7340405,3.8040404,3.7840405,3.8340406,4.3640404,4.7540407,5.2540407,5.7240405,5.8840404,6.0740404,6.1940403,6.3840404,6.6840405,7.0740404,7.3240404,7.4940405,7.3640404,7.2340407,7.1140404,7.0540404,7.1740403,7.4540405,7.5640407,7.8140407,8.204041,8.724041,9.224041,9.69404,9.754041,10.02404,10.53404,10.9940405,11.304041,11.844041,12.304041,12.834041,13.2440405,13.4940405,13.674041,13.78404,13.874041,13.65404,13.584041,13.554041,13.4940405,13.06404,13.044041,13.10404,12.884041,12.18404,11.19404,10.82404,11.004041,10.56404,9.86404
3.3540406,3.6840405,3.6140406,3.8240404,3.8540406,3.8440406,3.8740406,4.0740404,4.3140407,4.6640406,5.1940403,5.5540404,6.1440406,6.1540403,5.8640404,5.9240403,6.1440406,6.4640408,7.0240407,7.2240405,7.2240405,7.3940406,7.4240403,7.3740406,7.2840405,7.4640408,7.6640406,7.6740403,7.8240404,8.27404,8.834041,9.40404,9.664041,9.884041,10.31404,10.78404,11.27404,11.68404,12.18404,12.624041,13.204041,13.474041,13.584041,13.624041,13.68404,13.7440405,13.714041,13.554041,13.464041,13.43404,13.204041,12.704041,12.414041,12.844041,12.634041,11.77404,10.954041,10.61404,9.724041,8.60404
3.2340405,3.4240406,3.4740405,3.6540406,4.0540404,4.1040406,4.1840405,4.4440403,4.6340404,4.9440403,5.3340406,5.4740405,5.6440406,5.9940405,6.0140405,6.1240406,6.2640405,6.5440407,7.0840406,7.2740407,7.3640404,7.7440405,7.6640406,7.4240403,7.5140405,7.7340407,7.8440404,7.9440403,8.15404,8.594041,9.02404,9.414041,9.754041,10.14404,10.504041,10.90404,11.384041,12.03404,12.474041,13.214041,13.53404,13.794041,13.93404,14.07404,14.27404,14.31404,14.174041,14.174041,13.90404,13.61404,13.43404,13.06404,11.804041,12.724041,12.884041,11.584041,10.19404,9.634041,6.8240404,4.1540403
3.1840405,3.3240404,3.2540405,3.3440406,3.5640404,3.7340405,3.8840406,4.1040406,4.3740406,4.8340406,5.0740404,5.2140408,5.1240406,5.6840405,6.0540404,6.0540404,6.2940407,6.6940403,7.2040405,7.4540405,7.5040407,7.4140406,7.2840405,7.3140407,7.4740405,7.6540403,7.7540407,8.084041,8.454041,8.634041,8.974041,9.384041,9.834041,10.254041,10.634041,11.054041,11.56404,12.18404,12.77404,13.264041,13.57404,13.834041,14.084041,14.19404,14.28404,14.424041,14.43404,14.39404,14.2440405,13.804041,13.344041,12.94404,12.40404,12.73404,12.124041,11.264041,9.584041,8.414041,3.4440405,-0.12595947
3.0840406,3.2640405,3.1840405,3.2040405,3.4740405,3.6940405,3.8840406,4.0140405,4.3940406,4.6440406,4.9840407,5.1440406,5.0240407,5.2940407,5.7840405,5.7940407,6.1340404,6.5940404,7.0640407,7.4640408,7.6740403,7.4140406,7.1540403,7.2440405,7.2640405,7.6840405,7.9040403,8.19404,8.474041,8.584041,8.924041,9.304041,9.714041,10.03404,10.624041,11.264041,11.90404,12.374041,12.73404,13.174041,13.57404,13.94404,14.19404,14.334041,14.584041,14.834041,14.31404,14.054041,13.94404,13.56404,13.124041,12.56404,12.214041,10.634041,10.304041,10.044041,8.624041,7.4540405,1.5940405,-0.82595944
2.9440405,3.1840405,3.2540405,3.3140404,3.4940405,3.7140405,3.8940406,4.0140405,4.5340405,4.5340405,4.5240407,4.8640404,4.9740405,5.2040405,5.6040406,5.8140407,6.1140404,6.4940405,7.0340405,7.4640408,7.7340407,7.5340405,7.2640405,7.2640405,7.2840405,7.6640406,8.004041,8.294041,8.474041,8.544041,8.804041,9.06404,9.384041,9.94404,10.56404,11.344041,11.764041,12.06404,12.664041,13.11404,13.554041,13.834041,13.9940405,14.124041,13.90404,13.9940405,14.124041,13.64404,13.164041,12.90404,12.65404,12.094041,11.594041,8.94404,8.48404,8.754041,7.6040406,4.3040404,0.6040405,0.18404053
3.1440406,3.4640405,3.6240406,3.6040406,3.5840406,3.6440406,3.7840405,3.9840405,4.3540406,4.4340405,4.5140405,4.8140407,4.8140407,4.9240403,5.4140406,5.8040404,5.8140407,6.2340407,7.0440407,7.1640406,7.3640404,7.5140405,7.4040403,7.2940407,7.3440404,7.5140405,8.03404,8.504041,8.594041,8.544041,8.65404,8.89404,9.334041,9.9940405,10.634041,11.264041,11.4940405,11.82404,12.464041,12.98404,13.27404,13.174041,13.294041,13.554041,13.714041,13.2440405,13.164041,13.06404,12.924041,12.19404,11.304041,10.584041,10.544041,8.44404,6.7840405,7.0040407,5.1040406,3.1040406,1.0140405,1.0840405
3.5540404,3.7240405,3.7440405,3.6140406,3.4640405,3.4940405,3.6640406,3.8840406,4.2440405,3.9040406,4.2340407,5.0840406,4.8940406,4.7840405,5.2940407,5.6340404,5.3140407,5.7540407,6.5240407,6.7340407,6.8940406,7.3240404,7.2940407,7.2140408,7.3140407,7.4640408,8.07404,8.414041,8.53404,8.69404,8.714041,8.794041,9.31404,9.924041,10.514041,10.914041,10.964041,11.60404,11.78404,11.64404,11.264041,11.19404,11.474041,11.53404,12.094041,12.60404,12.60404,12.204041,12.02404,11.07404,10.06404,9.634041,8.89404,6.2840405,4.7940407,3.1040406,1.9840405,1.5740405,0.004040527,0.5140405
3.7940404,3.6540406,3.5740404,3.5640404,3.5240405,3.6340406,3.6540406,3.8040404,4.0540404,4.1640406,4.0040407,4.5040407,4.6940403,4.7940407,5.1040406,5.3640404,4.9140406,5.1740403,5.8440404,6.5040407,6.6340404,6.8540406,7.1140404,6.9540405,7.1340404,7.6640406,8.23404,8.39404,8.44404,8.584041,8.43404,8.454041,8.954041,9.57404,10.07404,9.94404,10.214041,10.44404,10.19404,10.06404,9.804041,9.86404,10.594041,9.714041,10.02404,10.464041,11.03404,11.214041,10.754041,9.73404,8.264041,7.6840405,5.3540406,2.8740406,2.4140406,0.94404054,0.17404053,0.14404052,-0.7159595,-1.2059594
3.9040406,3.7340405,3.6940405,3.7040405,3.7940404,3.6240406,3.4040406,3.6040406,3.7840405,4.3140407,4.2540407,4.0640407,4.3440404,5.2540407,5.7240405,6.1840405,5.8540406,5.3840404,5.7640405,6.7540407,7.1940403,7.2340407,6.9240403,6.5940404,6.9340405,7.6740403,8.214041,8.39404,8.43404,8.384041,8.03404,8.044041,8.56404,9.10404,9.27404,9.054041,9.2440405,9.39404,9.35404,8.834041,8.60404,10.14404,11.094041,11.054041,10.084041,10.27404,9.624041,8.764041,9.15404,8.35404,5.2340407,3.2840405,-0.48595947,0.044040527,0.33404052,-2.4859595,-2.0959594,-0.5959595,-1.9859595,-3.5259595
