UV_10m_small_gfs.t12z.pgrb2.0p25.f042.json
{"header": { "discipline":0, "disciplineName":"Meteorological products", "gribEdition":2, "gribLength":17311, "center":7, "centerName":"US National Weather Service - NCEP(WMC)", "subcenter":0, "refTime":"2023-03-21T12:00:00.000Z", "significanceOfRT":1, "significanceOfRTName":"Start of forecast", "productStatus":0, "productStatusName":"Operational products", "productType":1, "productTypeName":"Forecast products", "productDefinitionTemplate":0, "productDefinitionTemplateName":"Analysis/forecast at horizontal level/layer at a point in time", "parameterCategory":2, "parameterCategoryName":"Momentum", "parameterNumber":3, "parameterNumberName":"V-component_of_wind", "parameterUnit":"m.s-1", "genProcessType":2, "genProcessTypeName":"Forecast", "forecastTime":42, "surface1Type":103, "surface1TypeName":"Specified height level above ground", "surface1Value":10.0, "surface2Type":255, "surface2TypeName":"Missing", "surface2Value":0.0, "gridDefinitionTemplate":0, "gridDefinitionTemplateName":"Latitude_Longitude", "numberPoints":11421, "shape":6, "shapeName":"Earth spherical with radius of 6,371,229.0 m", "gridUnits":"degrees", "resolution":48, "winds":"true", "scanMode":64, "nx":141, "ny":81, "basicAngle":0, "lo1":210.0, "la1":30.0, "lo2":245.0, "la2":50.0, "dx":0.25, "dy":0.25 }, "data":
[rows 26 to 51 of 81, columns 60 to 119 of 141]
-1.877666,-1.717666,-1.997666,-2.207666,-2.277666,-2.437666,-2.777666,-3.067666,-3.437666,-3.757666,-4.147666,-4.387666,-4.697666,-4.417666,-5.257666,-4.837666,-3.967666,-4.167666,-4.397666,-5.337666,-5.887666,-6.247666,-5.857666,-5.557666,-5.557666,-5.587666,-5.737666,-6.097666,-6.487666,-6.487666,-7.067666,-7.507666,-7.907666,-7.817666,-8.007666,-8.367666,-8.427666,-8.357666,-8.337666,-8.347666,-8.727666,-8.897666,-8.777666,-8.577666,-8.497666,-8.647666,-9.067666,-9.037666,-9.007666,-8.817666,-8.537666,-9.397666,-4.897666,1.122334,0.22233398,-1.437666,-1.487666,-1.257666,-0.607666,-0.25766602
-2.4976661,-1.907666,-1.567666,-1.457666,-1.437666,-1.637666,-1.977666,-2.257666,-2.7476661,-3.257666,-3.657666,-3.837666,-4.067666,-4.207666,-4.417666,-4.767666,-4.447666,-4.627666,-4.817666,-5.437666,-5.637666,-5.787666,-5.637666,-5.407666,-5.357666,-5.407666,-5.537666,-5.807666,-6.337666,-6.897666,-7.1176662,-7.277666,-7.847666,-7.8676662,-7.857666,-8.167666,-8.157666,-8.097666,-8.347666,-8.157666,-8.337666,-8.337666,-8.347666,-8.277666,-8.127666,-8.337666,-8.307666,-8.467666,-8.477666,-8.487666,-8.417666,-8.007666,-1.5476661,0.032333985,0.34233397,-0.09766602,-0.17766601,-1.107666,-1.157666,0.352334
-4.047666,-2.947666,-2.047666,-1.347666,-1.117666,-0.887666,-1.027666,-1.417666,-1.657666,-2.357666,-3.007666,-3.197666,-3.427666,-3.437666,-4.007666,-3.9976661,-4.587666,-4.497666,-4.397666,-4.927666,-5.327666,-5.6176662,-5.3676662,-5.007666,-4.907666,-5.097666,-5.457666,-5.747666,-5.997666,-6.447666,-7.007666,-7.287666,-7.597666,-7.697666,-7.667666,-8.227666,-8.477666,-8.237666,-8.637666,-8.257666,-8.507666,-8.417666,-7.947666,-7.777666,-7.787666,-7.827666,-7.6176662,-7.497666,-7.767666,-7.8676662,-8.127666,-4.347666,-1.637666,-1.077666,-0.567666,0.28233397,0.15233399,-0.83766603,-0.77766603,0.352334
-4.877666,-4.227666,-3.317666,-2.447666,-2.007666,-1.597666,-1.267666,-1.007666,-1.007666,-1.267666,-1.887666,-2.467666,-2.887666,-2.957666,-3.377666,-3.437666,-4.067666,-3.977666,-3.687666,-4.307666,-4.907666,-5.277666,-5.177666,-4.827666,-4.697666,-4.817666,-5.1176662,-5.507666,-5.8676662,-6.057666,-6.397666,-6.817666,-7.297666,-7.527666,-7.597666,-8.277666,-8.627666,-8.647666,-8.787666,-8.347666,-8.427666,-8.407666,-7.897666,-7.627666,-7.727666,-7.677666,-7.637666,-7.217666,-7.187666,-7.317666,-7.167666,-1.077666,-0.28766602,-0.96766603,-0.807666,-0.24766602,-0.687666,-1.027666,-0.77766603,-0.34766603
-4.8676662,-4.727666,-4.397666,-3.787666,-3.177666,-2.467666,-2.297666,-1.947666,-1.127666,-0.797666,-0.877666,-1.2976661,-1.937666,-2.467666,-2.857666,-3.007666,-3.627666,-3.517666,-3.107666,-3.727666,-4.467666,-4.887666,-4.937666,-4.797666,-4.777666,-4.8676662,-5.017666,-5.277666,-5.607666,-5.847666,-6.217666,-6.587666,-7.017666,-7.327666,-7.487666,-8.097666,-8.247666,-8.357666,-8.797666,-8.457666,-8.317666,-8.327666,-7.997666,-7.727666,-7.827666,-7.637666,-7.597666,-7.087666,-6.967666,-6.817666,-4.537666,-1.287666,-0.597666,0.14233398,0.252334,-0.537666,-0.907666,-1.317666,-0.83766603,-0.58766603
-4.287666,-4.267666,-4.067666,-3.727666,-3.477666,-3.157666,-2.787666,-2.537666,-2.047666,-1.1776661,-0.83766603,-0.77766603,-1.007666,-1.717666,-2.2476661,-2.527666,-3.007666,-3.057666,-2.787666,-3.137666,-3.807666,-4.267666,-4.487666,-4.687666,-4.817666,-4.887666,-4.927666,-5.137666,-5.427666,-5.747666,-5.977666,-6.337666,-6.657666,-7.067666,-7.267666,-7.737666,-7.947666,-7.977666,-8.617666,-8.597666,-8.217666,-8.257666,-7.917666,-7.637666,-7.727666,-7.657666,-7.627666,-7.607666,-7.387666,-6.667666,-2.4976661,-0.457666,-0.627666,0.472334,0.422334,0.08233398,-0.337666,-0.71766603,-0.877666,-0.497666
-4.287666,-4.517666,-4.257666,-3.777666,-3.467666,-3.297666,-3.2476661,-3.257666,-3.107666,-2.347666,-1.437666,-0.907666,-0.427666,-0.547666,-1.317666,-1.767666,-2.257666,-2.477666,-2.367666,-2.7376661,-3.307666,-3.827666,-4.097666,-4.377666,-4.677666,-4.8676662,-4.997666,-5.087666,-5.207666,-5.477666,-5.657666,-6.097666,-6.487666,-6.877666,-7.137666,-7.547666,-7.827666,-7.827666,-8.297666,-8.497666,-8.017666,-8.007666,-7.717666,-7.507666,-7.787666,-7.6176662,-7.807666,-8.037666,-7.777666,-2.567666,0.12233398,0.802334,0.67233396,0.46233398,0.682334,0.31233397,-0.41766602,-0.44766602,-0.807666,-0.497666
-4.487666,-4.657666,-4.407666,-3.9976661,-3.927666,-3.857666,-3.617666,-3.547666,-3.717666,-3.667666,-3.067666,-1.617666,-0.40766603,0.34233397,-0.18766601,-0.857666,-1.257666,-1.777666,-1.837666,-2.2376661,-2.877666,-3.607666,-3.917666,-4.157666,-4.357666,-4.577666,-4.797666,-4.927666,-5.037666,-5.257666,-5.477666,-5.927666,-6.417666,-6.847666,-7.137666,-7.507666,-7.797666,-7.747666,-7.977666,-8.247666,-7.857666,-7.777666,-7.517666,-7.237666,-7.477666,-7.657666,-7.787666,-7.257666,-3.937666,-0.0076660155,0.352334,0.762334,0.16233398,0.92233396,1.392334,0.762334,-0.327666,-0.37766603,-0.0076660155,-0.0076660155
-4.427666,-4.517666,-4.347666,-3.907666,-3.787666,-4.097666,-4.207666,-4.087666,-4.227666,-4.247666,-4.477666,-3.4876661,-2.037666,0.34233397,0.482334,-0.15766601,-0.557666,-1.067666,-1.277666,-1.577666,-2.277666,-3.097666,-3.587666,-3.837666,-4.027666,-4.167666,-4.327666,-4.527666,-4.747666,-5.027666,-5.397666,-5.767666,-6.267666,-6.767666,-7.137666,-7.357666,-7.487666,-7.567666,-7.787666,-8.087666,-7.727666,-7.647666,-7.417666,-7.1176662,-7.237666,-8.047666,-6.987666,-3.317666,-1.187666,-0.267666,0.442334,0.97233397,1.3223339,1.912334,1.512334,0.66233397,-0.15766601,-0.21766602,0.022333985,-0.18766601
-4.627666,-4.477666,-4.287666,-3.9976661,-3.787666,-3.867666,-4.107666,-4.167666,-4.197666,-4.217666,-4.407666,-4.447666,-3.857666,-0.607666,0.53233397,-0.027666016,-0.23766601,-0.487666,-0.667666,-0.867666,-1.537666,-2.347666,-2.957666,-3.2476661,-3.517666,-3.7376661,-3.877666,-4.097666,-4.457666,-4.827666,-5.247666,-5.587666,-6.107666,-6.627666,-6.977666,-7.187666,-7.257666,-7.407666,-7.757666,-8.067666,-7.647666,-7.667666,-7.657666,-7.347666,-7.177666,-7.637666,-3.257666,-0.57766604,-1.227666,-0.677666,0.622334,1.102334,2.622334,2.682334,1.312334,0.18233399,-0.057666015,-0.077666014,0.08233398,0.20233399
-4.507666,-4.407666,-4.217666,-3.927666,-3.637666,-3.4976661,-3.477666,-3.527666,-3.537666,-3.637666,-3.807666,-4.007666,-4.277666,-2.067666,0.552334,0.27233398,0.14233398,-0.21766602,-0.64766604,-0.58766603,-0.82766604,-1.447666,-2.017666,-2.537666,-2.957666,-3.257666,-3.467666,-3.697666,-4.087666,-4.537666,-4.997666,-5.3676662,-5.897666,-6.427666,-6.717666,-6.967666,-7.077666,-7.337666,-7.647666,-7.997666,-7.507666,-7.527666,-7.547666,-7.397666,-7.077666,-5.637666,-1.127666,-0.637666,-0.23766601,0.17233399,1.172334,1.662334,3.212334,2.892334,1.9523339,0.412334,0.252334,-0.027666016,0.20233399,0.592334
-5.067666,-4.687666,-4.167666,-3.657666,-3.317666,-3.087666,-3.067666,-3.127666,-2.917666,-3.087666,-3.287666,-3.227666,-3.4876661,-2.647666,0.31233397,1.242334,0.832334,0.352334,-0.25766602,-0.34766603,-0.15766601,-0.457666,-0.947666,-1.817666,-2.527666,-2.917666,-3.197666,-3.437666,-3.757666,-4.167666,-4.627666,-5.067666,-5.627666,-6.147666,-6.407666,-6.627666,-6.807666,-7.227666,-7.347666,-7.877666,-7.317666,-7.337666,-7.447666,-7.357666,-7.307666,-5.347666,-0.06766602,0.43233398,0.33233398,0.36233398,0.39233398,1.112334,2.482334,1.862334,1.552334,0.512334,-0.0076660155,-0.337666,0.36233398,1.002334
-4.247666,-4.3676662,-4.607666,-4.687666,-4.157666,-3.337666,-2.947666,-2.857666,-2.547666,-2.437666,-2.797666,-2.837666,-2.967666,-3.037666,-0.677666,1.462334,1.522334,0.97233397,0.73233396,0.652334,0.612334,0.27233398,-0.13766602,-1.147666,-2.067666,-2.557666,-2.907666,-3.147666,-3.417666,-3.797666,-4.257666,-4.697666,-5.217666,-5.827666,-6.097666,-6.317666,-6.547666,-7.067666,-7.067666,-7.777666,-7.067666,-6.977666,-7.237666,-7.047666,-7.777666,-4.607666,0.67233396,0.442334,0.17233399,0.40233397,-0.18766601,1.402334,1.652334,2.602334,0.762334,0.472334,0.292334,0.67233396,1.152334,1.162334
-3.907666,-3.777666,-3.507666,-3.637666,-3.777666,-3.827666,-3.847666,-3.467666,-2.807666,-2.4876661,-2.527666,-2.567666,-2.587666,-2.867666,-1.457666,1.352334,1.962334,1.832334,1.6923339,1.522334,1.0723339,0.452334,0.19233398,-0.64766604,-1.587666,-2.147666,-2.557666,-2.7376661,-2.907666,-3.257666,-3.787666,-4.227666,-4.717666,-5.387666,-5.797666,-6.057666,-6.277666,-6.847666,-6.817666,-7.557666,-6.687666,-6.657666,-6.947666,-7.457666,-6.207666,-2.257666,-0.607666,0.042333983,0.12233398,-0.28766602,0.022333985,0.502334,0.262334,0.452334,0.382334,0.872334,1.212334,1.112334,0.622334,0.612334
-3.257666,-3.287666,-3.137666,-2.967666,-2.9876661,-2.977666,-2.957666,-3.147666,-3.367666,-3.4876661,-3.2376661,-3.047666,-2.687666,-2.677666,-2.087666,1.2023339,2.352334,2.332334,2.172334,1.842334,1.342334,1.012334,0.572334,-0.21766602,-1.017666,-1.587666,-2.097666,-2.367666,-2.437666,-2.7476661,-3.317666,-3.787666,-4.257666,-4.907666,-5.397666,-5.707666,-5.997666,-6.567666,-6.737666,-7.157666,-6.207666,-6.317666,-6.987666,-6.737666,-2.807666,-1.327666,-0.44766602,-0.737666,-0.37766603,-0.027666016,0.702334,0.072333984,-1.0476661,-0.89766604,0.60233396,0.892334,0.562334,1.152334,1.182334,1.8223339
-2.4976661,-2.587666,-2.477666,-2.347666,-2.2376661,-2.307666,-2.577666,-2.697666,-2.407666,-2.437666,-2.847666,-3.267666,-3.377666,-2.837666,-3.087666,0.802334,3.212334,3.422334,2.852334,2.232334,1.722334,1.652334,1.222334,0.262334,-0.277666,-0.857666,-1.487666,-1.957666,-2.137666,-2.367666,-2.847666,-3.317666,-3.817666,-4.407666,-4.967666,-5.347666,-5.677666,-6.227666,-6.557666,-6.607666,-5.6176662,-5.807666,-6.407666,-2.877666,-1.487666,-0.807666,-0.747666,0.22233398,0.992334,0.262334,2.072334,2.582334,2.092334,0.842334,0.502334,0.22233398,0.872334,1.392334,1.4523339,0.882334
-2.617666,-2.347666,-2.017666,-1.767666,-1.527666,-1.537666,-1.867666,-2.307666,-2.527666,-2.567666,-2.447666,-2.327666,-2.627666,-2.667666,-3.2476661,-1.607666,2.932334,3.7623339,3.302334,2.602334,2.222334,2.272334,1.8223339,0.992334,0.39233398,-0.14766602,-0.83766603,-1.437666,-1.777666,-2.047666,-2.467666,-2.877666,-3.397666,-3.947666,-4.507666,-4.977666,-5.387666,-5.837666,-6.327666,-6.297666,-4.957666,-4.987666,-4.927666,-1.707666,-1.017666,-0.537666,0.0023339845,0.46233398,0.582334,0.872334,1.352334,1.132334,1.232334,1.272334,1.332334,0.952334,0.942334,0.66233397,0.21233398,-0.107666016
-3.677666,-2.847666,-2.287666,-1.817666,-1.517666,-1.157666,-1.107666,-1.377666,-1.727666,-1.937666,-2.077666,-2.217666,-2.327666,-2.527666,-2.547666,-2.967666,0.17233399,2.892334,3.242334,3.102334,2.812334,2.842334,2.5123339,1.802334,1.122334,0.49233398,-0.16766602,-0.857666,-1.397666,-1.717666,-2.077666,-2.427666,-2.927666,-3.417666,-3.917666,-4.457666,-5.007666,-5.437666,-5.947666,-6.097666,-4.407666,-4.267666,-4.357666,-2.977666,-1.027666,-0.22766602,0.15233399,-0.267666,-0.51766604,0.752334,0.772334,0.28233397,0.562334,1.232334,0.92233396,2.0123339,1.532334,1.242334,0.97233397,0.812334
-5.597666,-4.187666,-3.377666,-2.597666,-1.867666,-1.167666,-0.867666,-0.937666,-1.137666,-1.337666,-1.507666,-1.717666,-1.977666,-2.167666,-1.887666,-2.467666,-1.227666,2.472334,3.442334,3.032334,2.492334,2.602334,2.392334,1.9423339,1.612334,1.042334,0.34233397,-0.24766602,-0.787666,-1.197666,-1.537666,-1.857666,-2.367666,-2.817666,-3.347666,-3.9876661,-4.647666,-5.057666,-5.6176662,-5.707666,-4.547666,-3.7376661,-3.977666,-3.887666,-0.977666,0.0123339845,-0.09766602,0.23233399,-0.64766604,-0.337666,0.91233397,0.442334,0.422334,0.36233398,0.042333983,1.052334,0.862334,0.832334,0.552334,-0.64766604
-7.907666,-6.547666,-4.947666,-3.557666,-2.477666,-1.5576661,-0.797666,-0.43766603,-0.337666,-0.51766604,-0.77766603,-1.0476661,-1.497666,-1.787666,-1.937666,-1.937666,-2.147666,0.0023339845,3.0123339,3.692334,3.272334,2.892334,2.392334,1.992334,1.982334,1.622334,0.91233397,0.23233399,-0.16766602,-0.52766603,-1.007666,-1.357666,-1.847666,-2.387666,-2.957666,-3.587666,-4.287666,-4.677666,-5.167666,-5.097666,-4.917666,-3.517666,-3.627666,-3.427666,-0.727666,-0.22766602,0.772334,0.292334,0.702334,0.952334,1.232334,0.742334,1.212334,0.73233396,0.582334,0.472334,0.622334,0.49233398,0.49233398,0.482334
-10.307666,-9.757666,-8.457666,-6.437666,-4.437666,-2.977666,-2.217666,-1.207666,-0.15766601,0.09233399,-0.047666017,-0.31766602,-0.77766603,-1.517666,-2.257666,-2.007666,-2.147666,-1.967666,2.172334,4.052334,3.842334,3.602334,3.232334,2.972334,2.812334,2.242334,1.392334,0.572334,0.11233398,-0.11766601,-0.47766602,-0.77766603,-1.1776661,-1.957666,-2.657666,-3.167666,-3.777666,-4.227666,-4.737666,-4.647666,-4.897666,-3.837666,-3.407666,-3.267666,-0.337666,0.042333983,1.0723339,1.042334,1.162334,1.792334,1.9523339,2.0123339,1.132334,1.112334,1.722334,3.432334,2.562334,2.0123339,1.802334,1.582334
-9.277666,-9.357666,-9.547666,-9.147666,-7.417666,-5.297666,-3.407666,-1.907666,-1.077666,-0.627666,-0.19766602,-0.23766601,-0.34766603,-0.82766604,-1.527666,-1.947666,-1.907666,-1.8076661,1.842334,4.312334,4.222334,3.772334,3.302334,3.332334,3.472334,3.182334,2.342334,1.432334,0.772334,0.39233398,0.08233398,-0.25766602,-0.617666,-1.247666,-1.997666,-2.607666,-3.087666,-3.597666,-4.147666,-4.287666,-4.387666,-4.197666,-3.327666,-2.097666,0.612334,0.22233398,0.36233398,1.102334,0.34233397,0.19233398,0.11233398,1.2023339,1.222334,2.132334,1.242334,1.832334,3.702334,3.562334,4.042334,1.962334
-8.547666,-8.747666,-8.417666,-8.457666,-8.557666,-7.817666,-5.647666,-3.967666,-1.9276661,-0.667666,-0.13766602,0.052333985,-0.08766601,0.032333985,-0.027666016,-0.77766603,-1.327666,-1.917666,0.752334,3.982334,4.472334,4.052334,3.5023339,3.682334,4.042334,3.882334,3.302334,2.482334,1.722334,1.232334,0.812334,0.30233398,-0.16766602,-0.667666,-1.317666,-1.9276661,-2.407666,-2.917666,-3.537666,-3.957666,-3.867666,-3.947666,-3.757666,-1.5576661,1.162334,1.112334,-0.077666014,0.39233398,0.632334,-0.567666,-0.877666,1.002334,-0.037666015,0.422334,-0.427666,0.17233399,0.97233397,1.892334,3.472334,2.632334
-8.227666,-8.187666,-8.097666,-7.857666,-7.897666,-8.237666,-7.447666,-5.537666,-3.2476661,-2.007666,-0.21766602,0.46233398,0.632334,0.46233398,0.632334,-0.037666015,-0.35766602,-0.817666,-0.627666,2.932334,4.652334,4.562334,4.012334,3.942334,4.232334,4.392334,4.112334,3.312334,2.492334,1.912334,1.472334,0.942334,0.412334,-0.047666017,-0.607666,-1.247666,-1.777666,-2.217666,-2.7476661,-3.257666,-3.337666,-3.4976661,-2.867666,-0.34766603,1.0723339,0.872334,2.0023339,0.762334,0.31233397,-0.847666,-0.337666,0.28233397,1.102334,0.292334,0.72233397,0.862334,0.36233398,-0.017666016,0.022333985,1.002334
-7.687666,-7.547666,-7.527666,-7.517666,-7.377666,-7.687666,-7.687666,-6.877666,-5.317666,-3.627666,-1.277666,-0.077666014,0.422334,0.692334,0.592334,0.17233399,-0.557666,-0.71766603,-1.197666,1.382334,4.412334,4.592334,4.502334,4.252334,4.142334,4.572334,4.462334,3.802334,3.022334,2.362334,1.892334,1.392334,0.832334,0.322334,-0.11766601,-0.627666,-1.257666,-1.7976661,-2.317666,-2.847666,-2.807666,-2.917666,-1.937666,1.062334,0.292334,0.072333984,-0.307666,-0.397666,-0.537666,-0.687666,0.23233399,0.09233399,1.032334,0.27233398,0.382334,1.032334,0.66233397,0.28233397,0.632334,3.082334
-8.587666,-7.737666,-7.227666,-6.8676662,-6.727666,-6.817666,-6.857666,-6.717666,-6.237666,-4.887666,-2.767666,-1.397666,-0.17766601,0.752334,0.822334,1.032334,0.472334,-0.297666,-0.537666,1.122334,3.932334,4.712334,5.1323338,4.962334,4.522334,5.002334,5.022334,4.292334,3.452334,2.7623339,2.272334,1.812334,1.302334,0.752334,0.292334,-0.16766602,-0.807666,-1.527666,-1.877666,-2.297666,-2.147666,-2.107666,-0.487666,1.032334,0.73233396,0.36233398,0.60233396,0.352334,-0.41766602,-0.34766603,0.742334,0.46233398,0.322334,1.632334,0.862334,0.91233397,1.492334,0.502334,0.54233396,-0.35766602
