UV_10m_small_gfs.t12z.pgrb2.0p25.f003.json
{"header": { "discipline":0, "disciplineName":"Meteorological products", "gribEdition":2, "gribLength":17311, "center":7, "centerName":"US National Weather Service - NCEP(WMC)", "subcenter":0, "refTime":"2023-03-21T12:00:00.000Z", "significanceOfRT":1, "significanceOfRTName":"Start of forecast", "productStatus":0, "productStatusName":"Operational products", "productType":1, "productTypeName":"Forecast products", "productDefinitionTemplate":0, "productDefinitionTemplateName":"Analysis/forecast at horizontal level/layer at a point in time", "parameterCategory":2, "parameterCategoryName":"Momentum", "parameterNumber":2, "parameterNumberName":"U-component_of_wind", "parameterUnit":"m.s-1", "genProcessType":2, "genProcessTypeName":"Forecast", "forecastTime":3, "surface1Type":103, "surface1TypeName":"Specified height level above ground", "surface1Value":10.0, "surface2Type":255, "surface2TypeName":"Missing", "surface2Value":0.0, "gridDefinitionTemplate":0, "gridDefinitionTemplateName":"Latitude_Longitude", "numberPoints":11421, "shape":6, "shapeName":"Earth spherical with radius of 6,371,229.0 m", "gridUnits":"degrees", "resolution":48, "winds":"true", "scanMode":64, "nx":141, "ny":81, "basicAngle":0, "lo1":210.0, "la1":30.0, "lo2":245.0, "la2":50.0, "dx":0.25, "dy":0.25 }, "data":
[rows 25 to 49 of 81, columns 58 to 115 of 141]
11.050745,10.000745,9.290745,9.730744,9.940744,9.260745,9.120745,9.020744,8.630745,7.8007445,5.9207444,4.4707446,5.4307446,6.3407445,5.730745,4.5107446,4.3607445,5.1607447,5.1107445,5.0707445,5.540745,5.4107447,4.730745,4.560745,5.270745,5.6607447,5.3007445,5.1707444,5.9407444,6.8507447,7.4207444,7.8407445,7.980745,9.780745,13.240745,13.060744,11.540745,7.5707445,4.5807447,5.0307446,8.260745,7.6507444,9.090745,13.300745,10.920745,0.5407446,-0.49925536,-0.93925536,-4.9192553,-8.629255,-15.539255,-18.479256,-17.499256,-15.469255,-11.349256,-4.249255,-3.7192554,-3.3492553
10.220745,9.0707445,8.710745,9.140744,9.560744,9.540745,9.190744,8.860744,8.520744,8.250745,7.790745,5.5907445,6.3507447,6.8007445,5.6207447,4.8907447,5.2207446,5.290745,5.0107446,5.4107447,5.810745,5.8907447,5.2807446,5.0707445,5.6907444,6.1407447,5.460745,5.0707445,5.7607446,6.4507446,6.8807445,7.6407447,7.8807445,10.500745,9.390744,5.6807446,2.2107446,2.8607447,3.9207447,4.0307446,5.060745,5.0307446,6.6807446,8.020744,-5.1792555,-14.639256,-16.229256,-13.969255,-12.049255,-14.669255,-16.839256,-16.239256,-13.009255,-9.419255,-4.7592554,-4.8992553,-6.4192553,-3.7892554
8.830745,8.360744,8.3207445,8.880745,9.510745,9.870745,9.100744,8.880745,8.850744,8.410745,7.7807446,6.6307445,6.6207447,6.3607445,5.8807445,5.3907447,5.710745,5.4707446,5.6807446,6.2407446,6.5107446,6.2407446,5.8207445,5.6307445,6.0107446,6.5107446,6.3007445,6.5707445,7.1207447,7.0307446,6.8207445,7.8207445,7.5807447,6.6807446,-1.8492553,-2.2592554,-0.7692554,1.2507446,2.6407447,2.1907446,2.6207447,3.1407447,4.230745,1.2307446,-5.5092554,-13.169255,-17.059256,-17.499256,-14.789255,-15.019256,-16.659256,-16.549255,-16.329256,-15.029255,-13.069256,-5.4292555,-3.4992554,-4.0892553
7.9007444,8.060744,8.160745,8.780745,9.460745,9.780745,9.240745,8.900744,9.040745,8.660745,8.360744,7.3207445,7.1107445,6.810745,6.6707444,6.3407445,6.4207444,6.4007444,6.5907445,6.8407445,6.9007444,6.4007444,6.2007446,6.4407444,6.520745,7.3707447,7.7207446,7.6407447,8.000745,7.6807446,6.9507446,7.9907446,7.1207447,8.520744,3.1607447,2.7407446,1.6107446,1.8107446,1.7607446,-0.22925538,1.6407447,1.4207447,0.10074463,-3.3692553,-7.8592553,-10.119255,-13.409255,-14.469255,-13.509255,-11.839255,-13.489255,-14.329255,-14.069256,-10.399256,-7.5892553,-5.6992555,-5.7192554,-5.0592556
7.2207446,7.7607446,8.160745,8.530745,9.160745,9.460745,9.330745,9.200745,9.360744,9.200745,8.8207445,8.230744,7.4007444,6.8407445,7.0307446,6.7007446,6.5707445,7.1007447,7.1607447,6.8607445,7.0307446,7.040745,7.1307445,7.290745,7.8507447,8.200745,8.080745,7.9307446,8.330745,8.560744,8.060744,7.3307447,8.100744,5.2807446,-0.9792554,0.6007446,-1.3992554,-1.3692554,-1.7992554,-2.1792555,-0.49925536,-1.3992554,-0.82925534,-3.8192554,-11.539255,-11.439256,-10.549255,-11.229256,-12.259255,-11.259255,-10.889256,-10.399256,-9.129255,-4.3092556,-3.2692554,-3.4092553,-4.8392553,-4.1592555
7.460745,8.000745,8.370745,8.650744,9.020744,9.330745,9.430744,9.440744,9.590745,9.720745,9.400744,8.780745,7.8507447,7.310745,7.460745,7.310745,7.060745,7.0807447,7.1507444,7.1207447,7.8007445,7.8307447,7.9507446,8.400744,8.830745,7.540745,7.7207446,8.220745,8.730744,9.160745,7.9907446,4.1307445,1.9907446,-4.6192555,-7.0692554,-7.769255,-7.3192554,-6.939255,-7.5692554,-5.3092556,-4.269255,-1.6792554,-5.1392555,-11.729256,-12.119255,-12.209255,-11.529255,-10.459255,-9.109256,-9.969255,-10.519256,-9.879255,-6.8592553,-3.6592553,-1.7392554,-2.9592555,-4.1392555,-4.3592553
7.9407444,8.470745,8.750745,8.950745,9.250745,9.550745,9.510745,9.500745,9.670745,9.840745,9.770744,9.350744,8.460745,7.7807446,7.750745,7.7607446,7.3807445,7.1507444,7.270745,7.770745,8.790745,8.620745,8.370745,9.050745,8.680744,7.4507446,7.1807446,6.7207446,6.560745,6.460745,3.9707446,-0.9092554,-4.5592556,-5.7392554,-6.1592555,-7.6792555,-7.5292554,-6.6092553,-6.3292556,-6.3792553,-7.6792555,-8.919255,-8.689256,-10.959255,-11.019256,-10.309256,-9.909255,-8.959255,-7.6692553,-8.819256,-10.439256,-10.489255,-7.979255,-7.039255,-4.479255,-2.9992554,-4.3392553,-3.8492553
8.430744,8.960745,9.230744,9.460745,9.830745,10.010745,9.710745,9.460745,9.830745,10.0707445,9.710745,9.3207445,8.730744,7.750745,7.4507446,7.520745,7.3007445,7.3007445,8.090745,9.080745,9.150744,8.880745,8.890744,9.240745,8.0707445,8.020744,8.350744,8.130745,8.270744,5.3607445,-0.6692554,-3.2792554,-5.5692554,-5.6492553,-4.6692553,-6.979255,-8.559256,-8.319256,-7.6492553,-6.709255,-6.7192554,-7.1292553,-6.5992556,-7.4292555,-8.219255,-7.709255,-7.999255,-8.189256,-7.6992555,-8.439256,-8.949255,-6.4192553,-7.189255,-5.479255,-2.7392554,-1.9592553,-0.9092554,-1.8892554
8.670745,9.220745,9.610744,9.800745,10.030745,10.130745,9.850744,9.610744,9.810744,9.930744,9.510745,9.050745,8.230744,7.4507446,7.3907447,7.2007446,7.4507446,8.170745,9.190744,9.270744,8.100744,8.730744,9.400744,8.940744,8.620745,9.090745,9.030745,8.720745,7.9107447,-0.22925538,-5.0692554,-5.769255,-4.7792554,-4.6692553,-6.1692553,-7.0792556,-7.999255,-8.469255,-8.289255,-7.6492553,-6.3692555,-5.6192555,-5.4292555,-5.979255,-7.0092554,-6.6592555,-4.9692554,-4.5592556,-4.459255,-4.939255,-3.6192553,-2.8392553,-2.3192554,-2.6592553,-3.1792555,-2.3392553,-2.0792553,-2.7892554
8.900744,9.260745,9.720745,10.030745,10.090745,10.260745,10.020744,9.730744,9.590745,9.430744,9.080745,8.810744,7.770745,7.1507444,7.1407447,7.2207446,8.160745,8.740745,8.790745,8.080745,8.100744,8.900744,9.720745,10.160745,10.420745,9.650744,8.840745,9.160745,2.2207446,-4.5092554,-6.5792556,-5.709255,-4.6692553,-5.979255,-7.8592553,-7.959255,-8.359256,-8.489255,-8.319256,-7.8192554,-6.2392554,-4.6692553,-4.6092553,-5.0792556,-5.6492553,-5.5892553,-3.0692554,-1.0592554,-0.32925537,-0.74925536,-0.42925537,-1.0592554,-2.2092555,-1.6092553,-0.5892554,-1.7992554,-1.7592554,-1.1692554
9.630745,9.760745,9.940744,10.290745,10.560744,10.630745,10.440744,10.170745,9.690744,9.3207445,9.210745,8.600744,7.9007444,7.270745,6.8207445,7.310745,8.420745,8.000745,7.750745,8.290745,8.610744,9.290745,9.850744,9.920745,9.050745,8.460745,8.060744,2.6307447,-4.249255,-6.1692553,-7.039255,-6.519255,-7.0592556,-7.8592553,-8.299255,-8.259255,-8.269256,-8.459255,-8.259255,-7.3292556,-5.4692554,-3.6192553,-4.0092554,-4.6392555,-4.5692554,-4.769255,-3.2092555,0.50074464,0.6607446,0.18074463,-0.5992554,-3.1792555,-3.4492555,-2.1492553,1.2807447,0.3407446,-0.61925536,-0.5192554
8.260745,8.800745,9.220745,9.400744,9.680744,9.900744,10.040745,10.010745,9.810744,9.470745,9.390744,8.540745,8.110744,7.1907444,6.2607446,7.2807446,7.6607447,6.8607445,7.6007447,8.190744,8.550745,8.610744,6.8507447,5.9507446,6.000745,2.3507447,-3.3892553,-6.479255,-6.1092553,-7.1792555,-8.549255,-7.9292555,-7.5992556,-7.789255,-7.8092556,-7.2392554,-7.5892553,-8.689256,-8.209255,-6.1092553,-4.0692554,-2.5392554,-3.5192554,-4.8492556,-5.2392554,-5.6592555,-3.5992553,0.16074462,1.3807446,0.7907446,-1.3492553,-4.5292554,-3.6292553,0.81074464,2.7807446,1.4307446,-0.12925537,-1.2492554
4.2207446,5.0107446,6.4007444,7.6107445,8.690744,8.930744,8.470745,8.120745,7.960745,7.6007447,7.4907446,7.0807447,6.980745,5.7807446,5.6407447,6.4407444,5.8607445,6.2407446,7.3907447,7.4207444,7.2807446,3.5307446,-0.22925538,-1.1292554,-6.959255,-7.6592555,-7.0992556,-7.8092556,-9.019256,-10.129255,-8.769256,-7.749255,-8.159255,-8.369255,-6.9892554,-5.999255,-6.939255,-8.239255,-7.6092553,-5.1592555,-3.9692554,-3.7292554,-4.2392554,-4.5992556,-4.1192555,-2.4192553,0.18074463,1.1507447,1.4707446,0.81074464,-0.30925536,-2.3592553,-1.7692554,0.0107446285,1.3807446,0.75074464,-0.94925535,-2.0692554
2.7407446,3.4307446,4.730745,6.2407446,7.3907447,8.250745,7.790745,6.6107445,5.6807446,5.0807447,4.6707444,4.0107446,3.7107446,3.5107446,4.1607447,4.1907444,4.6507444,5.9007444,6.230745,5.020745,0.94074464,-3.3192554,-0.8592554,-2.9892554,-8.419255,-10.159255,-10.559256,-10.749255,-10.739255,-10.349256,-8.999255,-7.479255,-8.899256,-8.519256,-7.4892554,-7.6392555,-7.3392553,-6.9492555,-6.3292556,-5.6592555,-5.709255,-5.0692554,-3.5892553,-1.6092553,0.46074462,2.8707447,3.8707447,2.2907445,0.8407446,-0.30925536,-1.7792554,-2.1392553,0.7107446,0.04074463,1.1007446,-0.28925538,-1.9492553,-2.9592555
3.2407446,3.2507446,3.2507446,3.5907447,3.7507446,4.040745,3.8407447,3.3207445,3.0907447,3.5607445,4.0107446,3.0107446,1.0207447,1.4507446,2.2707446,2.8507447,4.1707444,4.2207446,2.3207445,-2.9892554,-2.7392554,-2.5092554,-2.6892555,-7.0992556,-9.289255,-9.519256,-9.839255,-10.309256,-10.039255,-9.729256,-9.129255,-7.8692555,-8.499255,-7.8892555,-7.6492553,-7.1592555,-6.499255,-6.0092554,-6.5792556,-6.9892554,-6.2192554,-3.4792554,-0.48925537,1.1207446,2.4907446,5.2807446,4.1707444,0.33074462,-0.10925537,-0.67925537,-2.2092555,-1.6592554,1.4907446,1.8807446,1.8107446,-1.3992554,-3.8892553,-4.459255
2.3007445,1.3207446,0.61074466,-0.059255373,-0.48925537,-0.7792554,-1.3192554,-0.81925535,0.49074462,1.6407447,1.9107447,0.6507446,-0.41925538,0.46074462,1.4007447,2.2307446,2.4407446,1.0607446,-3.8892553,-4.749255,-3.2892554,-3.9692554,-4.7192554,-5.5792556,-6.9292555,-8.549255,-9.849256,-9.879255,-8.849256,-8.309256,-8.829255,-8.629255,-8.069256,-7.4892554,-7.289255,-6.5492554,-5.6792555,-4.709255,-4.229255,-5.8992553,-5.6692553,-2.8792553,-0.24925537,0.55074465,0.6507446,1.7807447,0.35074463,-0.10925537,-0.7992554,-1.3692554,-2.6992555,-0.57925534,1.9407446,2.1707447,0.17074463,-2.9592555,-3.5392554,-2.0992553
-0.62925535,-1.7992554,-1.9292554,-2.8892553,-3.2592554,-3.3692553,-3.2392554,-2.3592553,-1.2292553,-0.41925538,-0.28925538,-0.7292554,-1.1092553,-0.61925536,0.6507446,0.75074464,-0.009255371,0.50074464,-0.8492554,-4.8292556,-7.0992556,-6.479255,-5.6992555,-6.3692555,-7.3792553,-9.379255,-10.189256,-10.169255,-9.329255,-8.419255,-8.939256,-8.219255,-7.229255,-6.9892554,-6.5992556,-5.979255,-4.959255,-4.3592553,-3.0492554,-2.7892554,-3.1692553,-2.7392554,-1.3592553,-0.7692554,-1.8992554,-1.6692554,-0.019255372,-0.36925536,-1.6992553,-1.5592554,-2.1992555,1.0407447,0.29074463,0.9007446,-0.6592554,-4.9092555,-4.229255,-1.2292553
-2.4892554,-2.1192553,-2.8292553,-4.2792554,-4.1692553,-3.6392553,-3.0292554,-2.5992553,-2.0892553,-1.7392554,-1.6392554,-2.0892553,-2.1492553,-1.0092554,-0.50925535,-0.94925535,-0.88925534,-0.81925535,-5.5092554,-6.979255,-7.4292555,-7.1492553,-6.6792555,-8.409255,-10.019256,-9.689256,-10.249255,-10.449255,-9.899256,-9.169255,-8.809256,-7.9192553,-6.1392555,-6.4692554,-5.8392553,-5.3092556,-4.1592555,-3.6692553,-3.1792555,-2.5592554,-1.8592553,-1.3192554,-1.1992553,-1.4792553,-2.2592554,-1.5692554,-0.44925538,-1.8492553,-1.8592553,-1.0292554,-0.98925537,0.57074463,0.0107446285,-0.19925538,-2.3192554,-5.0092554,-3.0892553,-1.8892554
-1.6892554,-1.7992554,-2.9492555,-3.8992553,-3.8592553,-3.5792553,-3.1392553,-2.8492553,-2.7492554,-2.5092554,-2.5492554,-2.5692554,-2.0692554,-1.5392554,-1.3792554,-1.8392553,-2.0592554,-4.1392555,-7.2792554,-7.209255,-7.1192555,-7.209255,-7.7792554,-9.559256,-9.209255,-8.799255,-9.169255,-9.479256,-9.259255,-8.209255,-7.6992555,-7.4292555,-6.5492554,-5.9892554,-5.1492553,-4.4292555,-3.8392553,-3.1892555,-2.6092553,-1.3392553,-0.4092554,-0.9192554,-1.2392554,-1.5092554,-2.2092555,-1.8692554,-1.5092554,-2.2392554,-1.2392554,-1.0792553,-1.2892554,-0.74925536,1.3307446,-0.46925536,-3.0892553,-4.2992554,-1.8892554,-2.6792555
-2.6892555,-2.9892554,-3.0892553,-2.9092553,-2.5492554,-2.0892553,-2.1092553,-2.6892555,-2.8092554,-2.5292554,-2.3392553,-2.2892554,-2.5092554,-2.3092554,-2.0792553,-2.6692553,-3.4892554,-4.8092556,-6.249255,-7.439255,-8.609256,-9.109256,-9.109256,-9.699255,-9.989255,-9.599256,-8.699255,-8.1792555,-8.329255,-7.999255,-7.0492554,-6.5492554,-6.2392554,-5.9192553,-5.0492554,-4.289255,-3.7892554,-3.0092554,-2.0592554,-0.73925537,0.44074464,7.446289E-4,-0.74925536,-1.2992554,-2.1192553,-2.4692554,-2.4092553,-1.8392553,-2.0692554,-1.9092554,-1.9992554,0.9107446,0.17074463,-1.3192554,-2.6792555,-2.5492554,-0.49925536,-1.5592554
-3.3192554,-3.6492553,-3.5992553,-3.4992554,-2.9592555,-1.9392554,-1.8492553,-3.0892553,-3.4992554,-2.9792554,-2.8192554,-3.1092553,-2.9292555,-2.5992553,-2.6392553,-3.1092553,-3.7992554,-5.0692554,-6.439255,-7.8092556,-8.379255,-8.159255,-8.349256,-8.879255,-9.259255,-9.139256,-8.359256,-7.0492554,-6.8592553,-7.6692553,-7.1392555,-6.1392555,-5.5892553,-5.5892553,-5.1792555,-4.0992556,-3.0892553,-2.3792553,-1.5792553,-0.7192554,-0.31925538,-0.5492554,-0.68925536,-0.6492554,-1.8392553,-2.7792554,-2.7192554,-2.0292554,-2.2192554,-2.1192553,-2.7592554,-1.1392554,-1.1392554,-0.7692554,-1.8292553,-1.5092554,-0.9192554,-1.3292553
-3.7292554,-4.1492553,-4.1192555,-4.1192555,-4.249255,-4.789255,-6.2592554,-7.1192555,-5.8892555,-4.6092553,-3.9892554,-3.5292554,-3.0592554,-2.8092554,-3.0992553,-3.7392554,-4.769255,-7.039255,-8.229256,-8.009255,-8.079255,-8.249255,-8.149256,-8.079255,-8.389256,-8.459255,-8.149256,-7.1492553,-6.0492554,-6.479255,-6.7992554,-6.1692553,-5.5692554,-5.0092554,-4.6492553,-3.8992553,-2.9092553,-2.3492553,-2.0792553,-1.4292554,-0.7192554,-0.8392554,-1.1292554,-0.09925537,-0.31925538,-2.5392554,-2.7692554,-3.0392554,-1.1192554,-3.0192554,-1.1692554,-0.8992554,-0.23925537,-2.6892555,-0.62925535,-1.7592554,-0.80925536,-2.0492554
-3.5492554,-4.039255,-4.3692555,-4.5292554,-5.0792556,-6.0092554,-7.289255,-7.5292554,-6.269255,-5.0992556,-4.689255,-4.9292555,-5.6792555,-6.5692554,-7.039255,-7.2992554,-8.049255,-7.789255,-7.0792556,-7.3192554,-7.439255,-7.4892554,-7.5892553,-7.3792553,-7.249255,-7.3592553,-7.5292554,-7.1592555,-6.0792556,-5.8592553,-6.1492553,-5.939255,-5.3292556,-4.5992556,-4.0092554,-3.9092553,-3.5592554,-2.8992553,-2.5292554,-2.1892555,-1.4092554,-0.94925535,-1.0092554,-0.5492554,-0.8392554,-2.2292554,-2.4992554,-3.0292554,-0.21925537,-2.1092553,-1.3092554,-1.1292554,0.15074463,-3.6892555,-0.99925536,-1.2992554,-1.4392554,-1.0092554
-4.019255,-3.6992555,-4.0492554,-4.8792553,-5.289255,-5.9092555,-6.479255,-6.749255,-6.9192553,-7.3192554,-7.6192555,-7.3992553,-6.6292553,-6.0792556,-6.1492553,-7.5992556,-8.439256,-7.7192554,-7.019255,-6.8292556,-6.8392553,-6.9092555,-6.6492553,-6.2792554,-6.4192553,-6.789255,-6.9492555,-6.8892555,-6.459255,-6.1492553,-5.789255,-5.3892555,-4.9692554,-4.539255,-4.0292554,-3.6992555,-3.6792555,-3.6092553,-3.4692554,-3.1792555,-2.1492553,-1.1792554,-1.2092553,-1.3692554,-1.9292554,-2.9992554,-3.4192553,-1.8292553,-2.3992553,-0.93925536,-2.3492553,-1.2492554,-1.1592554,-3.5592554,-1.2392554,-0.8492554,-0.46925536,-0.6092554
-4.209255,-4.0492554,-3.9092553,-4.3392553,-5.1192555,-5.6992555,-5.9492555,-6.1292553,-6.439255,-6.8192554,-7.0492554,-6.8592553,-6.6192555,-6.3192554,-6.3092556,-6.8592553,-6.9492555,-7.0592556,-7.0492554,-6.5592556,-6.249255,-5.8692555,-5.6492553,-5.6492553,-6.0092554,-6.3392553,-6.4092555,-6.3292556,-6.0692554,-5.8092556,-5.6592555,-5.2592554,-4.689255,-4.2392554,-3.9892554,-3.9492555,-3.9492555,-4.0692554,-4.2192554,-3.7192554,-2.7092555,-2.0092554,-1.8292553,-1.7292553,-2.0492554,-2.6992555,-2.5792553,-1.5892553,-0.98925537,-1.1292554,-0.019255372,-1.8592553,-2.6592553,-2.4192553,-0.14925537,-0.03925537,-0.9092554,-0.9092554
