UV_10m_small_gfs.t12z.pgrb2.0p25.f033.json
{"header": { "discipline":0, "disciplineName":"Meteorological products", "gribEdition":2, "gribLength":17311, "center":7, "centerName":"US National Weather Service - NCEP(WMC)", "subcenter":0, "refTime":"2023-03-21T12:00:00.000Z", "significanceOfRT":1, "significanceOfRTName":"Start of forecast", "productStatus":0, "productStatusName":"Operational products", "productType":1, "productTypeName":"Forecast products", "productDefinitionTemplate":0, "productDefinitionTemplateName":"Analysis/forecast at horizontal level/layer at a point in time", "parameterCategory":2, "parameterCategoryName":"Momentum", "parameterNumber":3, "parameterNumberName":"V-component_of_wind", "parameterUnit":"m.s-1", "genProcessType":2, "genProcessTypeName":"Forecast", "forecastTime":33, "surface1Type":103, "surface1TypeName":"Specified height level above ground", "surface1Value":10.0, "surface2Type":255, "surface2TypeName":"Missing", "surface2Value":0.0, "gridDefinitionTemplate":0, "gridDefinitionTemplateName":"Latitude_Longitude", "numberPoints":11421, "shape":6, "shapeName":"Earth spherical with radius of 6,371,229.0 m", "gridUnits":"degrees", "resolution":48, "winds":"true", "scanMode":64, "nx":141, "ny":81, "basicAngle":0, "lo1":210.0, "la1":30.0, "lo2":245.0, "la2":50.0, "dx":0.25, "dy":0.25 }, "data":
[rows 0 to 24 of 81, columns 0 to 56 of 141]
2.5930614,2.1630616,1.6630615,1.2630615,1.1430615,0.8230615,0.8830615,1.0430615,0.9730615,0.74306154,0.37306154,-0.13693848,-0.36693847,-0.33693847,-0.29693848,-0.43693846,-0.7169385,-0.8369385,-0.81693846,-1.0569385,-1.4869385,-1.7469385,-2.0669384,-2.1569386,-2.1369386,-2.1469386,-2.1069384,-2.6969385,-3.4569385,-3.2169385,-3.5769384,-3.5169384,-3.4569385,-3.4269385,-3.2269385,-3.1769385,-3.6269386,-3.4769385,-3.9769385,-3.0769384,-2.9769385,-3.0769384,-4.1069384,-5.0469384,-3.7469385,-4.0569386,-4.6069384,-4.7069383,-4.2969384,-4.5069385,-4.9669385,-5.0969386,-5.3269386,-5.2469387,-5.3169384,-5.5069385,-5.9069386
2.3130615,2.2530615,1.7830615,1.7130616,1.5830616,1.4430615,1.4830616,1.3330616,0.93306154,0.74306154,0.67306155,0.5930615,0.29306152,0.34306154,0.48306152,0.28306153,-0.22693847,-0.6669385,-1.2569385,-1.4669385,-1.5369384,-1.8669385,-2.0269384,-2.2869384,-2.6369386,-2.5969384,-2.6169386,-2.8669386,-3.4869385,-3.9569385,-2.9969385,-3.4169385,-3.0069385,-3.0469384,-3.7869384,-3.9269385,-3.3869386,-3.7069385,-3.7869384,-3.6869385,-3.8069384,-4.1669383,-5.5669384,-4.1969385,-3.7369385,-4.6469383,-4.2969384,-4.5169387,-4.5369387,-4.8369384,-5.0369387,-5.4869385,-5.4269385,-5.2769384,-5.3269386,-5.6369386,-5.9769382
1.9530616,1.8930615,1.8130615,1.6430615,1.6830615,1.7630615,1.5730615,1.2730615,1.0630615,1.0530615,1.0930616,1.0630615,0.8230615,0.61306155,0.5130615,0.8830615,0.4630615,-0.27693847,-0.9569385,-1.5369384,-1.8369385,-1.8469385,-1.8469385,-1.8769385,-2.2569385,-2.9369385,-3.0169384,-3.1569386,-3.0469384,-3.4069386,-3.4069386,-3.1569386,-3.3769386,-3.3669386,-3.2569385,-3.4769385,-2.7269385,-2.5269384,-3.1869385,-3.1269386,-3.6669385,-4.6969385,-5.1169386,-3.9169385,-4.9469385,-4.4269385,-4.5069385,-4.4469385,-4.3569384,-4.4169383,-4.5169387,-4.8469386,-5.0569386,-5.3169384,-5.5169387,-5.9669385,-6.1769385
2.0330615,1.8130615,1.7430615,1.6830615,1.5630615,1.4630616,1.3830615,1.2730615,1.3130615,1.2130616,1.2530615,1.3730615,1.1230615,0.34306154,-0.2569385,0.37306154,0.9730615,0.013061523,-0.5869385,-1.0369384,-1.6369385,-2.0169384,-2.1569386,-2.3769386,-2.3269384,-2.7569385,-3.3369384,-3.4569385,-2.9069386,-2.7069385,-3.2569385,-2.9869385,-3.2169385,-3.5769384,-3.2569385,-2.5469384,-2.9469385,-2.7369385,-2.4869385,-2.5769384,-3.2469385,-4.6569386,-3.7669384,-4.3369384,-3.8569384,-3.9669385,-3.6669385,-4.3469386,-4.5469384,-4.4969387,-4.6969385,-4.7669387,-5.2369385,-5.3269386,-5.4769382,-5.9869385,-6.3669386
2.5530615,2.1230614,1.8830615,1.7630615,1.6330615,1.5730615,1.5530615,1.5230615,1.7430615,1.7430615,1.3930615,1.0830616,0.86306155,0.56306154,-0.096938476,-0.8469385,-0.8469385,0.5230615,-0.18693848,-0.7769385,-1.1069385,-1.3269385,-1.6269385,-2.1769385,-2.7869384,-2.7269385,-3.0769384,-3.3769386,-3.3969386,-3.3669386,-3.5369384,-3.5069385,-3.5469384,-3.2369385,-3.3669386,-3.4269385,-3.6169386,-3.3469384,-2.9269385,-2.7969384,-3.6069384,-4.6569386,-3.8069384,-4.1769385,-3.6869385,-4.6869383,-4.3569384,-4.2769384,-4.9469385,-4.8269386,-4.6969385,-4.9369383,-4.9369383,-4.9869385,-5.0569386,-5.3369384,-5.7869387
2.5230615,2.3230615,2.0830615,1.9430615,1.7030616,1.4530616,1.5730615,1.6930615,1.4630616,1.2030616,1.1430615,1.1330615,1.0930616,0.7830615,0.20306152,-0.6169385,-1.5769385,-0.80693847,-0.12693848,-0.82693845,-1.2369385,-1.2969384,-1.4669385,-1.6369385,-2.0169384,-2.2969384,-2.3069384,-2.6569386,-3.1769385,-3.3969386,-3.5969384,-3.4869385,-3.3469384,-3.3569384,-3.3269384,-3.6069384,-3.3169384,-3.3169384,-3.4569385,-3.6969385,-3.9669385,-4.7469387,-3.4069386,-3.4969385,-3.7769384,-4.3569384,-4.7269382,-4.4669385,-4.4569383,-4.6669383,-4.7569385,-4.9769382,-4.8769383,-4.9869385,-5.2069383,-5.1569386,-5.4169383
2.6330614,2.3030615,2.0630615,2.0530615,1.7830615,1.4330615,1.3330616,1.2430615,1.1030616,1.1630615,0.99306154,0.9030615,0.9530615,0.80306154,0.41306153,-0.3469385,-1.0969385,-1.5869385,-1.6469384,-1.4369385,-1.3269385,-0.99693847,-0.9869385,-1.4869385,-1.7869384,-2.1669385,-2.4969385,-2.6169386,-2.9069386,-3.4769385,-3.3369384,-3.4169385,-3.3969386,-3.3769386,-3.3469384,-3.3569384,-3.3069384,-3.4369385,-3.2669384,-3.7269385,-4.2069383,-4.5069385,-3.5369384,-3.4069386,-3.4269385,-4.0069385,-4.1369386,-4.4269385,-4.3869386,-4.5569386,-4.6469383,-4.7669387,-4.7269382,-4.9369383,-5.2469387,-5.3969383,-5.3869386
2.6330614,2.4630616,2.2830615,2.1530616,2.0630615,1.9330615,1.6530615,1.5230615,1.4630616,1.0930616,0.7930615,0.75306153,0.5430615,0.35306153,0.09306152,-0.36693847,-0.8369385,-1.1169385,-1.5069385,-2.0369384,-2.0769384,-1.9269385,-1.2669384,-1.3869385,-2.1669385,-2.4369385,-2.5269384,-2.6969385,-2.6269386,-3.2769384,-3.6869385,-3.2669384,-3.2169385,-3.2969384,-3.3269384,-3.3969386,-3.6569386,-3.5369384,-3.4469385,-3.3969386,-3.8569384,-4.3169384,-4.4769382,-3.3669386,-2.9969385,-3.8769386,-3.9569385,-3.9969385,-4.2969384,-4.5569386,-4.6269383,-4.9369383,-5.2169385,-5.3869386,-5.5869384,-5.6369386,-5.5569386
2.1630616,2.2230616,2.1130614,2.0730615,2.0130615,1.5030615,1.7030616,1.4930615,0.9630615,0.7230615,0.6530615,0.38306153,-0.096938476,-0.20693848,-0.26693848,-0.48693848,-0.9869385,-1.3369385,-1.5169384,-1.8969384,-2.0969384,-2.2669384,-2.4669385,-2.3169384,-2.5169384,-2.3569384,-2.2569385,-2.6769385,-2.6369386,-2.6869385,-3.6669385,-3.6469386,-3.4769385,-3.4169385,-3.5069385,-2.9369385,-3.1069384,-3.4869385,-3.1869385,-3.4069386,-4.1669383,-4.8069386,-3.9969385,-3.2869384,-2.8669386,-3.4469385,-3.8569384,-3.8769386,-4.0869384,-4.4169383,-4.5669384,-4.8769383,-5.2869387,-5.5569386,-5.6669383,-5.6869383,-5.7869387
2.2630615,2.0730615,1.8330616,1.8030615,1.1730615,0.7930615,1.0830616,0.92306155,0.8930615,0.62306154,0.12306152,-0.096938476,-0.13693848,-0.27693847,-0.46693847,-0.68693846,-0.9169385,-1.1969385,-1.5769385,-1.6869385,-1.9869385,-2.3269384,-2.5469384,-2.7369385,-2.5869384,-2.5669384,-2.4969385,-2.6569386,-3.0869384,-2.8569384,-3.1769385,-3.8369384,-3.9269385,-3.3069384,-3.3669386,-3.5769384,-2.7769384,-2.9769385,-3.0169384,-3.7169385,-4.9269385,-4.8069386,-4.5769386,-4.0769386,-3.7169385,-3.8769386,-4.3469386,-5.0069385,-4.6769385,-4.5769386,-4.7869387,-5.1369386,-5.3469386,-5.4469385,-5.5269384,-5.6069384,-5.7769384
2.0730615,1.6830615,1.2630615,0.9130615,0.5730615,0.33306152,0.33306152,0.33306152,0.31306154,0.5130615,0.28306153,0.22306152,-0.0069384766,-0.37693846,-0.5469385,-0.80693847,-0.82693845,-0.76693845,-1.2269385,-1.9269385,-2.1569386,-2.2469385,-2.3269384,-2.8069384,-3.0969384,-3.1469386,-3.4269385,-3.4769385,-3.9569385,-3.9269385,-3.2369385,-3.2969384,-4.1069384,-3.8769386,-3.6369386,-3.4969385,-3.7269385,-3.2769384,-3.6469386,-4.4469385,-4.4069386,-4.9869385,-5.2269382,-5.0769386,-4.9969387,-4.8669386,-4.6969385,-4.6769385,-4.7869387,-4.8269386,-5.0169387,-5.1969385,-5.3269386,-5.3469386,-5.3369384,-5.6169386,-5.7469387
1.8730615,1.4030615,1.0830616,0.6430615,0.0030615234,-0.30693847,-0.36693847,-0.12693848,-0.15693848,-0.19693847,0.013061523,-0.016938476,-0.056938477,-0.45693848,-0.9269385,-1.0669385,-1.5769385,-1.9869385,-1.9669385,-1.9669385,-2.2069385,-2.3369384,-2.2469385,-2.3369384,-2.6669385,-3.0769384,-3.5269384,-3.8669386,-3.9369385,-4.0869384,-3.4969385,-3.3369384,-3.6069384,-4.3769383,-3.8269384,-3.9069386,-3.8969386,-4.1769385,-4.0069385,-4.4869385,-5.2169385,-4.3569384,-5.1369386,-4.9269385,-4.4269385,-4.6769385,-4.7869387,-4.9369383,-4.9269385,-4.9969387,-5.2669387,-5.3469386,-5.5269384,-5.5869384,-5.4269385,-5.4869385,-5.5669384
1.7130616,1.1730615,0.8230615,0.74306154,0.62306154,-0.14693847,-0.8569385,-0.9269385,-0.87693846,-1.0569385,-0.76693845,-0.42693847,-0.75693846,-1.8769385,-1.6069385,-1.1769385,-1.2769384,-1.5669385,-1.8069385,-1.6669384,-1.4869385,-1.9169384,-2.2869384,-2.3269384,-2.3469384,-2.4869385,-2.8369384,-3.4069386,-3.7169385,-4.0069385,-4.1669383,-3.6769385,-3.5269384,-3.8969386,-4.2469387,-4.0569386,-4.2869387,-4.4369383,-4.3669386,-4.7269382,-5.4669385,-4.5969386,-4.9269385,-4.8769383,-4.3569384,-4.4369383,-4.4969387,-4.9869385,-5.2369385,-5.2569385,-5.4569383,-5.4769382,-5.5369387,-5.6669383,-5.6669383,-5.5869384,-5.5569386
2.1130614,1.5330615,1.2330616,1.1330615,0.81306154,0.44306153,0.06306152,-0.56693846,-0.7169385,-0.7869385,-0.94693846,-0.87693846,-1.2469385,-1.8169385,-2.5169384,-2.6169386,-2.1869385,-1.8569385,-1.9369385,-1.7169385,-1.3769385,-1.1669384,-1.5669385,-2.0769384,-2.3069384,-2.4469385,-2.4269385,-2.8669386,-3.3769386,-4.0169387,-4.3569384,-4.1769385,-3.9469385,-3.8669386,-4.2269382,-4.3469386,-4.4369383,-4.8869386,-4.9469385,-5.0469384,-5.5169387,-5.3469386,-4.2569385,-4.4469385,-4.3369384,-4.1969385,-4.4569383,-4.9569383,-5.2569385,-5.3969383,-5.5669384,-5.5069385,-5.5169387,-5.6369386,-5.5969386,-5.5869384,-5.6969385
2.2730615,2.1330614,1.9330615,1.5430615,0.8330615,0.7030615,0.5330615,0.36306152,0.023061523,-0.9269385,-1.6169385,-1.4169384,-1.3469385,-1.6169385,-2.2769384,-2.4769385,-2.6069384,-2.5669384,-2.6069384,-1.1669384,-0.51693845,-0.88693845,-1.1169385,-1.5369384,-2.0169384,-2.3269384,-2.1369386,-2.1769385,-2.4769385,-3.2069385,-4.0269384,-4.2669387,-4.1969385,-3.8669386,-4.0069385,-4.3969383,-4.5369387,-4.6369386,-5.1869383,-5.4469385,-5.6069384,-5.6869383,-5.1369386,-4.3669386,-4.6269383,-4.8769383,-4.7869387,-4.5869384,-4.9669385,-5.3469386,-5.5769386,-5.6869383,-5.5069385,-5.5369387,-5.6869383,-5.6769385,-5.5769386
1.2630615,1.2930615,1.2130616,0.8830615,0.8330615,1.0730615,1.1030616,1.1530615,0.7030615,-0.32693848,-0.74693847,-0.82693845,-0.9169385,-1.1469384,-1.8769385,-2.5969384,-2.7969384,-3.3469384,-4.0169387,-3.3569384,0.12306152,0.15306152,-1.0469384,-1.2669384,-1.5269384,-1.8769385,-2.0969384,-2.0769384,-1.8369385,-2.0269384,-2.6469386,-3.5869384,-4.3569384,-4.4069386,-4.2669387,-4.4969387,-4.6869383,-4.6369386,-4.6769385,-5.1869383,-5.5569386,-5.6869383,-5.4669385,-5.5669384,-4.8669386,-4.6269383,-4.7769384,-4.3669386,-4.4769382,-4.8169384,-4.9769382,-5.3069386,-5.5469384,-5.5469384,-5.6469383,-5.7269382,-5.6569386
0.6030615,0.4330615,0.28306153,0.2730615,0.6630615,0.10306153,0.8530615,1.6330615,1.9830616,0.5330615,-0.8469385,-2.0269384,-1.9169384,-0.5269385,-1.7769384,-2.3869386,-2.7669384,-3.3269384,-3.8069384,-3.8769386,-3.6669385,1.0330615,-0.0069384766,-0.81693846,-0.7969385,-1.0869385,-1.6769385,-1.9769385,-1.8569385,-1.5869385,-1.9169384,-2.4969385,-3.1069384,-3.9869385,-4.1769385,-4.5369387,-4.9269385,-5.0269384,-5.0469384,-4.9769382,-5.1069384,-5.5869384,-5.8369384,-5.6669383,-6.1969385,-5.6669383,-4.7869387,-4.1969385,-4.1169386,-4.2269382,-4.1969385,-4.3269386,-4.7769384,-5.3269386,-5.6469383,-5.6569386,-5.5369387
0.67306155,0.80306154,0.5330615,-0.016938476,-1.4169384,-1.7769384,-1.9569385,-1.7969384,-0.8969385,-1.5969385,-1.8669385,-2.5169384,-2.9169385,-2.7169385,-2.7569385,-2.9069386,-3.1669385,-3.4069386,-3.4569385,-3.3369384,-3.2869384,-0.37693846,0.86306155,-0.42693847,-0.55693847,-0.6069385,-1.0369384,-1.5869385,-2.0969384,-2.1469386,-1.4869385,-1.8969384,-2.2169385,-2.3069384,-2.8469384,-3.3169384,-4.2869387,-5.0569386,-5.2169385,-5.4269385,-5.2669387,-5.2369385,-5.5769386,-5.9069386,-6.1269383,-6.2369385,-5.7769384,-4.9969387,-4.2269382,-4.2169385,-4.1169386,-4.2169385,-4.2669387,-4.4969387,-5.0069385,-5.5269384,-5.6369386
0.13306153,-0.41693848,-0.9769385,-1.7769384,-2.3369384,-2.6769385,-2.8269384,-2.7369385,-2.7069385,-2.5169384,-2.9369385,-2.7169385,-2.7269385,-2.9769385,-3.1069384,-3.2169385,-3.1169386,-3.0069385,-3.1169386,-3.1469386,-3.0569384,-2.6569386,0.013061523,-0.43693846,-1.1069385,-0.75693846,-0.6069385,-0.81693846,-1.1669384,-1.8869385,-2.4069386,-1.3769385,-1.7369385,-2.4769385,-2.7369385,-2.4369385,-3.0169384,-4.0269384,-4.9669385,-5.2969384,-5.4669385,-5.3569384,-5.2769384,-5.3969383,-5.8269386,-6.0569386,-6.0269384,-6.0469384,-5.5369387,-5.0769386,-3.4569385,-3.9869385,-4.2869387,-4.4369383,-4.4669385,-4.7969384,-5.4369383
-1.6369385,-2.0269384,-1.9969385,-2.1969385,-2.5769384,-2.8669386,-3.1069384,-3.1669385,-2.9969385,-2.8369384,-2.7869384,-2.5069385,-2.0869384,-2.0669384,-2.2569385,-2.5069385,-2.6969385,-2.5769384,-2.4769385,-2.5569384,-2.4269385,-2.2569385,-2.1669385,-1.9669385,-2.3769386,-2.1069384,-1.5069385,-1.0769385,-0.8369385,-1.0069385,-1.2769384,-1.5569385,-1.9569385,-2.4069386,-2.4869385,-2.6969385,-2.3669386,-2.7269385,-3.6369386,-4.6369386,-5.0269384,-5.0869384,-5.1269383,-5.1069384,-5.1069384,-5.2569385,-5.6269383,-5.7369385,-5.5469384,-5.4869385,-3.9569385,-3.1669385,-3.7969384,-3.9969385,-4.2469387,-4.4669385,-4.6769385
-1.5769385,-1.6269385,-1.7069385,-1.7369385,-1.9369385,-2.2169385,-2.2669384,-2.3869386,-2.3169384,-2.2769384,-2.3369384,-2.3669386,-2.2769384,-1.8569385,-1.8969384,-2.2469385,-2.6069384,-2.3969386,-2.1669385,-2.0469384,-1.7769384,-1.9969385,-2.2069385,-2.2269385,-2.4769385,-2.6369386,-2.4169385,-2.1369386,-1.5569385,-1.0369384,-0.7369385,-0.9569385,-1.3869385,-1.7769384,-1.8769385,-2.2369385,-2.6369386,-2.6169386,-2.5569384,-2.7869384,-4.0569386,-5.0369387,-5.0769386,-5.0669384,-5.0469384,-4.8969383,-4.9969387,-5.2669387,-5.1469383,-4.9369383,-4.9569383,-3.9369385,-3.4869385,-3.5069385,-3.7269385,-4.0569386,-4.4369383
-1.2569385,-1.1469384,-1.3569385,-1.6769385,-1.9769385,-2.1369386,-2.2069385,-2.0869384,-2.0169384,-2.2469385,-2.3569384,-2.4869385,-2.5269384,-2.2869384,-2.3469384,-2.7469385,-3.0169384,-2.9269385,-2.9869385,-2.7969384,-2.4769385,-2.2569385,-2.3269384,-2.1569386,-1.8669385,-1.9669385,-2.3669386,-2.4969385,-2.2669384,-2.0269384,-1.1369385,-0.9169385,-0.9769385,-1.3669385,-1.4169384,-1.8769385,-2.1669385,-2.2569385,-2.3169384,-1.9769385,-2.5269384,-3.9069386,-4.6069384,-4.6469383,-4.7069383,-4.6869383,-4.6769385,-4.9269385,-5.0269384,-5.0169387,-5.0369387,-5.1269383,-5.7269382,-3.1169386,-3.5869384,-3.6769385,-3.9169385
-1.4069384,-1.2869384,-1.3469385,-1.8069385,-1.9969385,-2.1069384,-2.2569385,-2.2369385,-2.4069386,-2.3869386,-2.4869385,-2.7569385,-2.9369385,-3.2669384,-2.9969385,-3.1169386,-2.7969384,-2.8769386,-2.9369385,-2.9969385,-3.0869384,-2.9169385,-2.5069385,-2.5669384,-2.4269385,-1.9069384,-2.0169384,-2.7869384,-3.0769384,-2.4169385,-1.9369385,-1.8669385,-1.7169385,-1.4069384,-1.1469384,-1.6369385,-2.0169384,-1.9869385,-2.1969385,-2.1169386,-1.6069385,-2.1069384,-3.1169386,-3.6869385,-4.2269382,-4.3869386,-4.3369384,-4.5269384,-4.9669385,-5.1369386,-5.1469383,-5.2569385,-4.9569383,-4.4069386,-2.8369384,-3.5769384,-3.6569386
-1.2769384,-1.5569385,-1.8669385,-2.1469386,-2.3469384,-2.2969384,-2.2069385,-2.2269385,-2.4369385,-2.4469385,-2.6269386,-2.7069385,-2.7669384,-3.0369384,-2.8869386,-2.7569385,-2.8069384,-2.6569386,-2.5369384,-2.7169385,-3.1669385,-3.2869384,-3.1269386,-3.1069384,-3.0469384,-2.7869384,-2.6769385,-2.8769386,-3.0069385,-2.9269385,-2.7469385,-2.5169384,-2.6769385,-2.3769386,-1.2369385,-0.99693847,-1.1769385,-1.3269385,-1.3369385,-1.6469384,-1.5069385,-0.80693847,-1.3069385,-2.3669386,-3.2869384,-4.0869384,-4.4069386,-4.2769384,-4.6269383,-5.0169387,-5.1069384,-5.2069383,-5.2069383,-5.1969385,-4.3369384,-3.1269386,-3.5369384
-1.3769385,-1.9269385,-2.2069385,-2.0969384,-2.1969385,-2.2869384,-2.5169384,-2.6069384,-2.2569385,-2.3669386,-2.6769385,-2.8269384,-2.7669384,-2.8569384,-3.0069385,-3.1669385,-3.2869384,-3.3069384,-3.0469384,-2.8369384,-3.0469384,-3.1869385,-2.9969385,-3.1469386,-3.3869386,-3.2869384,-2.9669385,-2.9469385,-3.2369385,-3.2669384,-2.8369384,-2.9369385,-3.1669385,-3.0669384,-2.2669384,-1.9069384,-1.1169385,-0.69693846,-0.44693848,-0.9269385,-1.5969385,-1.9369385,-1.6969385,-2.2669384,-2.5869384,-3.6369386,-3.8269384,-3.9869385,-4.2269382,-4.6669383,-4.9069386,-4.8769383,-4.8769383,-5.1869383,-5.1969385,-5.1969385,-3.3669386
