UV_10m_small_gfs.t12z.pgrb2.0p25.f039.json
{"header": { "discipline":0, "disciplineName":"Meteorological products", "gribEdition":2, "gribLength":17311, "center":7, "centerName":"US National Weather Service - NCEP(WMC)", "subcenter":0, "refTime":"2023-03-21T12:00:00.000Z", "significanceOfRT":1, "significanceOfRTName":"Start of forecast", "productStatus":0, "productStatusName":"Operational products", "productType":1, "productTypeName":"Forecast products", "productDefinitionTemplate":0, "productDefinitionTemplateName":"Analysis/forecast at horizontal level/layer at a point in time", "parameterCategory":2, "parameterCategoryName":"Momentum", "parameterNumber":3, "parameterNumberName":"V-component_of_wind", "parameterUnit":"m.s-1", "genProcessType":2, "genProcessTypeName":"Forecast", "forecastTime":39, "surface1Type":103, "surface1TypeName":"Specified height level above ground", "surface1Value":10.0, "surface2Type":255, "surface2TypeName":"Missing", "surface2Value":0.0, "gridDefinitionTemplate":0, "gridDefinitionTemplateName":"Latitude_Longitude", "numberPoints":11421, "shape":6, "shapeName":"Earth spherical with radius of 6,371,229.0 m", "gridUnits":"degrees", "resolution":48, "winds":"true", "scanMode":64, "nx":141, "ny":81, "basicAngle":0, "lo1":210.0, "la1":30.0, "lo2":245.0, "la2":50.0, "dx":0.25, "dy":0.25 }, "data":
[rows 0 to 25 of 81, columns 59 to 117 of 141]
-5.885747,-5.985747,-5.995747,-5.955747,-6.035747,-6.005747,-6.0457473,-6.115747,-6.245747,-6.425747,-6.675747,-6.995747,-7.285747,-7.475747,-7.615747,-7.745747,-7.875747,-8.005747,-8.035748,-8.255747,-8.395747,-8.605747,-9.085747,-9.215747,-9.175747,-9.045747,-9.145747,-9.065747,-8.945747,-8.835747,-8.765747,-8.865747,-9.085747,-9.025747,-8.885747,-8.905747,-9.025747,-9.145747,-9.295747,-9.305747,-9.175747,-8.985747,-8.845747,-8.765747,-8.595747,-8.365747,-8.255747,-8.195747,-8.125747,-7.935747,-7.715747,-7.495747,-7.395747,-7.3157473,-7.2957473,-7.195747,-7.095747,-6.945747,-6.735747
-5.715747,-5.875747,-5.915747,-5.8357472,-5.715747,-5.695747,-5.915747,-5.985747,-6.095747,-6.395747,-6.675747,-6.885747,-7.075747,-7.235747,-7.445747,-7.665747,-7.785747,-8.015747,-8.265747,-8.3257475,-8.395747,-8.615747,-8.815747,-8.885747,-9.045747,-8.895747,-8.985747,-8.985747,-8.695747,-8.545747,-8.675747,-8.8257475,-8.905747,-8.895747,-8.765747,-8.705747,-8.735747,-8.685747,-8.645747,-8.525747,-8.475747,-8.525747,-8.525747,-8.505747,-8.495747,-8.3257475,-8.105747,-7.995747,-7.875747,-7.755747,-7.705747,-7.615747,-7.435747,-7.355747,-7.345747,-7.245747,-6.945747,-6.615747,-6.325747
-5.445747,-5.445747,-5.435747,-5.425747,-5.575747,-5.645747,-5.625747,-5.725747,-6.0457473,-6.385747,-6.515747,-6.655747,-6.855747,-7.125747,-7.505747,-7.7957473,-7.825747,-7.865747,-8.135747,-8.265747,-8.175747,-8.265747,-8.675747,-8.725747,-8.655747,-8.475747,-8.455747,-8.505747,-8.435747,-8.295747,-8.565747,-8.765747,-8.705747,-8.795747,-8.905747,-9.025747,-9.065747,-9.085747,-9.005747,-8.985747,-8.895747,-8.765747,-8.495747,-8.195747,-8.155747,-8.095747,-7.985747,-7.845747,-7.8157473,-7.7757473,-7.5857472,-7.465747,-7.435747,-7.375747,-7.095747,-6.745747,-6.465747,-6.255747,-6.005747
-5.225747,-5.185747,-5.115747,-5.0657473,-5.125747,-5.3357472,-5.495747,-5.735747,-5.995747,-6.155747,-6.345747,-6.645747,-7.005747,-7.305747,-7.535747,-7.655747,-7.7757473,-7.905747,-8.065747,-8.265747,-8.415747,-8.365747,-8.525747,-8.715747,-8.745747,-8.975747,-9.015747,-8.475747,-7.965747,-8.165747,-8.865747,-9.3257475,-9.445747,-9.705747,-9.865747,-9.765747,-9.505747,-9.375747,-9.545747,-9.5757475,-9.455747,-9.145747,-8.805747,-8.365747,-8.165747,-8.035748,-7.995747,-7.965747,-7.885747,-7.855747,-7.755747,-7.495747,-7.255747,-6.935747,-6.675747,-6.505747,-6.225747,-5.905747,-5.615747
-5.3157473,-5.175747,-5.0857472,-5.015747,-4.985747,-5.115747,-5.475747,-5.765747,-5.925747,-6.075747,-6.435747,-6.745747,-6.985747,-7.225747,-7.465747,-7.695747,-7.955747,-8.145747,-8.095747,-8.115747,-8.315747,-8.595747,-8.695747,-8.765747,-9.125747,-9.475747,-9.895747,-9.875747,-8.835747,-8.5757475,-9.035748,-9.105747,-8.855747,-9.085747,-9.435747,-9.225747,-9.105747,-8.885747,-8.855747,-8.975747,-9.065747,-8.875747,-8.605747,-8.515747,-8.455747,-8.375747,-8.255747,-8.145747,-8.065747,-7.965747,-7.8157473,-7.485747,-7.175747,-6.7957473,-6.385747,-5.995747,-5.575747,-5.225747,-4.905747
-5.265747,-5.195747,-5.145747,-5.145747,-5.245747,-5.355747,-5.405747,-5.5257473,-5.755747,-6.0657473,-6.475747,-6.705747,-6.925747,-7.185747,-7.355747,-7.555747,-7.885747,-8.205747,-8.445747,-8.605747,-8.695747,-8.675747,-8.795747,-9.025747,-9.275747,-9.605747,-9.875747,-9.815747,-10.3257475,-9.805747,-9.025747,-8.805747,-8.215747,-8.865747,-9.355747,-9.405747,-9.405747,-9.375747,-8.965747,-9.025747,-9.085747,-9.025747,-8.865747,-8.635747,-8.505747,-8.425747,-8.295747,-8.245747,-8.095747,-7.735747,-7.465747,-7.265747,-7.035747,-6.8157473,-6.5657473,-6.095747,-5.725747,-5.375747,-4.785747
-5.415747,-5.3357472,-5.245747,-5.225747,-5.405747,-5.555747,-5.535747,-5.5457473,-5.745747,-6.0457473,-6.385747,-6.535747,-6.765747,-7.095747,-7.235747,-7.305747,-7.505747,-7.785747,-8.115747,-8.435747,-8.655747,-8.805747,-8.935747,-9.105747,-9.345747,-9.475747,-9.725747,-9.745747,-9.725747,-10.225747,-9.815747,-9.455747,-8.495747,-8.495747,-8.935747,-9.265747,-9.345747,-9.305747,-8.885747,-8.595747,-8.695747,-8.865747,-8.955747,-8.875747,-8.635747,-8.385747,-8.255747,-8.095747,-7.865747,-7.805747,-7.5457473,-7.375747,-7.0857472,-6.725747,-6.505747,-6.215747,-5.855747,-5.305747,-4.765747
-5.5857472,-5.455747,-5.395747,-5.405747,-5.415747,-5.425747,-5.535747,-5.725747,-5.865747,-5.995747,-6.235747,-6.445747,-6.605747,-6.905747,-7.185747,-7.395747,-7.5257473,-7.725747,-7.895747,-8.055747,-8.265747,-8.495747,-8.755747,-8.985747,-9.145747,-9.185747,-9.425747,-9.725747,-9.985747,-10.025747,-10.015747,-10.085747,-9.625747,-8.645747,-8.955747,-9.425747,-9.395747,-9.135747,-8.895747,-8.485747,-8.705747,-8.915747,-8.965747,-8.735747,-8.485747,-8.315747,-8.235747,-8.035748,-7.945747,-7.935747,-7.535747,-7.205747,-6.985747,-6.935747,-6.7757473,-6.425747,-5.915747,-5.3157473,-4.735747
-5.495747,-5.475747,-5.535747,-5.665747,-5.635747,-5.605747,-5.715747,-5.8157473,-5.905747,-5.965747,-6.155747,-6.5457473,-6.665747,-6.785747,-7.0857472,-7.505747,-7.865747,-8.025747,-8.135747,-8.265747,-8.375747,-8.535748,-8.675747,-8.835747,-8.925747,-9.105747,-9.195747,-9.425747,-9.475747,-9.905747,-9.855747,-9.745747,-9.855747,-9.185747,-9.265747,-9.465747,-9.445747,-9.055747,-9.085747,-9.005747,-8.995747,-8.955747,-8.965747,-8.815747,-8.5757475,-8.365747,-8.215747,-8.175747,-8.175747,-7.995747,-7.675747,-7.415747,-7.3357472,-7.185747,-6.875747,-6.475747,-6.0657473,-5.5857472,-5.035747
-5.575747,-5.465747,-5.455747,-5.665747,-5.8157473,-5.895747,-6.075747,-6.125747,-6.005747,-6.015747,-6.175747,-6.5457473,-6.885747,-7.015747,-7.145747,-7.415747,-7.725747,-7.995747,-8.165747,-8.335747,-8.495747,-8.495747,-8.505747,-8.745747,-8.945747,-9.205747,-9.255747,-9.425747,-9.535748,-9.855747,-9.845747,-9.635747,-9.615747,-9.145747,-9.255747,-9.705747,-9.385747,-8.855747,-9.055747,-9.405747,-9.3257475,-9.185747,-9.055747,-8.835747,-8.585747,-8.455747,-8.435747,-8.435747,-8.215747,-7.925747,-7.675747,-7.445747,-7.3157473,-7.155747,-6.855747,-6.345747,-5.875747,-5.495747,-5.005747
-5.505747,-5.5257473,-5.5857472,-5.665747,-5.755747,-5.875747,-6.105747,-6.2957473,-6.3157473,-6.265747,-6.325747,-6.5257473,-6.8157473,-7.115747,-7.305747,-7.435747,-7.575747,-7.755747,-7.955747,-8.095747,-8.285748,-8.425747,-8.505747,-8.685747,-8.865747,-9.055747,-9.115747,-9.225747,-9.455747,-9.885747,-9.955747,-9.685747,-9.485747,-9.425747,-9.615747,-9.505747,-9.315747,-8.965747,-9.125747,-9.3257475,-9.465747,-9.365747,-9.185747,-8.965747,-8.695747,-8.565747,-8.485747,-8.455747,-8.175747,-7.865747,-7.465747,-7.215747,-7.165747,-7.075747,-6.845747,-6.215747,-5.745747,-5.325747,-4.7757473
-5.325747,-5.485747,-5.665747,-5.805747,-5.895747,-6.015747,-6.165747,-6.285747,-6.385747,-6.495747,-6.575747,-6.655747,-6.845747,-7.0657473,-7.265747,-7.395747,-7.495747,-7.625747,-7.8157473,-8.0757475,-8.315747,-8.535748,-8.705747,-8.795747,-8.895747,-8.975747,-9.165747,-9.3257475,-9.425747,-9.635747,-9.775747,-9.755747,-9.605747,-9.615747,-9.465747,-9.485747,-9.355747,-9.0757475,-8.8257475,-9.085747,-9.485747,-9.375747,-9.235747,-9.095747,-8.945747,-8.925747,-8.815747,-8.485747,-8.175747,-7.885747,-7.665747,-7.385747,-7.2757473,-7.215747,-6.855747,-6.185747,-5.615747,-4.945747,-4.2957473
-5.685747,-5.7757473,-5.875747,-6.005747,-6.095747,-6.185747,-6.3157473,-6.445747,-6.535747,-6.625747,-6.735747,-6.865747,-7.015747,-7.145747,-7.2757473,-7.345747,-7.455747,-7.655747,-7.905747,-8.135747,-8.335747,-8.615747,-8.795747,-8.885747,-8.975747,-9.105747,-9.235747,-9.535748,-9.695747,-9.845747,-9.915747,-9.905747,-9.435747,-9.285748,-9.285748,-9.525747,-9.425747,-9.0757475,-9.095747,-8.805747,-9.265747,-9.515747,-9.445747,-9.285748,-9.175747,-9.015747,-8.695747,-8.425747,-8.305747,-8.205747,-8.125747,-7.935747,-7.625747,-7.125747,-6.595747,-6.155747,-5.605747,-4.895747,-4.255747
-5.805747,-6.015747,-6.0457473,-6.0857472,-6.2957473,-6.395747,-6.445747,-6.5857472,-6.735747,-6.805747,-6.845747,-6.905747,-7.0457473,-7.155747,-7.2757473,-7.375747,-7.515747,-7.735747,-7.975747,-8.155747,-8.275747,-8.385747,-8.545747,-8.725747,-8.895747,-9.045747,-9.205747,-9.515747,-9.665747,-9.835747,-9.995747,-9.925747,-9.805747,-9.255747,-9.345747,-9.585747,-9.475747,-8.975747,-9.055747,-8.8257475,-9.175747,-9.565747,-9.675747,-9.445747,-9.345747,-9.185747,-8.925747,-8.705747,-8.635747,-8.5757475,-8.505747,-8.185747,-7.595747,-7.185747,-6.705747,-6.145747,-5.405747,-4.695747,-4.005747
-5.435747,-5.885747,-6.205747,-6.325747,-6.395747,-6.5257473,-6.645747,-6.725747,-6.785747,-6.845747,-6.865747,-6.895747,-6.965747,-7.115747,-7.325747,-7.475747,-7.615747,-7.785747,-7.925747,-8.125747,-8.285748,-8.465747,-8.615747,-8.705747,-8.785748,-8.945747,-9.155747,-9.345747,-9.495747,-9.755747,-9.885747,-9.875747,-9.895747,-9.785748,-9.365747,-9.485747,-9.555747,-9.3257475,-9.355747,-9.115747,-9.365747,-9.735747,-9.775747,-9.605747,-9.415747,-9.335747,-9.305747,-9.345747,-9.155747,-8.845747,-8.425747,-7.995747,-7.685747,-7.425747,-7.015747,-6.395747,-5.505747,-4.625747,-3.765747
-4.705747,-5.325747,-5.8157473,-6.165747,-6.355747,-6.495747,-6.655747,-6.755747,-6.7757473,-6.825747,-6.905747,-7.005747,-7.075747,-7.175747,-7.305747,-7.475747,-7.655747,-7.7957473,-7.925747,-8.085747,-8.255747,-8.485747,-8.665747,-8.715747,-8.775747,-8.895747,-9.195747,-9.225747,-9.395747,-9.595747,-9.805747,-10.015747,-9.935747,-9.865747,-9.785748,-9.605747,-9.615747,-9.845747,-9.695747,-9.425747,-9.395747,-9.755747,-9.725747,-9.525747,-9.365747,-9.295747,-9.225747,-9.265747,-9.015747,-8.755747,-8.345747,-8.025747,-7.595747,-7.485747,-7.205747,-7.0657473,-6.265747,-4.945747,-3.765747
-4.2957473,-4.695747,-5.5457473,-5.895747,-6.0257473,-6.205747,-6.365747,-6.515747,-6.675747,-6.855747,-7.005747,-7.075747,-7.135747,-7.225747,-7.3157473,-7.445747,-7.615747,-7.735747,-7.805747,-7.885747,-8.035748,-8.225747,-8.455747,-8.645747,-8.795747,-8.945747,-9.175747,-9.415747,-9.475747,-9.5757475,-9.755747,-10.105747,-10.125747,-9.985747,-9.785748,-9.685747,-9.655747,-9.805747,-9.795747,-9.525747,-9.535748,-9.925747,-9.755747,-9.5757475,-9.225747,-8.885747,-8.845747,-8.775747,-8.535748,-8.495747,-8.335747,-7.965747,-7.595747,-7.925747,-7.015747,-8.005747,-7.375747,-5.515747,-3.775747
-4.595747,-4.505747,-5.115747,-5.755747,-5.825747,-6.075747,-6.185747,-6.245747,-6.415747,-6.635747,-6.885747,-7.005747,-7.0457473,-7.135747,-7.205747,-7.3157473,-7.475747,-7.645747,-7.715747,-7.785747,-7.885747,-8.085747,-8.295747,-8.525747,-8.725747,-8.835747,-9.055747,-9.375747,-9.515747,-9.635747,-9.665747,-9.895747,-10.065747,-9.965747,-9.715747,-9.685747,-9.765747,-9.695747,-9.855747,-10.045747,-9.925747,-10.095747,-9.835747,-9.5757475,-9.0757475,-8.845747,-8.915747,-8.815747,-8.705747,-8.715747,-8.025747,-7.935747,-7.8357472,-8.105747,-7.345747,-8.545747,-8.155747,-6.465747,-5.035747
-4.3157473,-4.605747,-4.745747,-4.755747,-5.185747,-5.885747,-6.255747,-6.305747,-6.535747,-6.625747,-6.625747,-6.735747,-6.865747,-6.965747,-7.105747,-7.175747,-7.245747,-7.395747,-7.575747,-7.755747,-7.945747,-8.145747,-8.305747,-8.445747,-8.585747,-8.585747,-8.735747,-9.055747,-9.215747,-9.425747,-9.565747,-9.645747,-9.945747,-9.965747,-9.565747,-9.545747,-9.815747,-9.815747,-10.145747,-10.135747,-10.265747,-10.245747,-10.095747,-9.625747,-9.205747,-9.035748,-9.0757475,-8.955747,-9.035748,-8.545747,-7.885747,-8.025747,-8.045747,-8.265747,-7.575747,-8.175747,-8.665747,-6.995747,-5.0457473
-4.2757473,-4.8157473,-4.755747,-4.505747,-4.705747,-5.305747,-5.765747,-5.945747,-6.765747,-6.855747,-6.715747,-6.655747,-6.785747,-6.955747,-7.095747,-7.205747,-7.225747,-7.2757473,-7.435747,-7.625747,-7.8157473,-7.995747,-8.115747,-8.245747,-8.395747,-8.475747,-8.525747,-8.805747,-9.0757475,-9.445747,-9.675747,-9.615747,-9.725747,-9.955747,-9.635747,-9.505747,-9.705747,-10.035748,-10.435747,-10.415747,-10.395747,-10.235747,-10.055747,-9.605747,-9.365747,-9.355747,-9.395747,-9.175747,-9.225747,-8.635747,-8.155747,-8.555747,-8.465747,-8.215747,-7.755747,-8.105747,-8.685747,-7.3157473,-5.515747
-4.195747,-4.655747,-5.035747,-4.3357472,-4.2757473,-4.695747,-5.0257473,-5.075747,-5.715747,-6.5657473,-6.3357472,-6.405747,-6.5257473,-6.755747,-6.865747,-6.8357472,-6.885747,-7.015747,-7.195747,-7.385747,-7.605747,-7.765747,-7.8157473,-7.905747,-8.045747,-8.235747,-8.515747,-8.8257475,-9.065747,-9.385747,-9.635747,-9.685747,-9.645747,-9.915747,-9.935747,-9.5757475,-9.605747,-10.085747,-10.305747,-10.185747,-10.245747,-10.0757475,-9.835747,-9.465747,-9.295747,-9.395747,-9.515747,-9.475747,-9.465747,-8.885747,-8.875747,-9.165747,-8.855747,-8.215747,-7.8157473,-7.415747,-8.105747,-7.715747,-6.125747
-4.505747,-4.625747,-4.975747,-5.075747,-4.015747,-3.855747,-4.385747,-4.605747,-4.945747,-5.965747,-6.3157473,-6.185747,-6.0857472,-6.175747,-6.2757473,-6.375747,-6.445747,-6.5857472,-6.745747,-7.005747,-7.245747,-7.495747,-7.665747,-7.7757473,-7.895747,-8.0757475,-8.415747,-8.595747,-8.775747,-9.215747,-9.435747,-9.705747,-9.805747,-9.885747,-10.065747,-9.845747,-9.745747,-10.005747,-10.005747,-9.965747,-10.115747,-9.975747,-9.715747,-9.375747,-9.275747,-9.225747,-9.305747,-9.345747,-9.275747,-8.535748,-8.985747,-9.625747,-9.275747,-8.395747,-7.825747,-7.2957473,-7.7957473,-6.555747,-2.4057472
-3.8957472,-4.385747,-4.0857472,-4.785747,-4.7757473,-4.005747,-4.005747,-4.115747,-4.465747,-4.915747,-5.495747,-6.165747,-6.165747,-6.0857472,-5.975747,-6.0457473,-6.395747,-6.5857472,-6.665747,-6.7957473,-6.965747,-7.205747,-7.535747,-7.705747,-7.855747,-7.895747,-8.205747,-8.505747,-8.845747,-9.215747,-9.485747,-9.665747,-9.715747,-9.705747,-9.775747,-9.865747,-9.755747,-9.665747,-9.685747,-9.475747,-9.695747,-9.715747,-9.615747,-9.395747,-9.305747,-9.295747,-9.255747,-9.085747,-8.875747,-8.195747,-8.745747,-9.415747,-9.245747,-8.715747,-7.8157473,-8.005747,-7.0857472,-2.885747,0.024252929
-4.0857472,-3.9357471,-4.385747,-3.875747,-4.375747,-4.425747,-3.775747,-3.515747,-3.785747,-4.285747,-4.225747,-4.465747,-5.195747,-5.395747,-5.535747,-5.635747,-6.125747,-6.465747,-6.655747,-6.805747,-6.915747,-7.035747,-7.3157473,-7.605747,-7.715747,-7.595747,-7.695747,-8.115747,-8.655747,-8.905747,-9.175747,-9.685747,-9.545747,-9.485747,-9.495747,-9.645747,-9.675747,-9.675747,-9.365747,-9.175747,-9.225747,-9.305747,-9.345747,-9.3257475,-9.485747,-9.455747,-9.375747,-9.105747,-8.585747,-7.5857472,-8.205747,-8.8257475,-9.175747,-8.735747,-8.415747,-7.645747,-2.385747,-1.7257471,0.14425293
-3.625747,-4.135747,-4.035747,-4.195747,-4.055747,-4.355747,-4.245747,-3.615747,-3.625747,-3.845747,-4.055747,-3.865747,-4.155747,-4.865747,-5.205747,-5.205747,-5.505747,-6.125747,-6.535747,-6.705747,-6.845747,-6.975747,-7.145747,-7.395747,-7.595747,-7.425747,-7.375747,-7.5857472,-8.455747,-8.815747,-9.205747,-9.375747,-9.245747,-9.305747,-9.155747,-9.495747,-9.625747,-9.655747,-9.255747,-9.105747,-9.145747,-9.085747,-9.245747,-9.485747,-9.685747,-9.645747,-9.525747,-9.315747,-8.715747,-7.455747,-7.685747,-8.295747,-8.735747,-8.5757475,-8.375747,-2.825747,-1.3657471,-1.8357471,-1.3557471
-3.055747,-3.485747,-3.975747,-4.155747,-4.115747,-3.9257472,-4.125747,-4.285747,-4.205747,-4.3357472,-3.975747,-4.0457473,-4.125747,-4.485747,-4.985747,-5.115747,-5.165747,-5.645747,-6.2957473,-6.555747,-6.665747,-6.825747,-7.0457473,-7.245747,-7.435747,-7.425747,-7.205747,-7.395747,-8.195747,-8.525747,-8.935747,-9.125747,-8.885747,-9.055747,-8.685747,-9.135747,-9.415747,-9.445747,-9.055747,-8.875747,-9.015747,-8.915747,-9.255747,-9.585747,-9.855747,-9.765747,-9.735747,-9.535748,-8.935747,-7.465747,-7.665747,-8.195747,-8.245747,-8.505747,-2.315747,-1.7757471,-2.1457472,-1.6057471,-0.96574706
