UV_10m_small_gfs.t12z.pgrb2.0p25.f003.json
{"header": { "discipline":0, "disciplineName":"Meteorological products", "gribEdition":2, "gribLength":17311, "center":7, "centerName":"US National Weather Service - NCEP(WMC)", "subcenter":0, "refTime":"2023-03-21T12:00:00.000Z", "significanceOfRT":1, "significanceOfRTName":"Start of forecast", "productStatus":0, "productStatusName":"Operational products", "productType":1, "productTypeName":"Forecast products", "productDefinitionTemplate":0, "productDefinitionTemplateName":"Analysis/forecast at horizontal level/layer at a point in time", "parameterCategory":2, "parameterCategoryName":"Momentum", "parameterNumber":2, "parameterNumberName":"U-component_of_wind", "parameterUnit":"m.s-1", "genProcessType":2, "genProcessTypeName":"Forecast", "forecastTime":3, "surface1Type":103, "surface1TypeName":"Specified height level above ground", "surface1Value":10.0, "surface2Type":255, "surface2TypeName":"Missing", "surface2Value":0.0, "gridDefinitionTemplate":0, "gridDefinitionTemplateName":"Latitude_Longitude", "numberPoints":11421, "shape":6, "shapeName":"Earth spherical with radius of 6,371,229.0 m", "gridUnits":"degrees", "resolution":48, "winds":"true", "scanMode":64, "nx":141, "ny":81, "basicAngle":0, "lo1":210.0, "la1":30.0, "lo2":245.0, "la2":50.0, "dx":0.25, "dy":0.25 }, "data":
[rows 0 to 24 of 81, columns 0 to 57 of 141]
-7.8392553,-7.7592554,-7.709255,-7.459255,-7.2992554,-7.1192555,-7.1292553,-6.749255,-6.4292555,-6.2792554,-6.0592556,-5.7392554,-5.5892553,-5.189255,-4.9192553,-5.1292553,-4.4692554,-3.9092553,-3.9792554,-3.3992553,-3.9492555,-3.7792554,-3.2092555,-2.6092553,-2.7792554,-2.3692553,-2.2592554,-1.9892554,-1.3592553,-0.87925535,-0.8592554,-0.42925537,0.0107446285,0.5207446,0.87074465,1.3407446,1.2507446,1.6007446,2.0007446,2.0507445,1.7807447,1.6207446,2.3007445,3.4307446,3.4107447,4.4907446,5.2407446,4.6107445,5.460745,5.6007447,5.710745,6.6407447,7.040745,5.6907444,7.020745,7.7207446,8.420745,8.660745
-7.749255,-7.729255,-7.3992553,-7.269255,-7.3092556,-6.999255,-6.689255,-6.4192553,-6.4092555,-6.039255,-5.789255,-5.709255,-5.269255,-4.7392554,-4.8492556,-4.5992556,-3.8592553,-3.9792554,-3.7792554,-3.7592554,-3.4292555,-3.1892555,-2.7792554,-2.6992555,-2.6092553,-2.6592553,-2.2192554,-1.5692554,-1.0592554,-0.74925536,-0.48925537,-0.24925537,0.20074463,0.76074463,1.0907446,1.1907446,1.1907446,1.7007446,2.1707447,2.2707446,2.2207446,2.1607447,2.3107445,3.3207445,4.1407447,4.6007447,5.1307445,5.250745,5.1407447,6.0907445,5.770745,6.040745,6.8907447,6.7207446,7.500745,8.130745,8.380745,8.610744
-7.3992553,-7.3492556,-7.269255,-7.3792553,-7.3992553,-6.9192553,-6.3492556,-6.209255,-6.1792555,-5.8192554,-5.7192554,-5.4092555,-4.729255,-4.3792553,-4.479255,-4.3492556,-3.9892554,-3.6992555,-3.6692553,-3.5092554,-2.5392554,-2.6292553,-2.4392555,-2.6092553,-2.4792554,-2.1992555,-1.5692554,-1.1092553,-0.87925535,-0.63925534,-0.27925536,-0.069255374,0.3407446,0.5207446,0.8507446,1.1207446,1.1107446,1.8807446,2.5907447,2.4007447,1.8507446,2.5807447,3.4607446,3.6907446,4.060745,4.2007446,4.9007444,5.8907447,5.810745,6.480745,5.7607446,5.4107447,6.7807446,7.3407445,7.6907444,8.370745,8.190744,8.120745
-7.209255,-7.1092553,-7.0792556,-7.1092553,-7.1592555,-6.6992555,-6.1492553,-6.0292554,-5.769255,-5.5592556,-5.3192554,-4.9292555,-4.8692555,-4.4292555,-4.039255,-4.1292553,-3.6192553,-3.5492554,-3.0892553,-2.8892553,-2.5792553,-2.5092554,-2.1892555,-2.1492553,-1.8292553,-1.4692553,-1.1592554,-1.0592554,-0.7292554,-0.39925537,0.070744626,0.14074463,0.25074464,0.49074462,0.9107446,0.94074464,1.6807446,2.0307446,2.8307447,2.7907445,2.1507447,2.9207447,3.9207447,3.9007447,3.8307447,4.3907447,5.460745,6.0807447,6.1907444,6.7207446,5.810745,5.480745,7.5107446,7.1407447,7.520745,8.010745,7.8007445,7.9107447
-7.3592553,-7.1092553,-6.7392554,-6.7992554,-6.8292556,-6.2192554,-6.1292553,-5.9892554,-5.5492554,-5.4892554,-4.8492556,-4.539255,-4.7192554,-4.4492555,-3.7592554,-3.5992553,-3.3392553,-2.9892554,-3.1192553,-2.4592555,-2.2092555,-2.4092553,-1.5892553,-1.8092554,-1.3892554,-1.1392554,-1.0592554,-0.87925535,-0.55925536,-0.19925538,0.08074463,0.29074463,0.6507446,0.9807446,1.0607446,0.9807446,2.2307446,2.4607446,2.6707447,3.0607445,2.9707446,3.2207446,4.040745,4.0507445,4.3207445,4.6807446,5.520745,6.230745,6.7007446,6.7407446,5.6007447,6.230745,7.4307446,7.000745,6.730745,7.3807445,7.8707447,8.420745
-7.2992554,-6.8192554,-6.959255,-6.729255,-6.4192553,-5.9092555,-5.8492556,-5.6792555,-5.3292556,-5.0992556,-4.709255,-4.2992554,-4.3692555,-4.2792554,-3.4192553,-3.3392553,-3.2592554,-2.8092554,-2.8792553,-2.4092553,-2.4092553,-2.1192553,-1.5692554,-1.4792553,-1.1792554,-1.0492554,-0.86925536,-0.68925536,-0.45925537,-0.07925537,0.16074462,0.56074464,0.9707446,1.2907447,1.6107446,1.1307446,1.8307446,2.7307446,3.0107446,3.1907446,2.9507446,3.2707446,4.1407447,4.310745,4.8207445,5.3607445,5.9507446,6.460745,7.0907445,5.9007444,5.9207444,7.1907444,6.9707446,6.560745,7.040745,8.020744,8.550745,8.560744
-6.9192553,-7.0092554,-7.0092554,-6.459255,-6.1192555,-5.6492553,-5.3192554,-5.2792554,-5.0992556,-4.6792555,-4.3392553,-3.9892554,-4.2992554,-3.9292555,-3.2692554,-3.2292554,-3.0592554,-2.3992553,-2.7092555,-2.5792553,-2.2892554,-1.9492553,-1.8392553,-1.5192554,-1.0492554,-0.9592554,-0.7892554,-0.5492554,-0.29925537,0.13074464,0.57074463,0.94074464,1.0207447,1.4407446,1.8507446,1.6007446,2.2307446,2.7407446,2.9607446,3.2607446,3.1607447,3.5907447,4.1807446,4.5707445,5.1707444,5.6707444,6.1307445,6.560745,6.9707446,5.9407444,6.6807446,7.6807446,6.810745,6.3607445,7.9407444,8.680744,8.120745,8.170745
-6.769255,-6.8592553,-6.4092555,-6.1792555,-5.8592553,-5.3992553,-4.8492556,-4.9292555,-4.689255,-4.269255,-4.0992556,-4.0992556,-4.249255,-3.7292554,-3.4892554,-2.7592554,-2.7492554,-2.7292554,-2.8892553,-2.5492554,-1.7792554,-1.4092554,-1.9192554,-1.3592553,-0.9092554,-0.81925535,-0.5292554,-0.14925537,0.18074463,0.47074464,0.68074465,0.9607446,0.9007446,1.6107446,1.9707446,2.0807447,2.5307446,2.4707446,2.7207446,3.0207446,3.4407446,3.8707447,4.4207444,4.7807446,5.210745,5.810745,6.1807446,6.4907446,7.2607446,7.2007446,7.4207444,7.0307446,7.0807447,6.6707444,7.810745,8.830745,8.3207445,8.480744
-6.5792556,-6.2792554,-5.999255,-5.8492556,-5.4092555,-4.939255,-4.689255,-4.6192555,-4.2992554,-4.039255,-3.9792554,-4.5292554,-3.8992553,-3.5892553,-3.2892554,-2.5892553,-2.8092554,-2.7892554,-2.7292554,-2.1292553,-1.4392554,-1.0892553,-1.5292554,-1.1292554,-0.5992554,-0.32925537,-0.069255374,0.24074464,0.36074463,0.45074463,0.6507446,1.1907446,1.5707446,1.5907446,1.8807446,2.1907446,2.6107447,2.7707446,2.8907447,3.2107446,3.6807446,4.1907444,4.6407447,4.9407444,5.4307446,6.060745,6.2207446,6.4207444,7.3207445,7.6907444,7.4707446,6.8007445,6.6607447,7.5307446,8.380745,8.830745,8.870745,8.810744
-5.9092555,-5.789255,-5.539255,-5.2792554,-4.9492555,-4.7192554,-4.9192553,-4.479255,-4.1692553,-3.9692554,-3.9792554,-4.2792554,-3.6292553,-3.4092553,-3.0892553,-2.4592555,-2.7192554,-2.4592555,-1.9592553,-1.0892553,-1.2792554,-1.5892553,-1.3492553,-0.8492554,-0.42925537,-0.10925537,0.27074462,0.36074463,0.31074464,0.74074465,1.1307446,1.4207447,1.8207446,1.5807446,2.0607445,2.5507445,2.7707446,3.0207446,3.2107446,3.6807446,4.1007447,4.5107446,4.790745,5.1407447,5.5807447,6.0907445,6.270745,6.5707445,7.1107445,8.090745,7.7807446,7.310745,7.1507444,7.1807446,8.770744,8.600744,8.310744,8.680744
-5.5992556,-5.6292553,-5.269255,-5.1692553,-4.8692555,-4.7792554,-4.6992555,-4.479255,-4.3192554,-4.0292554,-3.7992554,-3.8492553,-3.6892555,-3.2992554,-2.6892555,-2.5892553,-2.7292554,-1.8792554,-1.3492553,-0.49925536,-1.0892553,-1.3592553,-1.0192554,-0.6092554,-0.12925537,0.29074463,0.63074464,0.55074465,0.69074464,1.2807447,1.6107446,1.6407447,1.8407446,2.0107446,2.7507446,2.9807446,3.1807446,3.3907447,3.5007446,3.9507446,4.4107447,4.7007446,4.8607445,5.290745,5.7607446,6.2007446,6.4107447,6.750745,7.2207446,7.9907446,8.340745,7.980745,5.790745,7.0807447,8.030745,8.630745,8.860744,10.120745
-5.4292555,-5.3992553,-5.289255,-4.979255,-4.8192554,-4.9892554,-4.5092554,-4.5992556,-4.3392553,-3.6592553,-3.7492554,-3.2192554,-3.2592554,-3.0992553,-2.4792554,-2.7892554,-2.0992553,-1.3592553,-1.1492554,-0.4092554,-0.49925536,-0.5192554,-0.7992554,-0.36925536,0.35074463,0.7907446,0.9607446,1.0007446,1.2207446,1.6207446,1.9407446,2.2607446,2.2207446,2.1307447,3.3307447,3.6807446,3.7807446,3.6607447,3.7707446,4.1207447,4.6107445,4.9107447,5.210745,5.770745,6.3007445,6.5907445,6.4107447,6.7607446,7.2007446,8.000745,7.9007444,7.540745,5.8507447,7.4307446,7.520745,8.910745,9.450745,9.540745
-5.3592553,-5.3592553,-4.9892554,-4.6292553,-4.7792554,-4.9192553,-4.439255,-4.3992553,-3.9692554,-3.4692554,-3.5592554,-3.0792553,-2.7292554,-2.8492553,-2.4992554,-2.2492554,-1.5192554,-1.0292554,-0.7092554,-0.31925538,-0.19925538,0.12074463,0.50074464,0.05074463,0.57074463,1.1307446,1.3307446,1.3707446,1.4807446,1.8007447,2.2107446,2.6007447,2.6707447,2.5707445,3.7607446,4.500745,4.1107445,3.8707447,4.020745,4.2407446,4.8207445,5.3507447,5.810745,6.1607447,6.6107445,6.790745,6.8407445,6.8907447,7.1607447,7.1507444,7.3607445,7.6607447,6.3907447,7.4107447,8.220745,8.490745,9.540745,9.580745
-4.999255,-5.0592556,-4.8292556,-4.4492555,-4.709255,-4.8292556,-4.289255,-3.9192553,-3.6992555,-3.3592553,-3.1792555,-3.1492553,-2.4192553,-2.1992555,-1.9992554,-1.5092554,-1.1692554,-0.43925536,-0.41925538,0.110744625,0.20074463,0.35074463,1.0807446,1.3207446,0.7807446,1.2607446,1.6107446,1.5807446,1.7107446,2.1507447,2.4907446,3.0207446,3.2807446,3.3407447,3.8607447,4.3007445,4.1607447,4.2007446,4.2807446,4.5707445,5.2407446,5.960745,6.3907447,6.6707444,6.6807446,6.0707445,6.8407445,6.6807446,7.310745,6.6907444,6.8807445,7.5907445,7.6307445,7.6307445,9.020744,9.0707445,9.480744,10.100744
-4.6792555,-4.5892553,-4.3792553,-4.4292555,-4.5692554,-4.519255,-4.0992556,-3.5692554,-3.4392555,-3.4292555,-3.0492554,-2.6592553,-1.9192554,-1.5592554,-1.3792554,-0.9592554,-0.7292554,0.15074463,0.43074462,0.5907446,0.9007446,0.61074466,0.7207446,1.5207447,1.1507447,1.3607446,1.8007447,1.9507446,2.2807446,2.6807446,2.8707447,3.3707447,3.5707445,3.9107447,3.8907447,4.1207447,4.4007444,4.6507444,4.790745,5.0307446,5.6907444,6.270745,6.5907445,7.0707445,6.040745,5.4307446,7.310745,6.790745,7.5707445,7.540745,7.6807446,7.9207444,7.8807445,8.350744,9.130745,9.080745,9.420745,10.300745
-4.6292553,-4.6592555,-4.4092555,-4.3492556,-4.1192555,-4.0592556,-3.7992554,-3.2892554,-3.1692553,-3.2192554,-2.6192553,-2.0392554,-1.6092553,-1.0292554,-0.80925536,-0.24925537,-0.20925537,0.51074463,1.3607446,1.2607446,1.2607446,1.0007446,0.6507446,0.9107446,1.2607446,1.6207446,2.0507445,2.4207447,2.7607446,3.0307446,3.2707446,3.4507446,3.5707445,4.5707445,4.3507447,4.6707444,4.8707447,4.6907444,5.2607446,5.480745,5.9207444,6.2207446,6.5707445,7.4207444,5.750745,5.9307446,7.6807446,7.1107445,7.4407444,8.090745,8.350744,8.610744,9.050745,9.030745,9.300745,9.560744,9.420745,10.160745
-4.249255,-4.3392553,-4.1492553,-3.9992554,-3.7192554,-3.6392553,-3.2992554,-3.0492554,-2.9292555,-2.7692554,-2.2092555,-1.6292554,-1.0892553,-0.23925537,-0.31925538,0.28074464,0.22074462,0.56074464,1.5107446,1.5907446,1.6007446,1.6407447,1.1807446,1.1907446,1.5007446,1.9007447,2.2907445,2.6807446,3.0107446,3.2807446,3.6107447,3.3507447,3.7807446,5.1307445,4.8407445,4.8907447,5.1007447,4.310745,5.8007445,6.1507444,6.0907445,6.3007445,6.9407444,7.310745,5.460745,6.3207445,7.6407447,7.3407445,7.5507445,8.360744,8.970745,9.350744,9.560744,9.600744,9.490745,9.700745,9.170745,9.640744
-4.0492554,-3.9292555,-3.6392553,-3.5792553,-3.2692554,-3.1292553,-2.8992553,-2.5592554,-2.5192554,-2.2292554,-1.5592554,-0.9792554,-0.44925538,0.31074464,0.12074463,0.81074464,0.63074464,0.57074463,1.0507447,1.9607446,2.0607445,1.9807446,2.1907446,1.5907446,1.7907447,2.1507447,2.5507445,2.9507446,3.3007445,3.4907446,3.8607447,3.0407445,4.040745,5.6307445,4.9507446,5.0107446,5.540745,5.000745,6.3007445,6.6007447,6.2207446,6.6707444,7.3307447,6.9007444,5.9407444,6.9307446,7.4707446,8.270744,7.8907447,8.500745,8.880745,9.350744,9.700745,9.640744,9.770744,9.800745,9.630745,8.810744
-3.8192554,-3.6392553,-3.3592553,-3.0692554,-2.7592554,-2.6692553,-2.5592554,-1.8692554,-1.9392554,-1.7592554,-1.1592554,-0.45925537,0.18074463,0.56074464,0.80074465,0.92074466,1.1007446,0.86074466,1.3007447,2.1107447,2.2907445,2.7107446,2.6107447,2.0107446,1.9007447,2.1807446,2.7307446,3.3407447,3.6307447,3.9107447,3.9307446,3.3507447,4.3507447,6.230745,5.5807447,5.560745,6.060745,6.0307446,6.230745,6.3607445,6.6207447,7.0507445,7.000745,6.770745,6.5707445,7.2407446,7.750745,9.040745,7.6707444,8.400744,9.090745,9.470745,9.580745,9.620745,10.050745,9.700745,10.040745,9.260745
-3.3192554,-3.1492553,-2.8492553,-2.7092555,-2.4892554,-2.0692554,-1.8692554,-1.5592554,-1.2792554,-0.8992554,-0.87925535,-0.39925537,0.39074463,1.0607446,1.2107446,1.1407447,1.5307447,1.2707447,1.4907446,2.0507445,2.3307447,2.6507447,2.9607446,2.5507445,2.3407447,2.6707447,3.1107447,3.6407447,3.8807447,4.2607446,4.1907444,3.5007446,4.9107447,6.3907447,6.1507444,5.8907447,6.1307445,6.4107447,6.1207447,6.3207445,6.9507446,7.1907444,6.7607446,6.6807446,7.6407447,7.5307446,8.290745,9.040745,8.580745,8.210745,8.900744,9.600744,9.580745,9.720745,10.620745,10.280745,10.0707445,10.100744
-2.9592555,-2.6592553,-2.4392555,-2.3692553,-1.8692554,-1.3492553,-1.0692554,-1.3892554,-0.74925536,0.110744625,0.09074463,0.29074463,0.55074465,0.7707446,1.4007447,1.3907447,1.9707446,2.2007446,1.8307446,1.7407446,2.2207446,2.4607446,3.2007446,3.0607445,2.8407447,3.1307447,3.2807446,3.8507447,4.230745,4.460745,4.8607445,4.460745,5.0907445,6.1307445,6.270745,5.9507446,6.2007446,6.7007446,6.5707445,5.8807445,7.000745,7.6507444,7.7607446,6.790745,8.050745,8.280745,7.9507446,8.730744,8.970745,9.090745,9.260745,9.410745,9.060744,10.060744,11.000745,10.790745,10.380745,9.740745
-2.7292554,-2.1992555,-1.7992554,-1.5792553,-1.3792554,-1.1492554,-0.9692554,-0.67925537,-0.21925537,0.32074463,0.41074464,0.92074466,0.93074465,0.7707446,1.7607446,1.9907446,2.1207447,2.3707447,2.4607446,2.0207446,2.0707445,2.4107447,3.5907447,3.8107445,3.4107447,3.5807447,3.1307447,3.8307447,4.5307446,4.6107445,4.9207444,5.500745,5.4507446,5.4107447,5.4707446,5.770745,6.3707447,6.460745,6.5707445,5.8907447,6.560745,7.9107447,8.3207445,7.3207445,8.0707445,8.450745,8.000745,8.520744,8.930744,9.300745,9.870745,9.870745,9.120745,9.760745,11.330745,11.390744,11.150744,10.310744
-2.2192554,-1.6392554,-1.1592554,-0.86925536,-0.8992554,-0.6092554,-0.49925536,-0.33925536,-0.10925537,0.42074463,0.5407446,0.93074465,1.3207446,1.4307446,2.2807446,2.6807446,2.2107446,2.2907445,2.9807446,2.9507446,2.3307447,2.5707445,4.0307446,4.5707445,3.4407446,3.7607446,3.5807447,3.6707447,4.4307446,4.7007446,5.040745,5.5307446,5.7407446,5.5507445,5.480745,5.6907444,6.3907447,6.1307445,6.3307447,6.5807447,6.8707447,7.4507446,7.980745,7.6907444,8.280745,8.960745,8.460745,8.670745,9.220745,9.410745,9.850744,10.230744,10.240745,10.610744,10.810744,11.710745,11.770744,10.880745
-1.4692553,-1.2992554,-0.93925536,-0.63925534,-0.55925536,-0.019255372,0.06074463,0.030744629,0.46074462,1.0307447,1.0107446,1.1807446,1.5307447,1.9207447,2.7907445,2.8707447,2.6207447,2.5107446,2.8707447,3.5107446,3.3407447,3.2207446,3.8807447,4.0807447,3.4607446,3.8807447,3.4907446,3.4807446,4.710745,5.2007446,5.210745,5.5107446,5.7607446,5.480745,5.4407444,5.7807446,6.5507445,6.5907445,6.500745,6.9207444,7.2607446,6.7407446,7.5107446,8.590745,8.480744,9.190744,8.780745,9.090745,9.750745,9.5707445,9.770744,10.640744,10.810744,12.5707445,9.970745,11.960745,12.280745,11.500745
-1.1192554,-0.9092554,-0.5192554,-0.34925538,-0.36925536,0.13074464,0.46074462,0.8507446,1.1607447,1.3507446,1.5807446,1.8107446,2.0107446,2.0807447,2.5007446,2.9207447,3.1507447,3.2507446,2.9207447,3.3707447,4.3607445,4.1807446,3.3307447,3.4607446,3.9307446,4.040745,3.2307446,3.6407447,5.290745,5.6407447,5.2407446,5.3207445,5.5907445,5.3807445,5.4107447,6.0307446,6.6307445,6.6507444,6.540745,6.4407444,6.8207445,6.8807445,7.4107447,8.400744,8.630745,9.180744,8.930744,9.480744,9.700745,9.840745,10.450745,11.090745,11.780745,12.050745,12.440744,11.590745,11.080745,12.110744
