UV_10m_small_gfs.t12z.pgrb2.0p25.f021.json
{"header": { "discipline":0, "disciplineName":"Meteorological products", "gribEdition":2, "gribLength":17311, "center":7, "centerName":"US National Weather Service - NCEP(WMC)", "subcenter":0, "refTime":"2023-03-21T12:00:00.000Z", "significanceOfRT":1, "significanceOfRTName":"Start of forecast", "productStatus":0, "productStatusName":"Operational products", "productType":1, "productTypeName":"Forecast products", "productDefinitionTemplate":0, "productDefinitionTemplateName":"Analysis/forecast at horizontal level/layer at a point in time", "parameterCategory":2, "parameterCategoryName":"Momentum", "parameterNumber":3, "parameterNumberName":"V-component_of_wind", "parameterUnit":"m.s-1", "genProcessType":2, "genProcessTypeName":"Forecast", "forecastTime":21, "surface1Type":103, "surface1TypeName":"Specified height level above ground", "surface1Value":10.0, "surface2Type":255, "surface2TypeName":"Missing", "surface2Value":0.0, "gridDefinitionTemplate":0, "gridDefinitionTemplateName":"Latitude_Longitude", "numberPoints":11421, "shape":6, "shapeName":"Earth spherical with radius of 6,371,229.0 m", "gridUnits":"degrees", "resolution":48, "winds":"true", "scanMode":64, "nx":141, "ny":81, "basicAngle":0, "lo1":210.0, "la1":30.0, "lo2":245.0, "la2":50.0, "dx":0.25, "dy":0.25 }, "data":
[rows 0 to 24 of 81, columns 57 to 113 of 141]
-9.439478,-9.959477,-10.469478,-10.799478,-10.759478,-10.439478,-9.859478,-9.669477,-9.779477,-9.769478,-9.709477,-9.649478,-9.869477,-9.919477,-9.999477,-9.609478,-9.399478,-9.429478,-9.339478,-9.699477,-9.749477,-9.619477,-9.169477,-8.639478,-8.179478,-7.6794777,-6.9494777,-6.8094773,-6.849478,-6.6294775,-6.1394777,-5.8694777,-5.9794774,-6.0694776,-5.9994774,-5.8894777,-5.9094777,-6.0294776,-6.0794773,-6.0194774,-6.0494776,-4.6994777,-4.2594776,-3.7794776,-4.3394775,-4.7694774,-4.4394774,-4.3294773,-4.5594773,-5.0294776,-5.3994775,-5.2694774,-5.3994775,-4.3694777,-4.6494775,-5.7094774,-4.5194774
-9.229478,-9.939478,-10.499477,-10.599478,-10.579477,-10.179478,-9.939478,-10.079477,-10.169477,-10.019478,-9.919477,-9.889478,-9.479478,-9.169477,-9.249477,-9.059478,-8.559478,-8.619477,-8.819477,-9.409477,-9.029477,-8.829477,-9.719478,-9.599478,-8.099478,-7.4794774,-7.0394773,-6.4894776,-6.1894774,-6.1694775,-6.3794775,-6.3694777,-6.1594777,-5.9094777,-5.8294773,-5.7294774,-5.6094775,-5.5194774,-5.3794775,-5.2394776,-5.3894777,-5.9194775,-5.5194774,-4.5394773,-4.099478,-4.3394775,-4.5194774,-4.2094774,-4.3894777,-4.6994777,-4.7694774,-4.6794777,-4.8794775,-4.6694775,-4.2894773,-5.4794774,-4.9794774
-10.369477,-10.039477,-9.489477,-9.299478,-9.609478,-10.169477,-10.479478,-10.739477,-10.549478,-10.489477,-10.369477,-10.239477,-10.269478,-10.489477,-10.579477,-10.319477,-9.699477,-8.449477,-8.159477,-8.029477,-7.9194775,-8.539477,-8.999477,-9.259478,-8.689478,-8.099478,-7.2894773,-6.5294776,-6.0094776,-5.5894775,-5.4394774,-5.7094774,-5.9894776,-6.1294775,-6.1694775,-6.0794773,-5.8694777,-5.5194774,-5.1294775,-4.9594774,-4.9694777,-4.8694777,-4.6694775,-4.5794773,-4.599478,-5.1394777,-5.4194775,-4.5794773,-3.9094775,-4.3794775,-3.7694776,-3.3294775,-3.4994776,-4.1494775,-3.8794775,-4.7194777,-5.2094774
-10.369477,-10.029477,-10.029477,-9.909477,-9.889478,-10.579477,-10.759478,-10.289477,-10.329477,-10.149478,-10.199477,-10.409477,-10.809478,-10.819477,-10.419477,-10.089478,-10.049478,-10.249477,-9.979478,-9.6294775,-9.549478,-9.939478,-9.889478,-9.219478,-8.209477,-8.1294775,-8.339478,-6.9794774,-6.0894775,-5.6294775,-5.1294775,-4.9794774,-5.1394777,-5.4494777,-5.7294774,-5.8894777,-5.8194776,-5.5894775,-5.2694774,-4.9094777,-4.7094774,-4.3194776,-4.1894774,-4.1994777,-4.1694775,-3.9194775,-3.6094775,-3.2794776,-3.4794776,-3.9894776,-2.9094775,-1.8194776,-2.3394775,-3.3894775,-4.2994776,-3.6794775,-4.3594775
-10.079477,-10.649478,-11.579477,-11.509478,-11.059478,-10.239477,-9.909477,-10.049478,-10.649478,-10.929478,-11.249477,-11.309478,-11.219478,-10.599478,-10.719478,-10.909477,-10.459477,-10.419477,-10.459477,-10.289477,-10.3794775,-9.779477,-8.869477,-8.239477,-8.189478,-7.0094776,-7.3094773,-7.9094777,-6.4894776,-5.8994775,-5.7294774,-5.2794776,-4.8094773,-4.4994774,-4.4794774,-4.5594773,-4.7294774,-4.6494775,-4.3594775,-4.1494775,-3.9794776,-3.7394776,-3.4794776,-3.4894776,-3.3494775,-2.7594776,-2.4094775,-2.4494774,-2.7394776,-2.8794775,-2.4194775,-1.1294775,-1.4094776,-2.4394774,-3.0894775,-3.1294775,-2.5794775
-10.459477,-11.079477,-10.419477,-10.339478,-10.399478,-9.799478,-10.299478,-11.039477,-11.249477,-11.549478,-11.359478,-11.029477,-10.869477,-11.139478,-10.989477,-10.439478,-10.789477,-11.169477,-11.159477,-10.849478,-10.569477,-10.149478,-9.429478,-8.369477,-7.8894777,-7.6094775,-7.1794777,-7.8694777,-7.9194775,-6.8194776,-6.4794774,-6.6094775,-6.5694776,-5.8594775,-4.9694777,-4.2694774,-3.6994774,-3.1294775,-2.9294775,-2.9394774,-2.9294775,-2.7494776,-2.6094775,-2.5394776,-2.4394774,-2.2494776,-2.1194775,-2.1094775,-2.1194775,-1.8994775,-1.5294776,-0.8694775,-0.99947757,-1.9894775,-2.2594776,-2.4294775,-2.0794775
-10.619477,-10.409477,-10.239477,-10.389478,-10.439478,-10.659477,-11.219478,-11.659477,-11.799478,-11.659477,-11.019478,-10.959477,-10.799478,-10.719478,-10.369477,-10.909477,-11.419477,-11.219478,-10.869477,-10.789477,-10.929478,-10.949477,-10.489477,-9.699477,-8.869477,-8.209477,-7.6694775,-7.2494774,-7.2894773,-7.3894777,-6.7594776,-6.3094773,-6.3694777,-6.599478,-6.6794777,-5.8594775,-5.2594776,-4.6194777,-4.0694776,-3.4894776,-2.9594774,-2.6094775,-2.2594776,-1.9494776,-1.6994776,-1.5094775,-1.4194776,-1.3094776,-1.3094776,-1.2294775,-0.9294775,-0.58947754,-0.82947755,-1.2394775,-1.2894776,-0.58947754,-1.0794775
-10.449477,-10.219478,-10.219478,-10.029477,-10.579477,-11.389478,-11.549478,-11.899478,-11.6294775,-11.509478,-11.469478,-11.119477,-10.709477,-10.709477,-11.189478,-11.399478,-11.159477,-10.809478,-10.459477,-10.329477,-10.359478,-10.849478,-10.929478,-10.449477,-9.849478,-9.029477,-8.349478,-7.7394776,-7.2094774,-6.7694774,-6.6594777,-6.5594773,-6.6394777,-6.4994774,-5.8394775,-5.6194777,-5.8094773,-5.5294776,-5.1294775,-4.6394777,-4.1894774,-3.6394775,-3.0794775,-2.3694775,-1.4794775,-0.8694775,-0.6094775,-0.49947754,-0.39947754,-0.29947755,0.010522461,0.23052245,0.21052246,0.07052246,0.13052246,0.5805225,0.50052243
-10.149478,-10.289477,-10.449477,-10.599478,-11.039477,-11.229478,-11.639478,-11.959477,-12.079477,-12.119477,-12.169477,-11.959477,-11.769478,-11.659477,-11.329477,-10.809478,-10.189478,-9.819477,-9.699477,-10.069477,-10.509478,-10.759478,-11.219478,-11.389478,-10.899478,-10.189478,-9.249477,-8.559478,-8.219478,-7.849478,-7.599478,-7.3994775,-7.3794775,-7.2494774,-6.5694776,-6.3594775,-6.2094774,-5.8094773,-5.4094777,-4.7994776,-4.3094773,-3.8894775,-3.4194775,-2.9094775,-2.1494775,-1.3494775,-0.6094775,-0.11947754,0.03052246,0.21052246,0.56052244,0.9505225,1.1405225,1.0605224,1.2105224,1.7705225,1.8405224
-10.239477,-10.459477,-10.499477,-10.859478,-11.089478,-11.159477,-11.049478,-10.949477,-11.259478,-11.789477,-11.849478,-11.489477,-11.079477,-10.649478,-10.209477,-9.989477,-10.229478,-10.339478,-10.469478,-10.459477,-10.459477,-10.759478,-11.799478,-12.259478,-11.829477,-10.979478,-10.209477,-9.519478,-9.159477,-9.179478,-9.209477,-8.899478,-9.179478,-8.909477,-8.449477,-7.349478,-6.9894776,-7.0294776,-6.9194775,-6.2694774,-5.4594774,-5.1894774,-4.8994775,-3.6694775,-2.3994775,-1.3494775,-0.75947756,-0.5994775,-0.41947755,-0.12947755,0.27052248,0.86052245,1.6205225,2.0905225,2.0905225,2.7405224,2.8205225
-9.979478,-10.139478,-10.149478,-10.229478,-10.849478,-11.159477,-11.159477,-10.859478,-10.549478,-10.419477,-10.199477,-9.969478,-9.919477,-9.709477,-9.929478,-10.229478,-10.829477,-10.979478,-10.939478,-10.749477,-10.759478,-11.459477,-11.659477,-11.979478,-11.549478,-10.969478,-10.569477,-10.219478,-10.329477,-10.459477,-10.199477,-9.749477,-9.609478,-10.109478,-9.359478,-8.549478,-8.079477,-7.9994774,-7.5094776,-7.0094776,-6.349478,-6.3794775,-6.6694775,-5.1094775,-3.3894775,-2.5794775,-1.4094776,-0.48947755,0.02052246,0.06052246,0.14052247,0.44052246,1.0105225,1.9905225,3.1205225,3.6205225,3.8305225
-10.089478,-10.039477,-10.509478,-10.579477,-10.659477,-11.099478,-11.289477,-11.229478,-10.839478,-10.699477,-10.799478,-10.499477,-10.339478,-10.319477,-10.539477,-10.619477,-10.939478,-10.979478,-11.139478,-11.019478,-11.509478,-11.849478,-11.979478,-11.949477,-11.8794775,-11.679478,-11.109478,-10.869477,-10.709477,-10.539477,-10.329477,-10.239477,-10.229478,-8.839478,-8.249477,-7.5894775,-8.009478,-8.059478,-7.8094773,-7.3394775,-6.5094776,-6.5694776,-7.7894773,-7.2994776,-4.9094777,-3.8694775,-3.4694777,-2.1494775,-1.0494776,-0.28947753,0.15052246,0.55052245,1.0305225,1.4105225,2.5305223,3.7905226,4.2905226
-10.139478,-10.229478,-10.539477,-11.189478,-10.689478,-10.589478,-10.469478,-10.889478,-11.369477,-11.359478,-10.979478,-11.029477,-11.229478,-10.929478,-10.399478,-10.489477,-10.589478,-11.029477,-11.219478,-11.199477,-11.649478,-11.809478,-11.889478,-11.829477,-11.829477,-12.009478,-11.819477,-11.579477,-10.8794775,-10.449477,-10.759478,-10.949477,-10.749477,-10.6294775,-9.989477,-8.889478,-8.369477,-8.199477,-8.199477,-7.7094774,-6.5394773,-6.4094777,-6.6594777,-6.6794777,-5.2294774,-3.5494776,-3.1494775,-2.9694777,-2.1794775,-1.4794775,-0.7994775,0.39052245,1.3305224,2.0005224,2.5505226,3.6705225,4.8905225
-9.909477,-10.209477,-10.549478,-10.999477,-11.149478,-10.909477,-10.779477,-10.809478,-11.109478,-11.039477,-11.309478,-11.319477,-11.269478,-11.299478,-10.769478,-10.829477,-11.049478,-11.309478,-11.6294775,-11.759478,-11.769478,-11.819477,-11.849478,-11.969478,-12.179478,-12.079477,-11.689478,-11.079477,-10.969478,-11.259478,-11.299478,-11.019478,-10.609478,-9.979478,-9.579477,-9.189478,-8.439478,-7.6694775,-7.349478,-7.4294777,-6.9494777,-6.4994774,-6.6094775,-6.4794774,-5.6094775,-4.2694774,-3.5094776,-2.8994775,-2.2694776,-1.7494775,-2.0494776,-0.80947757,1.1105225,1.8905225,2.8905225,3.7905226,4.6205225
-10.239477,-10.489477,-10.659477,-11.179478,-11.469478,-11.119477,-11.099478,-10.8794775,-10.939478,-11.419477,-11.669477,-11.619477,-11.279477,-11.249477,-11.319477,-11.519478,-11.529477,-11.509478,-11.599478,-11.579477,-11.739477,-11.849478,-12.079477,-12.229478,-12.079477,-11.839478,-11.619477,-11.439478,-11.849478,-11.819477,-11.349478,-11.049478,-10.499477,-9.939478,-9.689478,-9.149478,-8.399478,-7.8894777,-7.4694777,-7.2294774,-6.8594775,-6.8094773,-6.2194777,-6.0494776,-5.7494774,-5.0494776,-4.3894777,-3.8394775,-3.2094774,-2.7994776,-2.4394774,-2.1394775,-0.96947753,-0.36947754,2.1205225,4.2505226,5.0305223
-10.509478,-10.869477,-10.929478,-11.159477,-11.659477,-11.509478,-11.349478,-11.429478,-11.499477,-11.549478,-11.289477,-11.349478,-11.209477,-11.229478,-11.389478,-11.589478,-11.839478,-11.999477,-11.799478,-11.809478,-11.989477,-12.199477,-12.189478,-11.979478,-12.099478,-12.229478,-12.269478,-12.439478,-12.419477,-12.189478,-11.919477,-11.269478,-10.649478,-10.139478,-9.539477,-9.149478,-8.669477,-8.459477,-8.229478,-7.849478,-7.2594776,-6.9494777,-6.3994775,-6.1194777,-5.4394774,-4.7894773,-4.1994777,-3.5294776,-2.9894776,-2.5994775,-2.4094775,-2.2994776,-0.93947756,-1.5094775,-0.32947755,4.1705227,5.9605227
-10.459477,-10.919477,-11.139478,-11.259478,-11.739477,-11.839478,-11.759478,-11.589478,-11.179478,-11.189478,-11.209477,-11.059478,-11.049478,-11.149478,-11.549478,-11.509478,-11.759478,-11.939478,-12.109478,-12.199477,-12.069477,-12.149478,-12.139478,-12.329477,-12.709477,-12.839478,-12.849478,-12.669477,-12.329477,-12.1294775,-11.829477,-11.329477,-11.059478,-10.609478,-10.219478,-9.899478,-9.559478,-9.059478,-8.499477,-7.9494777,-7.4094777,-6.7394776,-6.0694776,-5.8694777,-5.2694774,-4.7094774,-4.2894773,-3.5494776,-2.7294776,-2.0394776,-1.7194775,-1.9394776,-1.7894776,-1.3094776,-1.2594775,2.9705224,6.2005224
-10.439478,-10.639478,-10.869477,-11.179478,-11.619477,-12.1294775,-11.839478,-11.859478,-11.759478,-11.479478,-11.549478,-11.709477,-11.609478,-11.659477,-11.6294775,-11.709477,-11.839478,-12.079477,-12.529477,-12.839478,-12.989477,-12.909477,-12.8794775,-12.799478,-12.8794775,-12.909477,-12.849478,-12.569477,-12.299478,-12.359478,-12.209477,-11.729478,-11.529477,-11.239477,-10.729478,-10.149478,-9.549478,-9.149478,-8.869477,-8.609478,-8.099478,-7.3994775,-6.5694776,-6.349478,-5.5094776,-5.2094774,-5.3294773,-4.8294773,-3.7294776,-2.4494774,-1.1794776,-0.14947754,-0.64947754,-0.69947755,-1.2694775,1.8205224,5.5105224
-10.539477,-10.509478,-10.659477,-11.239477,-11.469478,-11.8794775,-11.839478,-11.679478,-11.959477,-12.019478,-11.799478,-11.949477,-11.989477,-12.049478,-12.259478,-12.259478,-12.339478,-12.399478,-12.619477,-12.859478,-13.279477,-13.599478,-13.439478,-13.299478,-13.239477,-12.939478,-12.709477,-12.6294775,-12.679478,-12.829477,-12.499477,-12.039477,-11.689478,-11.149478,-10.669477,-10.359478,-9.849478,-9.329477,-8.959477,-8.589478,-8.309478,-7.6794777,-7.1494775,-6.6194777,-5.8394775,-5.0494776,-5.1194777,-4.7394776,-3.8794775,-2.4194775,-1.1094775,0.08052246,0.6505225,0.18052246,-0.56947756,1.7005224,5.4905224
-10.359478,-10.679478,-10.539477,-10.599478,-11.029477,-11.489477,-12.039477,-12.009478,-11.939478,-12.109478,-12.119477,-11.8794775,-12.039477,-11.979478,-12.179478,-12.439478,-12.619477,-12.939478,-13.169477,-13.209477,-13.119477,-13.139478,-13.209477,-13.239477,-13.079477,-12.679478,-12.459477,-12.619477,-12.889478,-12.929478,-12.759478,-12.389478,-12.089478,-11.429478,-10.829477,-10.449477,-10.269478,-9.929478,-9.529477,-9.289477,-8.849478,-8.239477,-7.5894775,-6.7594776,-5.9294777,-5.0094776,-4.3594775,-3.7894776,-3.5094776,-2.0494776,-0.29947755,0.5805225,1.6905224,1.5005225,0.85052246,1.7705225,5.6805224
-10.039477,-10.319477,-10.769478,-10.699477,-10.8794775,-11.209477,-11.489477,-11.649478,-11.769478,-11.889478,-11.979478,-11.909477,-11.969478,-12.099478,-12.309478,-12.789477,-13.069477,-13.239477,-13.309478,-13.369477,-13.219478,-12.839478,-12.929478,-13.1294775,-12.569477,-12.109478,-12.019478,-12.079477,-12.929478,-13.1294775,-13.029477,-12.759478,-12.269478,-11.729478,-11.149478,-10.8794775,-10.539477,-10.229478,-10.019478,-9.719478,-9.309478,-8.499477,-7.6894774,-7.0694776,-6.3594775,-5.7194777,-4.8794775,-4.349478,-3.8094776,-3.7794776,-0.5494775,1.5805224,2.5405226,2.8305225,2.7705224,2.5805225,5.8805223
-10.069477,-10.199477,-10.659477,-10.989477,-11.189478,-11.319477,-11.419477,-11.539477,-11.599478,-11.869477,-11.909477,-11.949477,-11.989477,-11.979478,-12.059478,-12.169477,-12.339478,-12.559478,-12.609478,-12.469478,-12.419477,-12.719478,-12.949477,-13.099478,-12.569477,-12.119477,-12.109478,-12.239477,-12.859478,-13.199477,-13.159477,-13.009478,-12.619477,-12.119477,-11.539477,-11.209477,-10.969478,-10.769478,-10.389478,-9.789477,-9.1294775,-8.439478,-7.9294777,-7.1994777,-6.4394774,-5.7694774,-4.9694777,-4.3194776,-3.3994775,-3.1394775,-2.6094775,0.5205225,3.4105225,3.7905226,4.1805224,3.6705225,5.9805226
-10.189478,-10.3794775,-10.599478,-10.929478,-11.059478,-11.339478,-11.549478,-11.759478,-11.889478,-11.909477,-11.929478,-12.049478,-12.089478,-11.959477,-11.979478,-12.069477,-12.079477,-12.109478,-12.229478,-12.619477,-12.779477,-12.939478,-13.189478,-13.359478,-13.049478,-12.579477,-12.3794775,-12.539477,-12.739477,-12.979478,-13.159477,-13.169477,-12.779477,-12.279477,-11.839478,-11.649478,-11.489477,-10.939478,-10.299478,-9.859478,-9.549478,-8.859478,-8.199477,-7.5694776,-6.8794775,-6.0894775,-5.1194777,-4.0094776,-3.0994775,-1.9694775,-0.62947756,-1.1494775,3.8005226,4.6205225,5.3205223,5.0105224,5.7305226
-10.299478,-10.599478,-10.769478,-10.829477,-10.939478,-10.959477,-11.109478,-11.319477,-11.499477,-11.479478,-11.429478,-11.439478,-11.559478,-11.779477,-11.899478,-12.039477,-12.239477,-12.369477,-12.479478,-12.599478,-12.769478,-12.929478,-13.169477,-13.479478,-13.479478,-12.889478,-12.699477,-12.649478,-12.489477,-12.359478,-12.579477,-12.759478,-12.649478,-12.399478,-12.319477,-12.229478,-11.849478,-11.109478,-10.659477,-10.579477,-10.359478,-9.679478,-8.959477,-8.199477,-7.2894773,-6.2994776,-5.1294775,-4.1694775,-2.9394774,-1.8994775,0.10052246,0.55052245,3.2905226,5.6405225,5.9805226,6.0505223,5.9805226
-10.309478,-10.649478,-10.799478,-10.889478,-11.049478,-11.209477,-11.399478,-11.549478,-11.749477,-11.979478,-12.039477,-12.049478,-12.039477,-11.949477,-11.929478,-11.959477,-12.069477,-12.209477,-12.339478,-12.549478,-12.819477,-13.089478,-13.319477,-13.529477,-13.649478,-13.309478,-13.009478,-12.779477,-12.529477,-12.549478,-12.749477,-12.869477,-12.769478,-12.679478,-12.499477,-12.449477,-12.059478,-11.689478,-11.789477,-11.579477,-10.839478,-10.359478,-9.589478,-8.639478,-7.9694777,-7.2494774,-5.8694777,-4.5294776,-3.0394776,-1.5194775,0.69052243,2.0005224,3.4205225,6.5705223,6.3505225,6.1705227,4.4805226
