UV_10m_small_gfs.t12z.pgrb2.0p25.f027.json
{"header": { "discipline":0, "disciplineName":"Meteorological products", "gribEdition":2, "gribLength":17311, "center":7, "centerName":"US National Weather Service - NCEP(WMC)", "subcenter":0, "refTime":"2023-03-21T12:00:00.000Z", "significanceOfRT":1, "significanceOfRTName":"Start of forecast", "productStatus":0, "productStatusName":"Operational products", "productType":1, "productTypeName":"Forecast products", "productDefinitionTemplate":0, "productDefinitionTemplateName":"Analysis/forecast at horizontal level/layer at a point in time", "parameterCategory":2, "parameterCategoryName":"Momentum", "parameterNumber":3, "parameterNumberName":"V-component_of_wind", "parameterUnit":"m.s-1", "genProcessType":2, "genProcessTypeName":"Forecast", "forecastTime":27, "surface1Type":103, "surface1TypeName":"Specified height level above ground", "surface1Value":10.0, "surface2Type":255, "surface2TypeName":"Missing", "surface2Value":0.0, "gridDefinitionTemplate":0, "gridDefinitionTemplateName":"Latitude_Longitude", "numberPoints":11421, "shape":6, "shapeName":"Earth spherical with radius of 6,371,229.0 m", "gridUnits":"degrees", "resolution":48, "winds":"true", "scanMode":64, "nx":141, "ny":81, "basicAngle":0, "lo1":210.0, "la1":30.0, "lo2":245.0, "la2":50.0, "dx":0.25, "dy":0.25 }, "data":
[rows 0 to 24 of 81, columns 0 to 57 of 141]
0.1492334,-0.1707666,-0.6007666,-0.9507666,-1.2907666,-1.3607666,-1.2407666,-1.2707666,-1.4907666,-1.9507666,-2.6807666,-3.4007666,-3.6507666,-3.4907665,-3.2407665,-3.2107666,-3.4807665,-3.9007666,-4.5207667,-4.7907667,-4.7007666,-4.8207664,-4.920767,-4.940767,-4.960767,-5.1407666,-5.5307665,-5.5607667,-5.3707666,-5.5607667,-5.8107667,-5.9007664,-6.1607666,-6.3407664,-6.2907667,-6.3307667,-6.5607667,-6.0407667,-6.5807667,-6.9007664,-6.3307667,-6.5507665,-6.5307665,-6.3907666,-6.0107665,-6.210767,-6.1507664,-6.480767,-7.420767,-7.2007666,-8.000767,-7.6407666,-7.5807667,-7.6107664,-7.440767,-7.730767,-8.620767,-8.570766
0.3292334,-0.0807666,-0.4107666,-0.6207666,-0.7207666,-0.9907666,-1.2007666,-1.4207666,-1.6707666,-2.6007667,-2.8507667,-2.9207666,-2.9307666,-2.8607666,-2.9307666,-2.9507666,-2.9507666,-3.1207666,-3.5907667,-4.0307665,-4.2207665,-4.1607666,-4.190767,-4.3907666,-4.670767,-4.920767,-5.230767,-5.4307666,-4.8107667,-4.9507666,-5.5207667,-6.0907664,-6.5707664,-6.440767,-6.5207667,-6.2607665,-6.6507664,-6.920767,-6.5007668,-6.5807667,-6.8007665,-6.3907666,-6.3307667,-6.3607664,-6.2407665,-6.2707667,-6.4507666,-7.5007668,-7.2007666,-7.1107664,-7.3807664,-6.8907666,-7.0907664,-7.3307667,-7.7807665,-8.370767,-8.660767,-8.470767
0.2492334,-0.2407666,-0.4207666,-0.4507666,-0.5607666,-0.7007666,-1.1207666,-1.6207666,-2.0007665,-2.5807667,-2.5907667,-2.5907667,-2.6407666,-2.7307665,-2.9707665,-3.1507666,-3.0607667,-3.0007665,-3.2607665,-3.4807665,-3.8007667,-4.3107667,-4.5007668,-4.480767,-4.3907666,-4.6407666,-4.9907665,-5.480767,-5.4307666,-5.3407664,-5.5307665,-6.0807667,-6.4507666,-6.2607665,-6.670767,-6.420767,-6.2407665,-6.230767,-6.420767,-6.5507665,-6.7707667,-6.1207666,-6.190767,-6.3007665,-6.5507665,-6.6407666,-7.1107664,-7.2007666,-6.8707666,-7.0407667,-6.670767,-6.5407667,-6.460767,-7.3907666,-8.000767,-8.270766,-8.240767,-8.480766
0.1992334,-0.0807666,-0.3107666,-0.5207666,-0.5907666,-0.8007666,-1.3707666,-2.1407666,-2.8907666,-2.4907665,-2.2207665,-2.5107665,-2.7307665,-2.8407667,-2.9707665,-3.0107665,-2.9207666,-3.1107666,-3.3507667,-3.1507666,-3.2007666,-3.9007666,-4.6307664,-5.0307665,-4.7907667,-4.6807666,-5.0307665,-5.7607665,-6.0407667,-6.0207667,-6.0107665,-5.920767,-6.0707664,-6.1107664,-6.0907664,-6.5207667,-6.8007665,-6.9107666,-6.9307666,-6.1407666,-6.3307667,-6.4107666,-6.440767,-6.6507664,-6.4007664,-6.5707664,-7.1407666,-6.6607666,-7.1207666,-6.9107666,-6.1607666,-6.9007664,-6.9107666,-6.9107666,-7.8007665,-8.000767,-8.140766,-8.420767
0.2092334,-7.666016E-4,-0.4207666,-0.5807666,-0.7707666,-1.2607666,-1.7107666,-2.2607665,-2.4107666,-2.2907667,-2.2507665,-2.5807667,-2.7007666,-2.8407667,-2.9307666,-2.9507666,-3.0307665,-3.1107666,-3.3907666,-3.6307666,-3.0907667,-3.0507667,-3.8207667,-4.5107665,-5.0307665,-5.2607665,-5.4307666,-6.2207665,-6.8707666,-6.230767,-6.3707666,-6.3807664,-6.420767,-6.6207666,-6.7007666,-6.3407664,-6.5007668,-6.6307664,-6.5807667,-6.5807667,-6.3307667,-6.8407664,-6.730767,-6.6407666,-6.6607666,-7.3307667,-6.8807664,-7.3507667,-6.940767,-6.670767,-6.7407665,-6.5207667,-6.8307667,-7.8507667,-7.940767,-7.8607664,-8.040767,-8.330767
0.2592334,-0.010766601,-0.2307666,-0.5807666,-1.0607666,-1.4607666,-1.7907666,-1.9207666,-2.0707667,-2.3307667,-2.5007665,-2.6207666,-2.3907666,-2.5707667,-2.7607665,-2.8607666,-3.2707665,-3.2707665,-3.5307665,-4.0007668,-4.230767,-2.9707665,-3.3607666,-4.5207667,-5.0607667,-5.6307664,-5.730767,-5.8407664,-6.5307665,-6.5507665,-6.5007668,-6.5707664,-6.6407666,-6.6607666,-7.1807666,-7.170767,-6.5807667,-6.5707664,-6.5807667,-6.3007665,-6.4307666,-6.5007668,-6.5407667,-6.6107664,-7.8507667,-7.8807664,-6.9307666,-7.3107667,-6.940767,-6.9007664,-6.8807664,-7.190767,-7.730767,-7.8507667,-7.7007666,-7.7407665,-7.9307666,-8.320766
0.009233398,-7.666016E-4,-0.3007666,-0.8607666,-1.3307666,-1.5607666,-1.7107666,-1.9007666,-2.1307666,-2.4007666,-2.5507667,-2.4607666,-2.4407666,-2.8707666,-2.9207666,-2.9207666,-3.3207667,-3.5307665,-3.6507666,-4.0707664,-4.8307667,-4.7907667,-3.6407666,-4.0207667,-5.0407667,-5.7707667,-6.0507665,-5.7707667,-6.2207665,-7.2507668,-6.5307665,-6.460767,-6.1407666,-6.190767,-6.1507664,-6.6507664,-7.0007668,-6.9307666,-6.6207666,-6.5607667,-6.4307666,-6.3807664,-6.5507665,-7.2007666,-8.0307665,-7.3307667,-7.5207667,-7.230767,-7.0507665,-6.8207664,-7.0007668,-7.460767,-7.8007665,-7.690767,-7.6207666,-7.690767,-7.9707665,-8.390766
-0.0907666,-0.1207666,-0.5507666,-0.8707666,-1.1007667,-1.5507666,-1.9407666,-2.0207665,-1.8907666,-1.8807666,-2.1507666,-2.2407665,-2.4807665,-2.7207665,-3.0307665,-3.1407666,-3.4607666,-3.6307666,-3.6507666,-3.8507667,-4.5307665,-4.9507666,-4.2707667,-4.3107667,-4.6607666,-5.170767,-5.6507664,-5.9107666,-5.9907665,-6.5107665,-6.5007668,-6.2507668,-6.1607666,-6.1307664,-6.2607665,-6.1807666,-6.3307667,-6.3407664,-6.5007668,-6.6007667,-6.5207667,-6.5007668,-6.710767,-7.8107667,-7.190767,-7.3607664,-6.8107667,-6.5607667,-6.5907664,-6.690767,-7.3307667,-7.710767,-7.6007667,-7.5707664,-7.7407665,-8.000767,-8.200767,-8.300767
0.2292334,-0.2607666,-0.4907666,-0.7207666,-1.0407666,-1.5307666,-1.8707666,-1.9807667,-1.7307667,-1.6907666,-1.8807666,-2.1007667,-2.3407667,-2.5907667,-3.0607667,-3.2607665,-3.3407667,-3.4607666,-3.6407666,-3.6507666,-4.1107664,-4.8407664,-4.8507667,-4.440767,-4.6407666,-4.4707665,-4.8707666,-5.6807666,-6.0507665,-6.0407667,-6.4707665,-5.980767,-6.1307664,-6.3407664,-6.460767,-6.3607664,-6.0307665,-6.1407666,-6.5807667,-6.8607664,-7.1807666,-6.7907667,-7.1807666,-7.0007668,-6.940767,-6.7207665,-6.9507666,-7.210767,-6.6807666,-7.2407665,-7.5907664,-7.480767,-7.440767,-7.6507664,-7.980767,-8.220767,-8.500767,-8.560766
0.5392334,-0.020766601,-0.4207666,-0.7107666,-1.2007666,-1.6307666,-1.8007666,-2.0107665,-1.9607666,-2.1207666,-2.3407667,-2.2707665,-2.4207666,-2.6407666,-2.9007666,-3.2707665,-3.4107666,-3.6407666,-3.7607665,-3.9807665,-4.0607667,-4.7707667,-5.2407665,-4.7707667,-4.8407664,-5.0707664,-4.9907665,-5.0807667,-5.7607665,-6.0107665,-6.3607664,-6.2907667,-6.1607666,-6.0007668,-5.8607664,-6.1207666,-6.1307664,-6.3407664,-6.4307666,-6.4507666,-6.7907667,-6.730767,-7.4907665,-6.7807665,-6.6507664,-6.1507664,-7.2507668,-7.5307665,-7.4307666,-7.4307666,-7.420767,-7.3607664,-7.5507665,-7.7507668,-7.940767,-8.220767,-8.540767,-8.800767
0.3792334,0.0792334,-0.2407666,-0.6707666,-1.3507667,-1.8907666,-2.0507667,-2.4007666,-2.5007665,-2.6807666,-3.0207665,-2.9307666,-2.8207667,-2.8807666,-3.1007667,-3.1907666,-3.5107665,-3.6307666,-3.5007665,-3.8207667,-4.2407665,-4.8007665,-5.2807665,-5.4007664,-5.460767,-5.6007667,-5.4307666,-5.5707664,-5.6807666,-5.920767,-5.9907665,-6.3507667,-6.3307667,-6.2507668,-6.0507665,-5.9707665,-6.1207666,-6.2007666,-6.3207664,-6.3707666,-6.5907664,-6.730767,-7.2407665,-6.6007667,-6.3107667,-6.6007667,-7.0107665,-6.6607666,-6.6207666,-7.170767,-7.2407665,-7.2707667,-7.5007668,-7.6207666,-7.8707666,-8.160767,-8.420767,-8.600766
-0.20076661,-0.2507666,-0.2307666,-0.7207666,-1.2707666,-2.0107665,-2.3907666,-2.4707665,-2.7707665,-2.7107666,-2.8107667,-2.5607667,-2.6007667,-2.5807667,-2.8307667,-2.9207666,-3.1507666,-3.6207666,-3.8807666,-3.9207666,-4.0307665,-4.210767,-4.710767,-5.670767,-5.980767,-5.920767,-5.4507666,-5.420767,-5.6807666,-5.6407666,-5.670767,-5.980767,-6.2207665,-6.210767,-5.9907665,-5.8207664,-5.8607664,-5.9307666,-6.1807666,-6.460767,-6.3907666,-6.960767,-7.3107667,-6.6607666,-6.0507665,-6.5907664,-6.9007664,-6.8107667,-7.0107665,-7.230767,-7.2207665,-7.2807665,-7.5307665,-7.7507668,-8.010767,-8.180767,-8.310766,-8.430767
-0.4307666,-0.3807666,-0.5107666,-0.6507666,-0.8007666,-1.1707666,-1.6107666,-1.9907666,-2.2907667,-2.3007667,-2.7707665,-2.8707666,-2.7907667,-2.7607665,-2.8807666,-3.2607665,-3.0607667,-3.0707667,-3.6307666,-3.9407666,-4.210767,-4.1807666,-4.440767,-5.3107667,-6.0007668,-6.0407667,-5.5507665,-5.1107664,-5.4507666,-5.9107666,-6.0807667,-6.2207665,-6.6807666,-6.4107666,-6.4707665,-6.5107665,-6.1807666,-5.5407667,-6.170767,-6.3307667,-6.2407665,-6.5607667,-7.1507664,-6.8107667,-5.8307667,-6.1307664,-6.460767,-6.7407665,-6.960767,-7.0607667,-7.0807667,-7.2907667,-7.6507664,-7.980767,-8.120767,-8.150766,-8.160767,-8.230766
-0.3507666,-0.6207666,-0.7107666,-0.7207666,-0.7407666,-0.8907666,-1.2007666,-1.5507666,-1.6607666,-2.0107665,-2.6207666,-2.7207665,-2.6207666,-2.7807665,-2.9207666,-2.9607666,-3.0407667,-3.3407667,-3.4407666,-3.5707667,-4.1507664,-4.8007665,-5.2007666,-5.5807667,-5.7407665,-5.8007665,-5.690767,-5.4307666,-5.170767,-5.420767,-6.0407667,-6.0507665,-6.2407665,-6.690767,-6.5507665,-6.5907664,-6.440767,-6.1307664,-5.8207664,-6.3307667,-6.4107666,-7.3607664,-6.9707665,-5.9907665,-5.7007666,-6.4007664,-6.5207667,-7.0407667,-6.960767,-6.8407664,-6.9907665,-7.2907667,-7.6407666,-7.8807664,-7.980767,-8.090767,-8.160767,-8.200767
-0.0707666,-0.2107666,-0.5407666,-0.7907666,-0.5507666,-0.6107666,-1.0107666,-1.4307666,-1.7907666,-1.7807666,-2.0207665,-2.2007666,-2.3207667,-2.4407666,-2.7007666,-2.9707665,-3.2107666,-3.3507667,-3.5007665,-3.4207666,-3.1907666,-3.3207667,-4.3207664,-5.1207666,-5.5707664,-5.8507667,-5.8007665,-5.8507667,-5.9307666,-5.8907666,-5.6807666,-5.8507667,-6.0007668,-6.5007668,-6.4107666,-6.5507665,-6.3807664,-6.3807664,-5.7607665,-5.9507666,-6.7907667,-6.6507664,-7.0507665,-7.170767,-7.1107664,-7.0307665,-6.7907667,-6.8607664,-6.940767,-6.8807664,-7.0407667,-7.2907667,-7.5207667,-7.6307664,-7.7707667,-7.9707665,-8.140766,-8.170767
-0.1907666,-0.2107666,-0.3307666,-0.5007666,-0.5907666,-0.4507666,-0.7907666,-1.0507666,-1.6307666,-1.7507666,-2.0607667,-2.3507667,-2.2907667,-2.1107666,-2.3807666,-2.9207666,-3.1107666,-3.1807666,-2.9607666,-2.9507666,-3.2207665,-3.2707665,-3.0107665,-3.4707665,-4.3807664,-4.9007664,-5.4007664,-5.6307664,-6.0607667,-6.3107667,-6.0007668,-5.8807664,-6.1007667,-6.6207666,-6.5007668,-6.3107667,-6.3407664,-6.230767,-6.3507667,-5.7007666,-7.0007668,-6.4507666,-7.4107666,-7.2507668,-6.9007664,-6.8307667,-6.6307664,-6.7607665,-6.8907666,-6.940767,-7.1107664,-7.2807665,-7.4007664,-7.4707665,-7.6407666,-7.8807664,-8.070766,-8.160767
-0.6807666,-1.2707666,-1.1007667,-0.6807666,-0.8307666,-0.6407666,-0.3007666,-0.010766601,-0.0407666,-0.8007666,-1.4307666,-0.7807666,-1.2407666,-1.5007666,-2.3107667,-2.9507666,-3.6607666,-3.8107667,-3.6307666,-2.9007666,-2.1707666,-3.0607667,-3.4307666,-2.7507665,-2.6007667,-3.5407667,-4.4007664,-4.9107666,-5.2507668,-5.8007665,-6.0607667,-6.0107665,-5.7707667,-6.170767,-6.8007665,-6.440767,-6.2407665,-6.1107664,-5.8807664,-5.6507664,-6.920767,-6.210767,-6.7907667,-6.5407667,-6.1407666,-6.2007666,-6.6007667,-6.9307666,-6.940767,-6.9507666,-7.1107664,-7.2407665,-7.3507667,-7.440767,-7.5507665,-7.7207665,-7.9707665,-8.210767
-0.6807666,-1.3407665,-1.3607666,-1.1607666,-0.8907666,-1.0207666,-1.8307666,-1.2107666,-0.3707666,-1.2207665,-1.5807666,-2.5507667,-1.5307666,-1.1407666,-2.4707665,-3.5207665,-4.0807667,-4.6507664,-5.3407664,-5.1007667,-3.6407666,-1.3007666,-2.5307665,-3.1607666,-2.5707667,-2.3407667,-3.1507666,-4.190767,-4.6607666,-5.4307666,-5.6807666,-5.920767,-5.8207664,-5.6307664,-6.190767,-6.3607664,-6.210767,-6.1107664,-5.920767,-6.0807667,-6.6007667,-5.7907667,-6.5407667,-6.2607665,-5.8007665,-6.3607664,-6.940767,-7.0707664,-6.940767,-6.920767,-7.0607667,-7.2607665,-7.3407664,-7.460767,-7.5807667,-7.6307664,-7.8507667,-8.130767
-0.2807666,-0.6707666,-0.9807666,-1.0007666,-1.4507666,-2.1207666,-2.9307666,-3.7707665,-2.4307666,-1.7307667,-2.6707666,-3.4907665,-3.3407667,-2.2607665,-2.8907666,-3.7107666,-4.2507668,-4.670767,-5.1107664,-5.7507668,-5.7407665,0.3492334,-0.8607666,-1.9607666,-2.5407667,-2.6807666,-2.6307666,-3.1907666,-4.1607666,-4.9507666,-5.5407667,-5.670767,-5.4907665,-5.5207667,-5.8607664,-6.1507664,-6.0307665,-6.0907664,-6.0207667,-6.0407667,-6.5707664,-6.1107664,-5.5607667,-5.8907666,-6.460767,-6.460767,-6.5907664,-6.7507668,-6.920767,-6.980767,-7.0507665,-7.2407665,-7.3507667,-7.3807664,-7.5407667,-7.710767,-7.9007664,-8.0307665
-2.1007667,-2.2307665,-2.0407667,-2.1907666,-2.5207665,-3.0407667,-3.3607666,-3.2207665,-2.9307666,-3.1107666,-2.8507667,-2.8907666,-2.6707666,-2.7507665,-3.0807667,-3.5707667,-4.0307665,-4.5407667,-5.0507665,-5.7007666,-5.7007666,-2.0907667,-0.9407666,-1.4807667,-1.6607666,-2.3507667,-2.8007667,-2.6407666,-3.1107666,-4.1507664,-4.4707665,-5.460767,-5.6107664,-5.3507667,-5.3207664,-6.0807667,-6.1507664,-5.960767,-5.9907665,-5.920767,-6.0907664,-6.8007665,-5.5707664,-5.190767,-5.730767,-5.920767,-6.1007667,-6.5107665,-6.8907666,-7.0407667,-7.1307664,-7.170767,-7.2607665,-7.2507668,-7.3207664,-7.5707664,-7.8007665,-7.960767
-1.9107666,-2.0007665,-2.3207667,-2.5907667,-2.9007666,-3.1007667,-3.0907667,-2.8907666,-2.7207665,-2.7707665,-2.6807666,-2.4007666,-2.4707665,-2.5207665,-2.7707665,-3.1307666,-3.6607666,-4.1007667,-4.2007666,-4.3407664,-5.0007668,-3.7507665,-1.5507666,-1.4907666,-1.3007666,-1.6507666,-2.4407666,-2.5107665,-2.3807666,-3.2107666,-3.8007667,-4.8107667,-5.5607667,-5.8707666,-5.1607666,-5.8507667,-6.2507668,-6.0307665,-6.0007668,-5.9007664,-5.8507667,-6.4907665,-6.460767,-5.3707666,-5.4907665,-5.4007664,-5.6007667,-6.1107664,-6.5907664,-6.940767,-7.1207666,-7.1507664,-7.210767,-7.2707667,-7.3607664,-7.4707665,-7.6307664,-7.8507667
-1.6807666,-1.5807666,-1.8007666,-2.1207666,-2.3607666,-2.3007667,-2.3307667,-2.3007667,-2.4407666,-2.4907665,-2.4007666,-2.0307665,-2.0307665,-2.1807666,-2.5907667,-2.9007666,-3.2707665,-3.6407666,-3.7107666,-3.6007667,-4.3307667,-4.5207667,-3.6107666,-2.8007667,-0.7807666,-0.9807666,-1.7507666,-2.2807665,-2.1107666,-2.1507666,-2.3807666,-3.9607666,-5.1207666,-5.4507666,-5.5007668,-6.2807665,-5.960767,-6.1407666,-5.940767,-5.9107666,-6.0207667,-5.8807664,-6.210767,-6.3407664,-6.230767,-5.0907664,-5.3507667,-5.5207667,-5.960767,-6.5107665,-6.9507666,-7.170767,-7.2407665,-7.3007665,-7.4307666,-7.5507665,-7.6307664,-7.8307667
-1.9007666,-2.0007665,-1.9807667,-1.9607666,-2.0007665,-2.0907667,-2.1007667,-1.9307666,-2.0607667,-2.2507665,-2.4507666,-2.4907665,-2.1007667,-2.5007665,-3.1107666,-3.1607666,-3.3407667,-3.6607666,-3.7407665,-4.0907664,-3.9607666,-3.8807666,-4.4107666,-4.0107665,-3.8107667,-1.5507666,-1.5807666,-1.9607666,-1.9407666,-2.2507665,-2.5407667,-3.1607666,-4.0407667,-4.0707664,-4.8207664,-6.3507667,-6.460767,-6.0207667,-6.0407667,-5.920767,-5.9907665,-6.1307664,-6.1807666,-6.5707664,-6.5607667,-5.1407666,-5.670767,-5.190767,-5.420767,-6.1107664,-6.5707664,-6.9507666,-7.210767,-7.3407664,-7.4107666,-7.5307665,-7.7007666,-7.8807664
-2.3507667,-2.2707665,-2.3507667,-2.2307665,-2.0007665,-1.9507666,-1.9707665,-2.0707667,-2.1607666,-2.6007667,-2.8707666,-3.0207665,-2.9507666,-2.8707666,-3.0007665,-3.2407665,-3.2707665,-3.2107666,-3.1007667,-2.9707665,-3.1807666,-2.8907666,-2.8707666,-3.0207665,-2.6407666,-3.1207666,-2.2707665,-2.0707667,-1.7607666,-1.6007667,-2.0507667,-2.5807667,-3.1907666,-3.5707667,-3.9607666,-5.190767,-6.4707665,-6.3807664,-6.0507665,-6.0607667,-6.0307665,-6.0607667,-6.0807667,-6.1107664,-6.4307666,-6.7607665,-7.6107664,-5.1007667,-5.210767,-6.3707666,-6.6107664,-6.7007666,-7.0407667,-7.2907667,-7.3707666,-7.5007668,-7.6607666,-7.8407664
-2.6907666,-2.3307667,-2.2907667,-2.4007666,-2.4507666,-2.4307666,-2.2607665,-2.2807665,-2.5907667,-2.7907667,-3.1607666,-3.3307667,-3.4007666,-3.1507666,-2.9507666,-2.8407667,-2.6307666,-2.5707667,-2.6007667,-2.6007667,-2.6707666,-2.7807665,-2.7807665,-3.1207666,-3.6507666,-2.9807665,-2.6107666,-2.4907665,-2.6607666,-1.6807666,-1.6707666,-1.8707666,-2.4307666,-3.0807667,-3.3907666,-4.0807667,-5.3407664,-6.6307664,-6.420767,-6.1607666,-6.2007666,-6.230767,-6.190767,-6.1107664,-6.210767,-6.3407664,-6.920767,-5.7907667,-4.5807667,-6.0807667,-6.6407666,-6.7907667,-6.8707666,-7.190767,-7.3707666,-7.5007668,-7.6607666,-7.7907667
