UV_10m_small_gfs.t12z.pgrb2.0p25.f021.json
{"header": { "discipline":0, "disciplineName":"Meteorological products", "gribEdition":2, "gribLength":17311, "center":7, "centerName":"US National Weather Service - NCEP(WMC)", "subcenter":0, "refTime":"2023-03-21T12:00:00.000Z", "significanceOfRT":1, "significanceOfRTName":"Start of forecast", "productStatus":0, "productStatusName":"Operational products", "productType":1, "productTypeName":"Forecast products", "productDefinitionTemplate":0, "productDefinitionTemplateName":"Analysis/forecast at horizontal level/layer at a point in time", "parameterCategory":2, "parameterCategoryName":"Momentum", "parameterNumber":2, "parameterNumberName":"U-component_of_wind", "parameterUnit":"m.s-1", "genProcessType":2, "genProcessTypeName":"Forecast", "forecastTime":21, "surface1Type":103, "surface1TypeName":"Specified height level above ground", "surface1Value":10.0, "surface2Type":255, "surface2TypeName":"Missing", "surface2Value":0.0, "gridDefinitionTemplate":0, "gridDefinitionTemplateName":"Latitude_Longitude", "numberPoints":11421, "shape":6, "shapeName":"Earth spherical with radius of 6,371,229.0 m", "gridUnits":"degrees", "resolution":48, "winds":"true", "scanMode":64, "nx":141, "ny":81, "basicAngle":0, "lo1":210.0, "la1":30.0, "lo2":245.0, "la2":50.0, "dx":0.25, "dy":0.25 }, "data":
[rows 26 to 51 of 81, columns 0 to 59 of 141]
1.3063867,1.7663867,1.9263867,2.0463867,2.3063867,2.7663867,2.8363867,2.6163867,2.1263866,2.6863868,2.8863866,2.7863867,3.3563867,3.5963867,3.2063868,2.8163867,2.5663867,2.3063867,1.8063867,2.1563866,3.0063868,3.1263866,3.5963867,3.0163867,2.4963868,2.5963867,2.6563866,2.4463868,1.8663868,1.0763867,0.40638673,0.6363867,1.4363867,1.4963868,1.1963867,1.9263867,2.5263867,3.2763867,3.3663867,2.9163866,3.1263866,2.2863867,1.5863867,1.9363867,1.3563867,1.3463867,2.1163867,2.3463867,2.3163867,2.5063868,2.6463866,2.3363867,2.0363867,2.0463867,2.1763868,2.2663867,2.3863866,2.4363868,2.4663868,2.8063867
1.9463867,2.5163867,2.2963867,2.0763867,2.4863868,2.9063866,2.8663867,2.8463867,2.6463866,2.9663868,3.2363868,3.4063866,3.5763867,3.6463866,3.6963868,3.3963866,2.9863868,2.5863867,2.3863866,2.8663867,3.2263868,3.1163867,3.4163866,4.076387,3.5263867,2.9863868,3.1863868,3.0263867,2.6863868,2.3063867,1.3663868,0.7563867,1.0963867,1.6563867,1.8063867,1.9263867,2.4363868,3.1063867,3.6163867,3.4663868,3.4263868,3.8863866,2.5263867,2.0463867,2.0263867,1.5263867,1.9563867,2.2863867,2.3563867,2.6763868,2.8363867,2.5763867,2.3363867,2.3063867,2.3863866,2.4263868,2.5263867,2.6563866,2.8763866,3.1563866
2.6063867,2.7563868,2.1463866,2.1563866,2.8563867,3.2663867,3.1163867,2.9163866,2.9563868,3.0863867,3.2263868,3.5463867,3.7763867,3.8363867,3.9963868,4.1063867,3.4663868,2.4463868,2.4963868,3.2063868,3.4163866,3.2663867,3.3763866,4.0363865,4.3163867,3.7863867,3.7663867,3.9963868,3.5963867,2.8463867,2.1963868,1.6863867,1.3763868,1.6763867,2.2063868,2.2463868,2.5663867,2.9863868,3.5363867,3.7963867,3.9463868,4.1663866,3.3863866,2.5263867,2.5263867,1.8363867,1.7963867,2.1363866,2.4163866,2.7763867,2.9663868,2.8063867,2.6363866,2.6363866,2.7363868,2.6363866,2.6263866,2.8663867,3.2863867,3.3663867
2.6263866,2.6363866,2.7563868,3.0363867,3.5163867,3.6663866,3.6463866,3.3763866,3.3163867,3.2863867,3.5463867,3.7463868,3.8663867,3.9963868,4.2763867,4.5163865,3.6263866,2.4663868,2.7063868,3.1763868,3.2563868,3.2263868,3.3263867,3.8163867,4.3563867,4.676387,4.676387,4.5663867,3.8363867,3.0563867,2.7063868,2.4063866,2.0263867,1.8563867,2.2963867,2.6363866,2.7563868,2.9963868,3.3363867,3.8363867,4.216387,4.4163866,4.5863867,3.8863866,2.5763867,1.9563867,1.8663868,2.0763867,2.4963868,2.8663867,2.9863868,2.9863868,2.9063866,2.8863866,2.9863868,2.9463868,2.9663868,3.2463868,3.4863868,3.4063866
3.1363866,3.0663867,3.4963868,3.5663867,3.5663867,3.7963867,3.9863868,3.7263868,3.8963866,3.8463867,4.0463867,4.1263866,4.2463865,4.2263865,4.466387,4.7063866,3.7063868,2.6963868,3.0563867,3.4963868,3.3463867,3.2463868,3.4763868,3.9563868,4.306387,4.616387,4.8563867,4.806387,3.7663867,3.3663867,3.1963868,2.9563868,2.7163868,2.4763868,2.7063868,2.9063866,2.9463868,3.0463867,3.2463868,3.8063867,4.3763866,4.446387,4.5263867,4.5463867,2.4863868,1.8263867,2.0163867,2.2263868,2.7463868,3.0163867,3.0263867,3.0363867,3.1363866,3.1763868,3.2263868,3.2363868,3.2463868,3.4063866,3.4863868,3.4063866
3.2963867,3.4563868,4.1463866,3.7463868,3.6163867,4.176387,4.2663865,4.0863867,4.2963867,4.2663865,4.406387,4.676387,4.7063866,4.596387,4.866387,4.966387,4.176387,3.3763866,3.5763867,4.0463867,3.9363868,3.6263866,3.7163868,4.116387,4.6463866,4.906387,4.846387,4.9963865,4.2663865,3.5663867,3.5463867,3.5963867,3.3463867,2.9963868,3.1563866,3.3963866,3.2663867,3.2563868,3.3963866,3.7063868,4.3963866,4.676387,4.596387,4.6463866,3.2863867,1.9663867,2.1963868,2.3963866,3.0163867,3.1463866,3.0663867,3.0763867,3.2263868,3.4063866,3.4563868,3.4663868,3.4863868,3.5863867,3.6763868,3.5963867
3.8363867,4.2563868,4.426387,4.236387,4.386387,4.8963866,4.8163867,4.7063866,4.7463865,4.6463866,4.8563867,5.076387,4.9963865,4.9563866,5.2263865,5.2863865,4.576387,3.9163866,4.0363865,4.5163865,4.5463867,4.3363867,4.2763867,4.446387,4.9763865,5.236387,5.1463866,5.0063868,4.846387,4.0463867,3.9663868,4.0463867,3.9563868,3.6563866,3.4563868,3.5563867,3.6663866,3.5063868,3.6663866,3.8863866,4.2763867,4.7763867,4.8963866,4.826387,3.7763867,2.6063867,2.3663867,2.3963866,3.0663867,3.3063867,3.2363868,3.2263868,3.3763866,3.5663867,3.6263866,3.6263866,3.7063868,3.8363867,3.9263868,3.8563867
4.5663867,4.7663865,4.886387,4.8563867,4.9963865,5.446387,5.426387,5.346387,5.346387,5.306387,5.3563867,5.3963866,5.446387,5.576387,5.5063868,5.2763867,4.6663866,4.1863866,4.5363865,5.1463866,5.1063867,4.946387,5.0263867,5.096387,5.346387,5.576387,5.656387,5.326387,5.306387,4.5863867,4.5163865,4.486387,4.576387,4.2863865,3.8663867,3.6463866,3.9963868,3.8563867,3.8463867,4.0863867,4.3163867,4.676387,5.0063868,5.196387,4.406387,3.3363867,2.7863867,2.7863867,2.9763868,3.2363868,3.4663868,3.4663868,3.4663868,3.6263866,3.8363867,3.9363868,3.9563868,3.9363868,3.9663868,3.9763868
4.9763865,5.0663867,5.4163866,5.326387,5.3763866,5.826387,5.906387,5.9363866,5.946387,5.9163866,5.846387,5.9563866,6.156387,6.1463866,5.7663865,5.236387,4.8563867,4.7663865,5.1663866,5.596387,5.466387,5.4163866,5.6063867,5.846387,6.0163865,6.0663867,6.0263867,6.216387,6.0863867,5.4763865,5.056387,5.0163865,4.966387,4.6663866,4.4763865,3.9463868,3.7163868,4.0163865,4.0863867,4.2663865,4.5263867,4.866387,5.216387,5.346387,5.0063868,4.0063868,3.1663866,3.1563866,3.1963868,3.3963866,3.5363867,3.4963868,3.4863868,3.7163868,4.0463867,4.2263865,4.2263865,4.116387,4.096387,4.136387
5.4563866,5.716387,5.7763867,5.9563866,6.0463867,6.3163867,6.5463867,6.6463866,6.5663867,6.4163866,6.346387,6.5463867,6.716387,6.5263867,6.0263867,5.4763865,5.2863865,5.2863865,5.5363865,5.8563867,5.736387,5.6063867,6.0063868,6.426387,6.6663866,6.806387,6.946387,7.1263866,6.7063866,6.1263866,5.636387,5.6863866,5.426387,5.1063867,5.0363865,4.656387,3.9263868,4.236387,4.676387,4.486387,4.7963867,5.0663867,5.326387,5.466387,5.6463866,4.676387,3.6163867,3.3563867,3.2463868,3.3963866,3.6163867,3.7963867,3.7763867,3.8663867,4.096387,4.2563868,4.3163867,4.2763867,4.1863866,4.176387
5.7463865,6.1063867,6.236387,6.366387,6.5663867,6.886387,7.116387,7.1063867,6.8563867,6.7763867,6.866387,7.0363865,7.0863867,6.8563867,6.3763866,5.946387,5.7563868,5.616387,5.7963867,6.076387,6.116387,6.2463865,6.6663866,6.8763866,6.9363866,7.096387,7.366387,7.426387,7.096387,6.5463867,6.0063868,5.9163866,5.8963866,5.5863867,5.5663867,5.2963867,4.616387,4.4163866,4.5463867,4.5863867,4.966387,5.2463865,5.466387,5.5463867,5.846387,5.1663866,4.176387,3.5863867,3.3063867,3.3263867,3.5563867,3.9763868,4.0863867,4.1663866,4.346387,4.446387,4.406387,4.3163867,4.2463865,4.2563868
5.866387,6.1863866,6.5163865,6.6463866,6.7563868,7.096387,7.426387,7.2463865,6.986387,6.9163866,7.236387,7.446387,7.446387,7.176387,6.7763867,6.4563866,6.1063867,6.0363865,6.3763866,6.576387,6.5263867,6.8163867,7.2763867,7.326387,7.3163867,7.406387,7.5263867,7.466387,7.386387,6.946387,6.2963867,5.9163866,6.0163865,6.0363865,6.136387,5.966387,5.326387,4.676387,4.406387,4.676387,4.9963865,5.2663865,5.5063868,5.716387,5.926387,5.656387,4.7263865,4.0363865,3.5863867,3.4663868,3.6563866,4.0463867,4.236387,4.2563868,4.426387,4.6263866,4.6663866,4.5663867,4.486387,4.406387
6.616387,6.7563868,6.826387,6.8363867,7.076387,7.326387,7.466387,7.4363866,7.156387,6.9763865,6.886387,6.926387,7.2263865,7.2663865,7.1863866,6.8163867,6.426387,6.4963865,6.696387,6.736387,6.8563867,7.1663866,7.486387,7.8763866,7.9563866,7.826387,7.616387,7.2263865,7.096387,6.9963865,6.3163867,5.9363866,6.0863867,6.366387,6.4563866,6.486387,5.9363866,5.2663865,4.826387,4.8763866,5.1063867,5.2963867,5.4563866,5.826387,5.866387,6.1063867,5.676387,4.556387,3.8163867,3.7363868,3.8163867,4.0863867,4.2663865,4.306387,4.4163866,4.6263866,4.7763867,4.7663865,4.716387,4.6863866
7.0163865,7.0163865,6.8563867,7.156387,7.5463867,7.7063866,7.7663865,7.806387,7.4963865,7.076387,6.9163866,6.8763866,7.136387,7.366387,7.6063867,7.5363865,7.2063866,6.9763865,6.966387,7.1663866,7.3763866,7.406387,7.6263866,7.9963865,8.076386,7.9963865,7.7463865,7.0363865,6.196387,6.1663866,6.2863865,6.076387,6.2063866,6.676387,6.7963867,6.736387,6.426387,5.946387,5.4363866,5.196387,5.2463865,5.446387,5.5663867,5.7463865,6.0163865,6.1063867,6.0263867,5.366387,4.6863866,4.1463866,3.9963868,4.196387,4.366387,4.4163866,4.4163866,4.5463867,4.806387,4.9363866,4.9163866,4.886387
7.3763866,7.5063868,7.5263867,7.8163867,8.046387,8.116386,8.086387,8.026386,7.7563868,7.3963866,7.096387,6.986387,7.196387,7.5163865,7.8163867,7.846387,7.6863866,7.616387,7.656387,7.7463865,7.806387,7.7563868,7.966387,7.9763865,7.9163866,7.7463865,7.346387,6.4163866,5.486387,5.466387,6.2063866,6.486387,6.4563866,6.7863865,7.1663866,7.096387,6.8763866,6.556387,5.9763865,5.4963865,5.406387,5.576387,5.8163867,5.926387,6.236387,6.4763865,6.3963866,5.9763865,5.216387,4.616387,4.326387,4.406387,4.5463867,4.5263867,4.4763865,4.5663867,4.8163867,5.0163865,5.096387,5.1263866
7.156387,7.6863866,8.226387,8.706387,8.986386,8.846387,8.606387,8.026386,7.7263865,7.7463865,7.6063867,7.3563867,7.346387,7.486387,7.8363867,8.056387,8.106387,8.136387,8.126387,8.126387,8.026386,8.266387,8.386387,8.026386,7.716387,7.3763866,6.8763866,6.2063866,5.6863866,5.576387,6.236387,7.0063868,7.196387,7.0863867,7.116387,7.2963867,7.3163867,6.7863865,5.966387,5.9763865,6.2063866,5.9163866,5.9763865,6.1063867,6.2663865,6.6063867,6.3763866,6.056387,5.6463866,5.0863867,4.806387,4.7263865,4.736387,4.7063866,4.596387,4.676387,4.8763866,4.986387,5.0863867,5.1863866
7.486387,8.086387,8.5363865,8.836387,8.746387,8.426387,8.676387,9.236386,9.156386,8.496387,8.136387,7.886387,7.7263865,7.696387,7.926387,8.186387,8.356387,8.646387,8.716387,8.466387,8.306387,8.496387,8.226387,7.866387,7.576387,7.196387,6.7463865,6.306387,6.0363865,6.326387,6.5063868,6.9963865,7.6863866,7.6463866,7.306387,7.2863865,7.3363867,6.7263865,6.1663866,6.0263867,6.2863865,6.446387,6.196387,6.176387,6.236387,6.5163865,6.5863867,6.3563867,6.0463867,5.486387,5.2063866,5.0163865,4.8963866,4.8563867,4.7963867,4.8363867,4.9563866,4.9763865,5.0863867,5.2763867
8.706387,8.396387,8.896387,9.096387,9.026386,8.716387,8.2863865,8.256387,8.5363865,9.0363865,9.446386,9.296387,8.646387,8.026386,8.176387,8.596387,8.966387,9.216387,9.176387,8.866386,8.636387,8.606387,8.496387,8.076386,7.636387,7.346387,6.9963865,6.736387,6.636387,6.736387,7.0263867,7.1263866,7.426387,7.8563867,7.6463866,7.4763865,7.5463867,7.0863867,6.3563867,6.0263867,6.2763867,6.7763867,6.5363865,6.326387,6.326387,6.326387,6.5663867,6.446387,6.1863866,6.0163865,5.676387,5.2863865,5.076387,5.0063868,4.9163866,4.946387,5.0463867,5.0163865,5.056387,5.2263865
9.976387,9.106387,9.086387,9.186387,9.126387,9.116386,8.826386,8.476387,8.576386,8.946386,9.0363865,8.916387,8.866386,8.836387,8.676387,8.926387,9.316387,9.596387,9.526386,9.306387,9.146387,8.886387,8.486386,8.006387,7.636387,7.4963865,7.366387,7.116387,7.1063867,7.386387,7.656387,7.7663865,7.596387,7.696387,8.046387,7.866387,7.866387,7.6663866,6.7563868,6.1863866,6.216387,6.656387,6.7563868,6.5463867,6.4963865,6.3563867,6.3763866,6.3563867,6.2463865,6.4163866,6.216387,5.636387,5.1663866,5.0363865,5.056387,5.0463867,5.076387,5.056387,5.116387,5.2563868
10.086387,10.586387,10.556387,10.316387,9.976387,9.676387,9.266387,8.636387,8.546387,9.056387,9.316387,9.206387,8.986386,9.096387,9.246387,9.256387,9.356387,9.636387,9.776386,9.606387,9.426387,9.026386,8.396387,8.006387,7.906387,7.9363866,7.8963866,7.656387,7.446387,7.5263867,7.736387,7.7063866,7.3363867,7.326387,8.106387,8.406386,8.266387,8.146387,7.216387,6.446387,6.1863866,6.366387,6.7463865,6.656387,6.596387,6.5463867,6.3963866,6.3363867,6.2963867,6.446387,6.2763867,5.616387,5.056387,5.0663867,5.156387,5.1263866,5.136387,5.0863867,5.1063867,5.2663865
10.346387,9.5363865,9.576386,10.146387,10.946386,10.346387,9.236386,8.766387,8.766387,9.246387,9.526386,9.546387,9.356387,9.116386,9.306387,9.516387,9.206387,9.176387,9.516387,9.706387,9.346387,8.996387,8.706387,8.516387,8.456387,8.386387,8.336387,8.126387,7.906387,7.866387,7.9563866,7.8363867,7.4363866,7.2763867,7.7063866,8.356387,8.696386,8.496387,7.426387,6.616387,6.3363867,6.306387,6.576387,6.656387,6.6263866,6.676387,6.556387,6.466387,6.4763865,6.486387,6.326387,5.4563866,4.9363866,5.1663866,5.176387,5.0863867,5.076387,5.096387,5.116387,5.216387
10.986386,11.126387,10.106387,9.906386,10.016387,9.896387,9.446386,9.026386,9.096387,9.496387,9.656386,9.686387,9.676387,9.526386,9.256387,9.296387,9.496387,9.186387,9.0363865,9.2863865,9.316387,9.136387,9.066387,9.056387,8.926387,8.676387,8.606387,8.586387,8.346387,8.186387,8.096387,8.0363865,7.9163866,7.6863866,7.446387,7.7963867,8.596387,8.636387,7.5263867,6.866387,6.7463865,6.2863865,6.366387,6.5663867,6.5863867,6.696387,6.636387,6.5663867,6.6663866,6.7763867,6.4163866,5.2963867,4.8963866,5.216387,5.2263865,5.056387,5.0163865,5.0363865,5.0863867,5.1463866
10.486386,10.576386,10.476387,10.226387,10.126387,10.246387,10.336387,9.886387,9.696386,9.796387,9.846387,9.896387,9.896387,9.726387,9.516387,9.336387,9.516387,9.426387,9.126387,9.586387,9.936387,9.736386,9.506387,9.396387,9.126387,8.726387,8.686387,8.856387,8.906386,8.756387,8.436387,8.176387,7.866387,7.736387,7.8963866,7.8963866,8.136387,8.276386,7.486387,7.136387,7.196387,6.676387,6.3963866,6.3363867,6.4963865,6.676387,6.676387,6.596387,6.616387,6.716387,6.346387,5.0163865,4.7963867,5.2063866,5.3363867,5.1863866,5.0363865,5.056387,5.1463866,5.1263866
10.836387,11.056387,11.076386,10.766387,10.416387,10.356387,10.526386,10.456387,10.306387,10.056387,9.906386,9.986386,10.056387,9.986386,9.796387,9.656386,9.576386,9.566387,9.446386,9.546387,9.756387,9.816387,9.726387,9.606387,9.246387,8.846387,8.886387,8.996387,8.896387,8.676387,8.356387,8.156386,7.8963866,7.7463865,7.8963866,8.176387,8.206387,8.136387,7.806387,7.366387,7.3563867,7.076387,6.716387,6.2963867,6.326387,6.6863866,6.736387,6.6263866,6.5863867,6.6063867,5.9563866,4.966387,5.0163865,5.2963867,5.406387,5.2663865,5.076387,5.076387,5.156387,5.1663866
10.636387,10.726387,10.936387,11.106387,10.916387,10.616386,10.466387,10.506387,10.496387,10.456387,10.246387,10.086387,10.046387,10.106387,10.106387,10.066387,9.936387,9.866386,9.876387,9.876387,9.836387,9.746387,9.766387,9.856387,9.696386,9.366386,9.386387,9.356387,9.0363865,8.626387,8.236386,8.206387,8.086387,7.886387,7.866387,8.0363865,8.266387,8.456387,8.396387,7.9963865,7.6663866,7.406387,6.846387,6.2963867,6.306387,6.636387,6.7263865,6.6463866,6.596387,6.5463867,5.9163866,5.3163867,5.3763866,5.4763865,5.4363866,5.2763867,5.156387,5.1263866,5.196387,5.196387
11.476387,11.026386,10.796387,10.946386,11.176387,11.086387,10.676387,10.476387,10.596387,10.736386,10.746387,10.466387,10.126387,9.986386,10.226387,10.416387,10.416387,10.306387,10.196386,10.126387,10.086387,9.966387,9.756387,9.776386,9.766387,9.556387,9.606387,9.586387,9.226387,8.7863865,8.366386,8.216387,8.166387,7.966387,7.866387,8.016387,8.186387,8.596387,8.756387,8.416387,7.9963865,7.5163865,6.7263865,6.3563867,6.5063868,6.6463866,6.656387,6.636387,6.616387,6.6863866,6.386387,5.8763866,5.7063866,5.676387,5.5263867,5.3763866,5.2663865,5.176387,5.216387,5.2263865
