UV_10m_small_gfs.t12z.pgrb2.0p25.f039.json
{"header": { "discipline":0, "disciplineName":"Meteorological products", "gribEdition":2, "gribLength":17311, "center":7, "centerName":"US National Weather Service - NCEP(WMC)", "subcenter":0, "refTime":"2023-03-21T12:00:00.000Z", "significanceOfRT":1, "significanceOfRTName":"Start of forecast", "productStatus":0, "productStatusName":"Operational products", "productType":1, "productTypeName":"Forecast products", "productDefinitionTemplate":0, "productDefinitionTemplateName":"Analysis/forecast at horizontal level/layer at a point in time", "parameterCategory":2, "parameterCategoryName":"Momentum", "parameterNumber":2, "parameterNumberName":"U-component_of_wind", "parameterUnit":"m.s-1", "genProcessType":2, "genProcessTypeName":"Forecast", "forecastTime":39, "surface1Type":103, "surface1TypeName":"Specified height level above ground", "surface1Value":10.0, "surface2Type":255, "surface2TypeName":"Missing", "surface2Value":0.0, "gridDefinitionTemplate":0, "gridDefinitionTemplateName":"Latitude_Longitude", "numberPoints":11421, "shape":6, "shapeName":"Earth spherical with radius of 6,371,229.0 m", "gridUnits":"degrees", "resolution":48, "winds":"true", "scanMode":64, "nx":141, "ny":81, "basicAngle":0, "lo1":210.0, "la1":30.0, "lo2":245.0, "la2":50.0, "dx":0.25, "dy":0.25 }, "data":
[rows 26 to 51 of 81, columns 60 to 119 of 141]
6.0341234,6.0141234,6.0941234,6.1341233,6.0241237,6.0941234,6.2941236,6.4541235,6.6141233,6.6941237,7.0641236,6.7741237,6.5941234,5.9741235,5.4741235,5.8941236,5.8741236,5.8641233,6.0541234,6.0441236,5.8341236,5.674124,5.5541234,5.4441237,5.4141235,5.2741237,5.3841233,5.4041233,5.4041233,5.3441234,5.1441236,5.3341236,5.7441235,5.7941236,5.5941234,5.8341236,6.0041237,5.7041235,5.6041236,5.6241236,5.4641237,5.7641234,5.8841233,5.7641234,5.7841234,5.6141233,5.2441235,5.0541234,4.9841237,5.1441236,4.8841233,4.4941235,2.8441236,0.79412353,1.9241235,1.4741235,-0.34587646,-0.5658765,0.15412353,-0.42587647
6.5541234,6.6241236,6.5941234,6.4741235,6.3441234,6.1841235,6.2141237,6.3441234,6.5841236,6.8741236,6.9041233,7.0241237,6.8541236,6.3441234,5.7441235,5.7441235,6.0241237,6.2241235,6.0041237,6.174124,6.0441236,5.8441234,5.674124,5.5241237,5.5541234,5.6641235,5.5841236,5.4441237,5.4641237,5.3241234,5.1141233,5.4941235,5.7441235,5.8741236,5.6941237,5.5541234,5.2641234,5.1241236,5.2541237,5.1141233,5.0241237,5.4541235,5.7041235,5.4841237,5.4441237,5.4541235,5.1341233,5.0541234,5.1041236,5.1541233,4.674124,5.1841235,0.33412352,-0.97587645,-0.015876465,0.57412356,0.07412353,-0.59587646,-0.6258765,-0.85587645
7.0441236,7.1541233,7.1341233,6.9341235,6.5741234,6.4841237,6.5141234,6.5541234,6.6041236,6.6541233,7.1841235,6.8541236,6.7541237,6.7341237,6.2841234,5.6841235,6.0541234,6.1341233,6.1341233,6.3141236,6.2441235,6.0141234,5.8341236,5.7041235,5.6941237,5.8641233,5.7741237,5.4341235,5.1041236,5.1641235,5.3241234,5.8641233,6.0141234,5.9941235,5.8041234,5.424124,4.7941236,5.0441236,5.424124,5.1141233,5.0241237,5.4441237,5.5941234,5.2741237,5.2141237,5.4141235,5.0841236,4.8641233,5.0341234,5.0341234,4.8841233,2.8241236,-0.5058765,-0.19587646,-0.29587647,0.054123536,0.21412353,-0.53587645,-1.1858765,-1.9458765
7.5941234,7.5741234,7.5341234,7.4541235,7.0741234,6.8441234,6.8441234,6.8441234,6.8241234,6.7041235,6.8941236,6.9141235,6.5741234,6.7641234,6.7841234,6.1641235,6.1141233,6.1641235,6.1141233,6.2841234,6.2741237,6.1541233,6.0541234,5.9341235,5.7641234,5.8841233,5.7741237,5.4741235,5.1241236,5.3841233,5.5741234,6.0141234,6.2741237,6.0341234,5.9441237,5.6041236,4.8241234,4.9041233,5.0541234,5.1141233,5.4441237,5.7141237,5.424124,5.1341233,5.1441236,5.3541236,5.0541234,4.7841234,4.8541236,4.7141237,3.8641236,0.25412354,0.70412356,1.1541235,0.054123536,0.36412352,0.59412354,-0.47587645,-1.1958765,-1.6058764
8.2041235,8.134124,8.034123,7.9041233,7.6941237,7.5441236,7.2841234,7.0641236,7.0241237,6.8741236,7.0541234,6.9341235,6.9841237,6.8141236,6.8441234,6.3741236,6.1141233,6.2941236,6.2241235,6.1841235,6.2241235,6.2441235,6.2441235,6.0641236,5.8641233,5.8841233,5.7141237,5.4841237,5.3141236,5.4541235,5.7841234,6.0241237,6.4541235,6.3141236,5.6641235,5.3941236,4.8741236,4.6141233,4.6941237,4.9741235,5.6841235,5.9941235,5.424124,5.1441236,5.1141233,5.2341237,5.0341234,4.7041235,4.6841235,4.3541236,2.0541236,1.6741235,0.37412354,-0.22587647,0.63412356,0.25412354,0.58412355,-0.06587646,-0.64587647,-0.84587646
8.614123,8.784123,8.744123,8.504124,8.264124,8.094124,8.094124,7.6241236,7.2841234,7.1341233,7.2641234,6.8941236,7.0841236,6.8641233,6.5841236,6.3241234,6.2641234,6.4441237,6.4741235,6.3741236,6.3741236,6.3441234,6.2541237,6.0541234,5.924124,5.9441237,5.6841235,5.4541235,5.5741234,5.6441236,5.9041233,6.1141233,6.5541234,6.4641237,5.3641233,5.1441236,4.7741237,4.4941235,4.6341233,4.8941236,5.5241237,5.9541235,5.5941234,5.2041235,5.0541234,5.2541237,5.1141233,4.8341236,5.0141234,4.4641237,0.84412354,-0.54587644,-0.64587647,-0.6958765,-0.42587647,-0.6858765,-0.09587646,-0.42587647,-0.54587644,-0.12587647
8.344124,9.224124,9.654123,9.444123,9.014124,8.714124,8.514124,8.214124,7.6641235,7.3541236,7.2941236,6.9341235,7.0041237,6.674124,6.4741235,6.3641233,6.3741236,6.4341235,6.5141234,6.5041237,6.4841237,6.3841233,6.2241235,6.0941234,5.9541235,5.924124,5.7441235,5.5941234,5.8341236,5.8841233,5.9541235,6.2841234,6.6641235,6.1841235,5.424124,5.1441236,4.6541233,4.2441235,4.5241237,4.8441234,5.3841233,5.7641234,5.6441236,5.3541236,5.2341237,5.3841233,5.3241234,5.9641237,5.9841237,2.6141236,0.5041235,-1.6558765,-0.7658765,-1.3858764,-0.65587646,-0.35587648,-0.49587646,-0.58587646,-0.06587646,0.63412356
8.014124,8.414124,9.234123,10.104123,10.104123,9.594124,9.034123,8.544124,8.024123,7.6141233,7.5141234,7.1041236,7.0241237,6.924124,6.6441236,6.5541234,6.5341234,6.5741234,6.6441236,6.5541234,6.3641233,6.3141236,6.2741237,6.1641235,5.9941235,5.9641237,5.8941236,5.7441235,5.9541235,5.9541235,5.9941235,6.2341237,6.5941234,5.9841237,5.6441236,5.0441236,4.5841236,4.174124,4.4341235,4.8541236,5.424124,5.5041237,5.5141234,5.4541235,5.3041234,5.0041237,6.0841236,7.4141235,4.4641237,1.0741235,0.6741235,-0.90587646,-1.3758764,-1.5858765,-0.44587648,0.024123535,0.22412354,0.40412354,0.25412354,0.6241235
7.9841237,8.134124,8.324123,9.164124,10.214124,10.474124,9.834124,9.074123,8.154123,7.6441236,7.6141233,7.4041233,7.2041235,7.3341236,7.0941234,6.7141237,6.7041235,6.7741237,6.7341237,6.6041236,6.4141235,6.3541236,6.3841233,6.2541237,6.0841236,6.1241236,6.0541234,5.924124,6.0541234,5.8641233,5.9341235,6.1341233,6.3441234,6.0641236,5.7541237,5.0641236,4.6541233,4.3441234,4.3541236,4.7741237,5.3041234,5.4141235,5.4041233,5.2141237,5.1541233,4.7941236,6.3941236,3.6941235,0.8041235,0.20412354,-0.17587647,-0.70587647,-1.0058764,-0.98587644,-0.5558765,-0.41587648,-0.17587647,0.48412353,0.76412356,0.42412353
8.154123,8.414124,8.594124,8.7041235,9.074123,9.974124,10.214124,9.594124,8.534123,7.7141237,7.6141233,7.6641235,7.4941235,7.5441236,7.4941235,7.2241235,6.9841237,6.8541236,6.7441235,6.6341233,6.5141234,6.424124,6.4541235,6.4441237,6.2741237,6.3641233,6.2141237,5.9641237,6.0341234,5.9041233,5.8241234,5.9541235,6.3341236,6.0441236,5.4941235,5.0841236,4.8141236,4.5841236,4.424124,4.7241235,5.0941234,5.3641233,5.5041237,5.0441236,4.924124,4.0841236,2.4141235,1.6441236,0.6241235,0.34412354,0.26412353,0.18412353,-0.60587645,-0.54587644,-0.49587646,-0.8258765,0.044123534,0.91412354,0.59412354,0.41412354
8.664124,8.714124,8.724124,8.714124,8.684124,8.824123,9.424124,9.304124,8.644123,7.7341237,7.7141237,7.6241236,7.5841236,7.7841234,7.8141236,7.6241236,7.3341236,7.0441236,6.7941236,6.6441236,6.6141233,6.4941235,6.5341234,6.6841235,6.5341234,6.5741234,6.3741236,6.0041237,5.9841237,6.0041237,5.8341236,5.8341236,6.1941237,5.9041233,5.3341236,5.1941237,5.0141234,4.6941237,4.4641237,4.7241235,5.0141234,5.3641233,5.6141233,5.2341237,5.0241237,2.5041234,1.6841235,2.2041235,1.7541236,1.3241235,0.6841235,0.25412354,-1.3558764,-0.46587646,-1.1258764,-1.0058764,0.27412355,0.9941235,0.7441235,1.0641235
9.054124,8.694123,8.594124,8.464124,8.424124,8.314123,8.474124,8.884124,8.324123,7.3541236,7.6141233,7.6641235,7.4641237,7.7941236,8.004124,7.7541237,7.4941235,7.2541237,7.0141234,6.8641233,6.8041234,6.6641235,6.6941237,6.8941236,6.7541237,6.6841235,6.4841237,6.0841236,5.9441237,5.9841237,5.8741236,5.8241234,6.0941234,5.8241234,5.3741236,5.4141235,5.2341237,4.7341237,4.424124,4.6541233,4.9841237,5.3841233,5.6941237,5.6241236,5.5841236,2.9341235,1.8241235,1.6641235,1.3641236,1.4141235,0.004123535,-2.0158765,-1.9858764,-0.37587646,-1.6058764,-0.47587645,0.40412354,0.65412354,1.1141236,1.4041235
9.374124,9.164124,8.964124,8.824123,8.2041235,8.104123,8.154123,8.444123,8.464124,7.5541234,7.4141235,7.6141233,7.4941235,7.4941235,7.8841233,7.8541236,7.6141233,7.4641237,7.1541233,7.0341234,7.0541234,6.9641237,6.924124,7.0541234,6.8241234,6.6941237,6.5441236,6.2141237,5.9741235,5.9141235,5.9341235,5.8541236,6.0041237,5.7841234,5.4541235,5.5841236,5.424124,4.7341237,4.3441234,4.4841237,4.8641233,5.3041234,5.5141234,5.7941236,7.0641236,4.3741236,0.9941235,1.2341236,1.1541235,1.1541235,-0.85587645,-2.1558764,-1.3958764,-1.2758765,-1.4258765,-0.5558765,0.33412352,0.9341235,1.7541236,2.0141234
9.544124,9.554124,9.374124,8.904123,8.554124,8.534123,8.374124,8.384124,8.7041235,7.6941237,7.3641233,7.1941237,7.3241234,7.3541236,7.4841237,7.4641237,7.4541235,7.3841233,6.9341235,6.8341236,7.1441236,7.2941236,7.2341237,7.2241235,6.9341235,6.7641234,6.6141233,6.2541237,5.8641233,5.8241234,5.8841233,5.8341236,5.8641233,5.7541237,5.6641235,5.7541237,5.5541234,4.8041234,4.2541237,4.2741237,4.5441236,4.8141236,4.9541235,6.1241236,7.3941236,1.5441235,1.0341235,1.2041235,0.72412354,1.0041236,-1.1958765,-1.3458765,-1.3758764,-1.6558765,-1.3758764,-0.5558765,0.49412355,1.2841235,1.6941235,2.4041235
9.594124,9.514124,9.4541235,9.264124,9.054124,8.864123,8.564123,8.594124,8.624124,7.924124,7.2441235,6.924124,6.7041235,6.9641237,7.3241234,7.3441234,7.2841234,7.3741236,6.9441237,6.8841233,7.3041234,7.4841237,7.4341235,7.4041233,7.1541233,6.9441237,6.7541237,6.2741237,5.6141233,5.6441236,5.7641234,5.7241235,5.7841234,5.8441234,5.8641233,5.8441234,5.6241236,4.9741235,4.2741237,4.0341234,4.1141233,4.2741237,4.2641234,5.2141237,1.3441235,0.52412355,1.4741235,1.2841235,1.4841236,0.44412354,-1.1758765,-1.0758765,-1.0058764,-1.2858765,-0.8858765,0.47412354,0.85412353,1.0841235,2.0641236,1.8741236
9.894123,9.634124,9.554124,9.474124,9.424124,9.254124,8.834124,8.634124,8.794124,8.594124,7.8141236,7.2141237,6.9341235,6.9441237,7.1141233,7.8841233,7.8141236,7.3741236,7.2041235,7.3641233,7.4441237,7.4841237,7.5541234,7.5441236,7.3641233,7.1241236,6.8641233,6.3241234,5.5341234,5.4941235,5.6441236,5.6441236,5.7441235,5.8941236,5.9041233,5.7441235,5.5441236,4.9541235,4.174124,3.8741236,3.7441235,3.7841234,3.1741235,1.4541235,0.63412356,1.0741235,1.3041235,1.2541236,1.2441236,-0.52587646,-1.2158765,-0.85587645,-0.025876464,-1.2558764,-0.15587646,0.71412355,0.46412355,1.4041235,2.0041234,2.8941236
9.924124,10.034123,9.9541235,9.774123,9.564123,9.444123,9.214124,8.904123,8.864123,8.824123,8.264124,7.674124,7.3941236,7.3341236,7.4641237,8.364123,8.414124,7.4941235,7.4641237,7.6041236,7.5141234,7.4941235,7.4841237,7.5541234,7.5141234,7.2441235,6.8641233,6.3041234,5.6441236,5.5641236,5.6141233,5.6241236,5.8441234,5.9341235,5.8541236,5.674124,5.5041237,4.8241234,4.0141234,3.6941235,3.4841235,3.5641236,2.7541234,1.0441235,1.3741236,0.9941235,1.4041235,1.8341235,0.36412352,-0.6258765,0.024123535,0.39412352,0.21412353,1.1341236,0.8041235,0.5541235,1.6641235,2.4941235,3.2341235,3.8841236
9.884124,9.9541235,9.9541235,9.944123,9.754124,9.534123,9.474124,9.194123,8.934124,8.974124,8.734123,8.034123,7.4941235,7.4841237,7.674124,8.374124,8.524123,7.9141235,7.9441237,7.8941236,7.6141233,7.4941235,7.3341236,7.4541235,7.6241236,7.3641233,6.9841237,6.3641233,5.6941237,5.6441236,5.6641235,5.5941234,5.9941235,6.1941237,5.9341235,5.7041235,5.5741234,4.5741234,3.7841234,3.5741236,3.3841236,3.5641236,3.3141236,1.5541235,1.1141236,1.3041235,1.3841236,1.6941235,0.6141235,-0.32587647,-0.9958765,0.52412355,0.76412356,1.6241236,1.0741235,0.54412353,1.2541236,1.5541235,1.9241235,2.3241236
9.914124,9.754124,9.594124,9.614123,9.694123,9.554124,9.494123,9.394123,9.054124,8.834124,8.734123,8.274123,7.8141236,7.7141237,7.8141236,8.184124,7.9941235,8.024123,8.254124,8.054124,7.8041234,7.674124,7.4841237,7.3241234,7.5141234,7.424124,7.1241236,6.5441236,5.7941236,5.7541237,5.8341236,5.6241236,5.9641237,6.3941236,6.1141233,5.8341236,5.5841236,4.2641234,3.5841236,3.5841236,3.4441235,3.6941235,3.4841235,2.4141235,1.3241235,1.1441236,1.4241235,1.1241236,1.3741236,0.044123534,-0.32587647,0.34412354,0.8741235,1.5641235,1.2641236,1.3841236,1.7941235,2.6441236,1.7041235,2.3041236
10.174124,9.894123,9.554124,9.444123,9.594124,9.734123,9.634124,9.534123,9.164124,8.944123,9.244123,9.074123,8.374124,7.7841234,7.4441237,7.8041234,7.8841233,8.354123,8.724124,8.2041235,7.7741237,7.5941234,7.4441237,7.3741236,7.4441237,7.424124,7.2241235,6.6541233,5.8641233,5.8041234,5.9641237,5.7741237,5.8441234,6.3141236,6.2541237,5.9141235,5.3941236,4.3941236,3.7341235,3.6141236,3.6241236,3.7941236,3.6541235,2.3841236,1.2941235,1.3041235,1.0741235,1.2041235,1.3641236,1.0741235,1.0641235,0.65412354,1.2841235,1.5741235,0.88412356,1.2041235,1.4941236,1.4941236,0.33412352,1.8041235
10.324123,10.174124,9.754124,9.434124,9.414124,9.654123,9.784123,9.664124,9.344124,9.164124,9.394123,9.594124,8.784123,7.4041233,6.9641237,7.5641236,8.094124,8.7041235,8.614123,8.024123,7.7541237,7.6041236,7.4441237,7.3941236,7.424124,7.3341236,7.1341233,6.6241236,6.0541234,5.7541237,5.8541236,5.8841233,5.8741236,6.1541233,6.2741237,5.9541235,5.2141237,4.3641233,3.9641235,3.7241235,3.6441236,3.7841234,3.6941235,2.7541234,1.5041236,1.5541235,0.97412354,1.4641235,2.4441235,1.7441236,0.77412355,0.19412354,0.9241235,1.3341235,2.2041235,2.4441235,3.7841234,3.7341235,1.8941236,2.4641235
10.534123,10.274123,10.044124,9.714124,9.4541235,9.414124,9.534123,9.594124,9.554124,9.354123,9.624124,9.404123,8.114123,7.2341237,7.0441236,7.5041237,8.334124,8.474124,7.9641237,7.7141237,7.674124,7.5941234,7.3941236,7.4141235,7.4141235,7.2641234,7.0741234,6.674124,6.2441235,6.0141234,5.9041233,5.8641233,5.9441237,6.0741234,6.2541237,5.9941235,5.2441235,4.7141237,4.0741234,3.7341235,3.6341236,3.7541234,3.6541235,2.1441236,1.2941235,1.3041235,1.3941236,1.5141236,2.1841235,2.5441236,2.1341236,2.1241236,1.5641235,1.3941236,2.6941235,1.9641235,4.3041234,5.174124,4.424124,2.6341236
10.844124,10.474124,10.304124,9.964124,9.574123,9.434124,9.324123,9.484123,9.644123,9.574123,9.504124,9.564123,9.274123,7.8541236,7.1641235,7.5341234,8.044124,8.004124,7.6441236,7.4541235,7.3341236,7.2141237,7.0241237,7.0341234,7.1341233,7.174124,7.0941234,6.8141236,6.4141235,6.1841235,6.0841236,5.9641237,5.9841237,6.0941234,6.1641235,5.8541236,5.174124,4.7941236,4.0341234,3.6941235,3.6841235,3.7841234,3.6241236,1.8641236,1.6041236,1.7741235,1.5441235,1.8041235,1.1641235,1.8741236,0.8741235,-0.17587647,1.4141235,2.0841236,2.8041236,3.6741235,2.7241235,3.2341235,2.3441236,2.5641236
11.404123,10.9541235,10.714124,10.354123,9.7041235,9.494123,9.444123,9.364123,9.444123,9.594124,9.674124,9.504124,9.154123,8.414124,7.8541236,8.044124,8.234123,7.6641235,7.3041234,7.3741236,7.3741236,7.0341234,6.7741237,6.5641236,6.5141234,6.8541236,7.1341233,6.8941236,6.4841237,6.3241234,6.2841234,6.0941234,6.0341234,6.1441236,6.174124,5.8941236,5.4541235,5.0241237,4.4341235,4.0041237,3.8641236,3.7541234,2.4541235,1.3141235,1.6841235,1.6541235,1.1341236,1.7441236,1.5241235,1.6041236,1.9841236,2.9241235,1.5141236,2.2941236,1.3041235,2.6941235,2.3041236,1.1641235,0.6141235,1.7441236
11.904123,11.244123,10.794124,10.554124,9.994123,9.614123,9.444123,9.504124,9.434124,9.594124,9.624124,9.974124,10.394123,9.024123,8.104123,8.874124,8.294124,7.5341234,7.2941236,7.6241236,7.5841236,6.8841233,6.5141234,6.2741237,6.2841234,6.8341236,7.1341233,6.9941235,6.6141233,6.424124,6.3841233,6.2241235,6.1641235,6.174124,6.1641235,6.0141234,5.7641234,5.4041233,5.0641236,4.4941235,4.0941234,3.9441235,2.0041234,1.0941235,1.5341235,1.9841236,1.1941235,0.9841235,1.5741235,0.9841235,1.7341236,2.4841235,1.0941235,1.5241235,2.2441235,1.6341236,0.57412356,1.1641235,1.3041235,1.5341235
11.764124,11.474124,11.024123,10.724124,10.2041235,9.604123,9.714124,9.664124,9.7041235,9.604123,9.534123,9.514124,8.924124,8.224124,8.364123,8.984123,7.9641237,7.2141237,7.4641237,7.8341236,7.4141235,6.6041236,6.2441235,6.0441236,6.2441235,6.8341236,7.1241236,7.0341234,6.7741237,6.5741234,6.4541235,6.3441234,6.3041234,6.2041235,6.1141233,6.0441236,5.924124,5.8441234,5.6941237,5.174124,4.5241237,4.3241234,2.1641235,1.3041235,1.4441235,1.5841235,1.2141235,0.97412354,1.0041236,1.3541236,1.7241235,2.5341234,1.6041236,0.17412354,0.96412355,3.4141235,2.1541235,1.9441235,2.3141236,3.0741236
