UV_10m_small_gfs.t12z.pgrb2.0p25.f003.json
{"header": { "discipline":0, "disciplineName":"Meteorological products", "gribEdition":2, "gribLength":17311, "center":7, "centerName":"US National Weather Service - NCEP(WMC)", "subcenter":0, "refTime":"2023-03-21T12:00:00.000Z", "significanceOfRT":1, "significanceOfRTName":"Start of forecast", "productStatus":0, "productStatusName":"Operational products", "productType":1, "productTypeName":"Forecast products", "productDefinitionTemplate":0, "productDefinitionTemplateName":"Analysis/forecast at horizontal level/layer at a point in time", "parameterCategory":2, "parameterCategoryName":"Momentum", "parameterNumber":3, "parameterNumberName":"V-component_of_wind", "parameterUnit":"m.s-1", "genProcessType":2, "genProcessTypeName":"Forecast", "forecastTime":3, "surface1Type":103, "surface1TypeName":"Specified height level above ground", "surface1Value":10.0, "surface2Type":255, "surface2TypeName":"Missing", "surface2Value":0.0, "gridDefinitionTemplate":0, "gridDefinitionTemplateName":"Latitude_Longitude", "numberPoints":11421, "shape":6, "shapeName":"Earth spherical with radius of 6,371,229.0 m", "gridUnits":"degrees", "resolution":48, "winds":"true", "scanMode":64, "nx":141, "ny":81, "basicAngle":0, "lo1":210.0, "la1":30.0, "lo2":245.0, "la2":50.0, "dx":0.25, "dy":0.25 }, "data":
[rows 50 to 74 of 81, columns 0 to 56 of 141]
-3.2561817,-3.2261817,-3.2861817,-3.3461816,-3.2961817,-3.2461817,-3.1761816,-3.2361817,-3.2461817,-3.3961816,-3.9661818,-4.5361814,-4.2861814,-4.636182,-3.3461816,-1.2361816,-1.6061816,-2.6061816,-3.8061817,-4.9161816,-6.4161816,-7.9561815,-8.596182,-8.556182,-9.006182,-9.446181,-9.7461815,-9.9961815,-10.316181,-10.656181,-11.076181,-11.656181,-12.156181,-12.016182,-10.856182,-10.346182,-9.796182,-8.386182,-8.256182,-9.016182,-9.656181,-10.2461815,-10.566181,-10.946181,-11.266182,-10.876182,-10.926182,-11.286181,-11.326181,-11.656181,-11.926182,-12.456182,-12.666182,-12.936182,-12.936182,-13.106182,-13.476182
-3.0961816,-3.1061816,-3.1361816,-3.1161816,-3.0761817,-3.0061817,-2.8561816,-2.6561816,-2.6461816,-2.7261817,-3.0361817,-3.7461817,-4.0561814,-4.1861815,-4.0661817,-1.5361817,-0.7361816,-1.5361817,-2.9161816,-4.1461816,-5.6461816,-7.0761814,-7.6661816,-7.866182,-8.336182,-8.886182,-9.306182,-9.576181,-9.856182,-10.186182,-10.686182,-11.196181,-11.606182,-11.306182,-10.436182,-9.896182,-9.756182,-8.316181,-7.3061814,-8.216182,-9.156181,-9.9961815,-10.106182,-10.266182,-10.366181,-10.326181,-10.576181,-10.766182,-10.986181,-11.326181,-11.556182,-11.9961815,-12.176182,-12.506182,-12.566181,-12.756182,-12.666182
-2.8661816,-3.0761817,-3.1461816,-3.1061816,-3.0261817,-2.9461815,-2.7861817,-2.4861817,-2.3161817,-2.3761816,-2.4361815,-2.9161816,-3.5561817,-3.8561816,-4.4961815,-2.5161817,-0.36618164,-0.71618164,-2.1561816,-3.4461815,-4.8361816,-6.2161818,-6.846182,-7.2561817,-7.7761817,-8.326181,-8.786181,-9.146182,-9.506182,-9.966182,-10.4961815,-10.976182,-11.286181,-10.866181,-9.826181,-9.906181,-9.636182,-7.8361816,-6.406182,-7.4761815,-8.726182,-9.7461815,-9.836182,-9.756182,-9.726182,-9.916182,-10.066181,-10.176182,-10.646182,-10.906181,-11.216182,-11.596182,-11.726182,-12.036181,-12.156181,-12.216182,-12.216182
-2.6161816,-2.8361816,-2.9761817,-3.0561817,-3.0461817,-2.9361815,-2.7461817,-2.4361815,-2.0761817,-2.0461817,-1.8561816,-2.0461817,-2.6861815,-3.1661816,-4.0261817,-3.1061816,-0.15618163,-0.07618164,-1.5561817,-2.8361816,-4.116182,-5.2961817,-5.9561815,-6.5761814,-7.2061815,-7.8061814,-8.346182,-8.846182,-9.256182,-9.726182,-10.2461815,-10.726182,-11.036181,-10.176182,-9.056182,-9.316181,-9.566181,-6.866182,-6.616182,-7.9161816,-8.546182,-8.906181,-9.076181,-9.056182,-9.276181,-9.406181,-9.406181,-9.7461815,-10.136182,-10.386182,-10.936182,-11.106182,-11.436182,-11.646182,-11.726182,-11.796182,-11.786181
-2.6161816,-2.7861817,-2.9261816,-3.0061817,-2.9761817,-2.9261816,-2.7561817,-2.3661816,-1.8961816,-1.8061817,-1.7861817,-1.6061816,-1.9461817,-2.3061817,-2.9761817,-3.3561816,-0.14618164,0.5138184,-0.95618165,-2.4061816,-3.7661817,-4.7261815,-5.2761817,-5.9361815,-6.6261816,-7.3361816,-8.016182,-8.566181,-8.9961815,-9.456182,-9.926182,-10.326181,-10.646182,-9.226182,-8.196181,-8.426182,-8.646182,-6.1661816,-7.2261815,-7.7261815,-8.096182,-8.416182,-8.636182,-8.716182,-8.776181,-8.816181,-8.9961815,-9.286181,-9.536181,-10.036181,-10.426182,-10.786181,-11.126182,-11.336182,-11.516182,-11.536181,-11.486181
-2.5061817,-2.7061815,-2.9361815,-3.0761817,-3.0361817,-2.9661818,-2.7261817,-2.3661816,-1.9861816,-1.7961817,-1.9361817,-1.6061816,-1.4561816,-1.6661817,-2.0361817,-3.1561816,0.073818356,1.1038184,-0.33618164,-1.7661816,-3.1561816,-4.116182,-4.7761817,-5.4361815,-6.1061816,-6.8061814,-7.4561815,-8.046182,-8.536181,-8.986181,-9.486181,-9.916182,-10.286181,-8.826181,-7.886182,-7.7561817,-8.416182,-6.2161818,-6.7361817,-7.2861814,-7.7261815,-8.076181,-8.376182,-8.416182,-8.406181,-8.476182,-8.666182,-8.916182,-9.176182,-9.556182,-9.906181,-10.366181,-10.706182,-10.906181,-11.256182,-11.546182,-11.636182
-2.1661816,-2.4161816,-2.7661817,-3.0161817,-3.0861816,-3.0361817,-2.7461817,-2.4261816,-2.0261817,-1.6061816,-1.4261817,-1.1861817,-0.76618165,-0.9261816,-1.1561817,-2.5861816,0.75381833,1.8538184,0.5238184,-0.89618164,-2.2961817,-3.2561817,-3.9761817,-4.7161818,-5.426182,-6.0761814,-6.6861815,-7.3261814,-7.8261814,-8.216182,-8.586182,-9.156181,-9.776181,-8.446181,-7.5761814,-7.3561816,-7.7261815,-6.426182,-6.366182,-6.8361816,-7.386182,-7.8361816,-8.176182,-8.196181,-8.156181,-8.176182,-8.346182,-8.586182,-8.776181,-9.076181,-9.306182,-9.736181,-10.136182,-10.516182,-10.956182,-11.096182,-11.176182
-1.9161817,-2.1761816,-2.4961817,-2.7361817,-2.7961817,-2.6961815,-2.4661818,-2.2961817,-2.0261817,-1.7061816,-1.3061817,-1.0061816,-0.45618165,-0.52618164,-0.65618163,-2.2361817,1.4938184,2.5538185,1.1838183,-0.28618163,-1.6961817,-2.6561816,-3.3161817,-4.0061817,-4.7661815,-5.4761815,-6.1261816,-6.7361817,-7.1861815,-7.426182,-7.7661815,-8.4961815,-9.156181,-7.866182,-6.8061814,-6.8361816,-6.696182,-5.9561815,-5.8161817,-6.3561816,-6.9861817,-7.5061817,-7.8761816,-8.046182,-8.006182,-7.886182,-7.9861817,-8.186182,-8.346182,-8.606182,-8.876182,-9.236181,-9.626182,-10.066181,-10.466182,-10.806182,-10.906181
-1.8161817,-2.0561817,-2.3161817,-2.4961817,-2.5161817,-2.3961816,-2.1861815,-2.0561817,-1.9461817,-1.7561816,-1.3561816,-0.8661816,-0.09618164,-0.02618164,-0.15618163,-1.8861816,1.8638184,3.0738184,1.8638184,0.45381835,-0.9761816,-2.0061817,-2.7361817,-3.4261816,-4.136182,-4.8561816,-5.5361814,-6.136182,-6.5561814,-6.8361816,-7.3961816,-8.186182,-8.796182,-7.6661816,-6.3561816,-6.1861815,-5.7961817,-5.4961815,-5.4161816,-5.9961815,-6.636182,-7.176182,-7.5661817,-7.8561816,-7.7961817,-7.7461815,-7.7261815,-7.7561817,-7.9661818,-8.216182,-8.526181,-8.836182,-9.226182,-9.686182,-10.116181,-10.586182,-10.696181
-1.7061816,-1.9261817,-2.2061815,-2.3761816,-2.4161816,-2.2961817,-2.1261816,-1.9761816,-1.8861816,-1.6661817,-1.2261816,-0.69618165,0.16381836,0.44381836,0.5838184,-1.1661817,2.4638183,3.6438184,2.3338184,1.0038184,-0.28618163,-1.2861817,-2.0361817,-2.8061817,-3.5661817,-4.3161817,-5.0361814,-5.676182,-6.1861815,-6.5461817,-7.0461817,-7.616182,-8.266182,-7.8061814,-6.2861814,-5.7661815,-5.2161818,-5.0161815,-4.8361816,-5.4661818,-6.2761817,-6.846182,-7.2461815,-7.5861816,-7.596182,-7.6661816,-7.5761814,-7.5461817,-7.696182,-7.9361815,-8.276181,-8.596182,-8.886182,-9.286181,-9.656181,-10.086182,-10.396182
-1.6661817,-1.7561816,-1.9861816,-2.2061815,-2.2961817,-2.1961815,-2.0761817,-1.8961816,-1.8161817,-1.5761817,-1.0361817,-0.5361816,0.35381836,0.90381837,1.2338184,-0.25618163,3.2838182,4.403818,3.0838184,1.7438184,0.5138184,-0.47618163,-1.2461816,-2.0161817,-2.7961817,-3.6061816,-4.3961816,-5.1261816,-5.676182,-6.1461816,-6.8961816,-7.426182,-7.7261815,-7.6861815,-6.0061817,-4.926182,-4.7161818,-4.616182,-4.3361816,-5.2161818,-5.9861817,-6.5561814,-6.8961816,-7.2161818,-7.3761816,-7.5561814,-7.5161815,-7.5561814,-7.6261816,-7.7661815,-8.046182,-8.386182,-8.666182,-8.956182,-9.436182,-9.986181,-10.236181
-1.5061816,-1.5761817,-1.6461816,-1.8061817,-1.9061817,-1.8761816,-1.8561816,-1.7961817,-1.8061817,-1.6561817,-1.0361817,-0.45618165,0.44381836,1.4338183,1.9038184,0.5738184,3.9138184,4.8538184,3.6938183,2.5038183,1.3138183,0.31381837,-0.45618165,-1.2661816,-2.1361816,-2.9861817,-3.7661817,-4.4661818,-5.096182,-5.596182,-6.3361816,-7.136182,-7.346182,-7.596182,-5.6861815,-3.9661818,-3.8561816,-3.7361817,-4.1861815,-5.0361814,-5.7761817,-6.2361817,-6.5061817,-6.8261814,-7.0461817,-7.3361816,-7.4161816,-7.5661817,-7.6261816,-7.7061815,-7.886182,-8.196181,-8.546182,-8.826181,-9.036181,-9.396182,-9.656181
-1.1661817,-1.2761817,-1.3161817,-1.3461816,-1.2861817,-1.4061817,-1.5061816,-1.5861816,-1.6961817,-1.6361816,-1.1461816,-0.43618163,0.38381836,1.6238184,2.2738183,1.1538184,4.4438186,5.2838182,4.2138186,3.1138184,2.0538185,1.1438184,0.41381836,-0.40618163,-1.3161817,-2.2661817,-3.1461816,-3.9561815,-4.6461816,-5.156182,-5.8361816,-6.676182,-6.946182,-7.2961817,-6.096182,-3.7861817,-3.0261817,-3.0661817,-3.6461816,-4.7361817,-5.5361814,-5.906182,-6.0261817,-6.366182,-6.696182,-7.0161815,-7.2161818,-7.3961816,-7.4961815,-7.656182,-7.8261814,-8.086182,-8.356182,-8.596182,-8.816181,-9.126182,-9.586182
-0.77618164,-0.9861816,-1.1261816,-1.0061816,-0.93618166,-1.0261817,-1.1361816,-1.3661816,-1.5561817,-1.6161816,-1.3061817,-0.65618163,0.20381837,1.6538184,2.7638183,2.0638185,5.133818,5.8938184,4.9138184,3.8638184,2.8538184,2.0338182,1.3038183,0.47381836,-0.46618164,-1.4761816,-2.4961817,-3.4661818,-4.2261815,-4.7861814,-5.3361816,-6.196182,-6.2761817,-6.6861815,-6.616182,-3.9961817,-2.3161817,-2.7461817,-3.1561816,-4.0461817,-4.9161816,-5.3761816,-5.6861815,-6.0161815,-6.2961817,-6.656182,-6.9361815,-7.1061816,-7.2461815,-7.446182,-7.7061815,-7.9361815,-8.216182,-8.456182,-8.596182,-8.706182,-9.056182
-0.24618164,-0.40618163,-0.47618163,-0.51618165,-0.65618163,-0.62618166,-0.82618165,-1.2361816,-1.4261817,-1.4361817,-1.3161817,-0.87618166,-0.13618164,1.5138184,3.2538183,2.7838182,5.633818,6.5138183,5.5138183,4.383818,3.3738184,2.5538185,1.8538184,1.1438184,0.28381836,-0.69618165,-1.7061816,-2.7061815,-3.5661817,-4.2261815,-4.8561816,-5.6661816,-6.0661817,-6.346182,-6.5761814,-4.0461817,-1.8961816,-2.1561816,-2.3261817,-3.4661818,-4.3761816,-4.9361815,-5.3761816,-5.7061815,-6.0061817,-6.3161817,-6.5161815,-6.696182,-6.9561815,-7.196182,-7.4661818,-7.7561817,-8.016182,-8.216182,-8.466182,-8.686182,-8.906181
-0.03618164,-0.01618164,0.14381836,-0.02618164,-0.03618164,-0.24618164,-0.82618165,-1.2761817,-1.5261817,-1.3961816,-1.1561817,-0.84618163,-0.44618165,0.91381836,3.2038183,3.0738184,5.6038184,6.7638183,5.823818,4.7338185,3.7438183,2.8738184,2.1738183,1.5438184,0.80381835,-0.05618164,-0.96618164,-1.9361817,-2.9061816,-3.5961816,-4.3161817,-5.1661816,-5.616182,-5.8561816,-6.0561814,-2.8761816,-1.8061817,-2.0561817,-1.9961816,-2.9461815,-3.7161818,-4.2661815,-4.846182,-5.346182,-5.7661815,-6.1461816,-6.386182,-6.5761814,-6.7861814,-7.0061817,-7.2761817,-7.5361814,-7.7861814,-7.9961815,-8.216182,-8.446181,-8.696181
-0.01618164,0.08381836,0.08381836,0.19381836,0.69381833,0.23381835,-0.57618165,-1.0361817,-1.2061816,-1.0361817,-0.8661816,-0.74618167,-0.35618165,0.69381833,3.1638184,3.5138183,5.7938185,7.093818,6.2338185,5.113818,4.133818,3.3738184,2.7338183,2.0938184,1.3638184,0.55381835,-0.28618163,-1.2361816,-2.2461817,-3.0061817,-3.7161818,-4.5661817,-5.2161818,-5.3561816,-5.4161816,-2.4961817,-2.4961817,-2.5161817,-2.5561817,-2.7961817,-3.1861815,-3.7461817,-4.3761816,-4.9561815,-5.5061817,-5.9661818,-6.3261814,-6.5661817,-6.7661815,-6.9361815,-7.176182,-7.406182,-7.6261816,-7.846182,-8.066181,-8.286181,-8.476182
-0.106181644,-0.14618164,-0.30618164,0.023818359,0.80381835,0.49381837,-0.106181644,-0.39618164,-0.37618163,-0.12618165,-0.05618164,-0.30618164,-0.40618163,0.14381836,2.4538183,3.8838184,6.2138186,7.5638185,6.8138185,5.7738185,4.823818,4.1038184,3.5138183,2.9038184,2.1938183,1.3438183,0.44381836,-0.49618164,-1.5161816,-2.3861816,-3.0961816,-3.8461816,-4.6861815,-4.636182,-5.2861814,-3.1961815,-1.9661816,-1.7361816,-2.3761816,-2.5961816,-2.9761817,-3.5561817,-4.1661816,-4.7461815,-5.2761817,-5.7361817,-6.1461816,-6.4961815,-6.7461815,-6.8961816,-7.0661817,-7.2761817,-7.4961815,-7.696182,-7.9161816,-8.136182,-8.366181
0.53381836,0.34381837,-0.05618164,-0.05618164,0.59381837,0.5838184,0.16381836,-0.25618163,-0.28618163,-0.33618164,-0.40618163,-0.43618163,-0.35618165,0.03381836,1.6238184,3.9338183,6.4338183,7.9838185,7.363818,6.2938185,5.343818,4.6638184,4.1738186,3.6638184,2.9838183,2.1038184,1.1538184,0.22381836,-0.80618167,-1.7561816,-2.4061816,-3.0461817,-3.9061816,-3.9761817,-4.5161815,-4.0361814,-1.9261817,-1.4561816,-1.6561817,-2.1861815,-2.6961815,-3.3361816,-3.9961817,-4.5861816,-5.0561814,-5.4861817,-5.906182,-6.3161817,-6.6661816,-6.8561816,-7.0061817,-7.1861815,-7.3761816,-7.5761814,-7.7961817,-8.026181,-8.226182
0.99381834,0.84381837,0.7738184,0.69381833,0.84381837,0.5838184,0.04381836,-0.40618163,-0.42618164,-0.40618163,-0.50618166,-0.6761816,-0.6661816,-0.30618164,1.0138184,3.9138184,6.4538183,8.033818,7.6038184,6.6638184,5.6838183,5.0038185,4.5838184,4.1238184,3.5238183,2.7638183,1.9138184,1.0138184,-0.0061816406,-1.0961816,-1.7161816,-2.2461817,-2.9461815,-3.5161817,-3.9161816,-3.9861817,-3.2761817,-1.9061817,-1.2861817,-1.7461816,-2.3361816,-2.9761817,-3.6361816,-4.2761817,-4.8061814,-5.2561817,-5.6661816,-6.096182,-6.4961815,-6.8061814,-6.9961815,-7.136182,-7.2961817,-7.4761815,-7.676182,-7.8961816,-8.136182
0.86381835,0.54381835,0.74381834,1.0438184,1.2838184,0.94381833,0.32381836,-0.04618164,0.12381836,0.15381835,-0.19618164,-0.59618163,-0.75618166,-0.45618165,0.8338184,3.9838183,6.383818,7.9138184,7.653818,6.8738184,6.1038184,5.4438186,5.0438185,4.653818,4.1038184,3.4038184,2.6138184,1.7938184,0.86381835,-0.25618163,-1.0461817,-1.5661817,-2.1161816,-2.7361817,-3.1661816,-3.2261817,-2.8661816,-1.8361816,-0.96618164,-1.2561816,-1.8761816,-2.5261817,-3.1961815,-3.8661816,-4.4661818,-4.9861817,-5.426182,-5.846182,-6.2561817,-6.656182,-6.9661818,-7.1261816,-7.2861814,-7.426182,-7.6061816,-7.8361816,-8.076181
0.41381836,0.39381835,0.5238184,0.86381835,1.0638183,1.0738183,0.5738184,0.23381835,0.45381835,0.36381835,-0.04618164,-0.48618165,-0.68618166,-0.36618164,0.91381836,4.0038185,6.2638183,7.8938184,7.9638186,7.2938185,6.553818,5.903818,5.5038185,5.2038183,4.7238183,4.073818,3.2838182,2.5138183,1.7038183,0.6438184,-0.39618164,-0.9861816,-1.5561817,-2.1861815,-2.6261816,-2.8361816,-2.7661817,-2.1261816,-0.7961816,-0.77618164,-1.4261817,-2.1461816,-2.8361816,-3.5061817,-4.116182,-4.676182,-5.176182,-5.596182,-6.0161815,-6.406182,-6.7361817,-6.9861817,-7.176182,-7.3761816,-7.5661817,-7.7761817,-8.016182
-0.64618164,-0.25618163,-0.07618164,0.13381836,0.8238184,1.3338183,1.0638183,0.56381834,0.21381836,0.04381836,-0.02618164,-0.48618165,-0.8561816,-0.7361816,0.5138184,3.8738184,6.363818,7.9938183,8.373818,7.8538184,7.0138183,6.323818,5.8938184,5.5638185,5.073818,4.5138183,3.8238184,3.1138184,2.4038184,1.5138184,0.42381835,-0.37618163,-0.99618167,-1.5361817,-1.9961816,-2.1061816,-2.5061817,-2.4561815,-0.94618165,-0.26618165,-0.96618164,-1.7761817,-2.4761817,-3.1361816,-3.7761817,-4.386182,-4.906182,-5.346182,-5.7661815,-6.176182,-6.5461817,-6.846182,-7.0861816,-7.3261814,-7.5361814,-7.7361817,-7.9661818
-0.51618165,-0.28618163,-0.68618166,-0.70618165,0.43381837,2.2338183,2.3638184,1.1438184,0.27381837,0.13381836,-0.07618164,-0.49618164,-0.71618164,-1.0161816,-0.62618166,2.9038184,6.2338185,8.083818,8.693818,8.363818,7.5238185,6.8338184,6.4238186,6.073818,5.5238185,4.9638186,4.363818,3.6938183,3.0138183,2.2638183,1.2738184,0.37381837,-0.35618165,-0.87618166,-1.4361817,-1.7461816,-2.1161816,-2.5561817,-2.0461817,-0.5461816,-0.7961816,-1.5061816,-2.0861816,-2.6761816,-3.3661816,-4.0461817,-4.6461816,-5.136182,-5.5861816,-5.9961815,-6.3761816,-6.7161818,-7.0061817,-7.2561817,-7.4961815,-7.7161818,-7.926182
-0.20618165,-0.38618165,-0.89618164,-1.2261816,-0.55618167,0.49381837,0.67381835,0.49381837,0.46381837,0.8338184,1.0238184,0.35381836,-0.37618163,-0.6661816,-1.2761817,1.3838184,5.5838184,7.9338183,8.803819,8.733818,7.9838185,7.2638183,6.883818,6.6938186,6.1438184,5.5038185,4.9238186,4.303818,3.6238184,2.9138184,2.0738184,1.1338184,0.39381835,-0.23618165,-0.7861816,-1.4761816,-1.8161817,-1.8061817,-2.4261816,-1.7861817,-1.2361816,-1.4061817,-1.7761817,-2.2661817,-2.8961816,-3.6161816,-4.2761817,-4.8561816,-5.3761816,-5.8261814,-6.2161818,-6.5661817,-6.8561816,-7.1461816,-7.3961816,-7.6261816,-7.8361816
