UV_10m_small_gfs.t12z.pgrb2.0p25.f012.json
{"header": { "discipline":0, "disciplineName":"Meteorological products", "gribEdition":2, "gribLength":17311, "center":7, "centerName":"US National Weather Service - NCEP(WMC)", "subcenter":0, "refTime":"2023-03-21T12:00:00.000Z", "significanceOfRT":1, "significanceOfRTName":"Start of forecast", "productStatus":0, "productStatusName":"Operational products", "productType":1, "productTypeName":"Forecast products", "productDefinitionTemplate":0, "productDefinitionTemplateName":"Analysis/forecast at horizontal level/layer at a point in time", "parameterCategory":2, "parameterCategoryName":"Momentum", "parameterNumber":3, "parameterNumberName":"V-component_of_wind", "parameterUnit":"m.s-1", "genProcessType":2, "genProcessTypeName":"Forecast", "forecastTime":12, "surface1Type":103, "surface1TypeName":"Specified height level above ground", "surface1Value":10.0, "surface2Type":255, "surface2TypeName":"Missing", "surface2Value":0.0, "gridDefinitionTemplate":0, "gridDefinitionTemplateName":"Latitude_Longitude", "numberPoints":11421, "shape":6, "shapeName":"Earth spherical with radius of 6,371,229.0 m", "gridUnits":"degrees", "resolution":48, "winds":"true", "scanMode":64, "nx":141, "ny":81, "basicAngle":0, "lo1":210.0, "la1":30.0, "lo2":245.0, "la2":50.0, "dx":0.25, "dy":0.25 }, "data":
[rows 50 to 74 of 81, columns 0 to 56 of 141]
0.18603271,0.3460327,0.53603274,0.35603273,-0.18396729,-0.3139673,-0.19396728,-0.22396728,-0.3639673,-0.38396728,-0.42396727,-0.6339673,-0.9339673,-1.2039673,-1.4239672,-1.6739672,-1.9839673,-2.2339673,-2.3639672,-2.4239674,-2.1439674,-1.9039673,-0.4339673,0.056032714,-0.3339673,-1.6039673,-0.7539673,0.5860327,-0.22396728,-1.3739673,-2.1139672,-2.6739674,-3.2139673,-3.7439673,-4.353967,-4.8239675,-4.933967,-5.1939673,-5.7539673,-6.7639675,-6.7839675,-6.3039675,-5.7139673,-6.0539675,-6.583967,-7.083967,-7.413967,-7.5739675,-7.8039675,-8.093967,-8.353968,-8.663967,-8.983967,-9.333967,-9.673967,-10.043967,-10.403967
0.23603271,0.33603272,0.4460327,0.3160327,0.056032714,-0.19396728,-0.3339673,-0.4039673,-0.6039673,-0.7339673,-0.7239673,-0.7039673,-0.8139673,-0.96396726,-1.1039673,-1.2939672,-1.5639672,-1.8439673,-2.0839672,-2.1739674,-1.8339673,-1.7339673,-0.90396726,0.08603272,0.15603271,-0.7639673,-0.5139673,0.8860327,0.5160327,-0.6139673,-1.5239673,-2.2339673,-2.8239672,-3.3439672,-3.9439673,-4.453967,-4.603967,-4.953967,-5.393967,-6.333967,-6.373967,-5.7839675,-5.103967,-5.373967,-6.0539675,-6.7139673,-7.1739674,-7.3639674,-7.5539675,-7.9039674,-8.223968,-8.523968,-8.803967,-9.103968,-9.453967,-9.823967,-10.183968
0.78603274,0.7760327,0.7060327,0.4960327,0.3460327,0.20603271,0.046032716,-0.073967285,-0.24396728,-0.41396728,-0.52396727,-0.6639673,-0.7639673,-0.8739673,-0.9839673,-1.1639673,-1.4339672,-1.6239673,-1.7639673,-1.8739673,-1.6039673,-1.2739673,-0.90396726,0.15603271,0.7360327,-0.033967286,-0.09396729,1.2660327,1.0260327,-0.06396729,-0.96396726,-1.7539673,-2.3539672,-2.9139674,-3.5339673,-4.0439672,-4.1539674,-4.5139675,-5.0539675,-5.913967,-6.373967,-5.6739674,-4.413967,-4.4239674,-5.3239675,-6.183967,-6.8239675,-7.083967,-7.3239675,-7.743967,-8.073967,-8.373967,-8.713967,-9.003967,-9.293967,-9.603968,-9.953967
1.0060327,1.0860327,1.0060327,0.8360327,0.7360327,0.6760327,0.5060327,0.27603272,0.07603271,-0.13396728,-0.35396728,-0.6739673,-0.8939673,-1.0739673,-1.2439673,-1.3739673,-1.5139673,-1.5239673,-1.5439672,-1.6239673,-1.5239673,-1.1639673,-0.9439673,0.11603271,1.1260327,0.6760327,0.4160327,1.7660327,1.6160327,0.6060327,-0.24396728,-1.0839673,-1.7639673,-2.3939674,-3.0439672,-3.6239672,-3.7939672,-3.9739673,-4.723967,-5.5439672,-6.643967,-6.2339673,-3.9039674,-3.4639673,-4.563967,-5.5939674,-6.353967,-6.7139673,-7.0939674,-7.5439672,-7.953967,-8.2639675,-8.523968,-8.853968,-9.143968,-9.443967,-9.753967
1.2060328,1.2260327,1.1660327,1.0260327,0.9560327,0.9360327,0.84603274,0.65603274,0.3760327,0.18603271,-0.033967286,-0.42396727,-0.8139673,-1.1439673,-1.4039673,-1.6339673,-1.7039673,-1.5939673,-1.5239673,-1.5139673,-1.6639673,-1.3439673,-1.2739673,-0.3739673,1.0960327,1.2460327,0.8260327,2.1760328,2.4060328,1.5460327,0.4960327,-0.59396726,-1.4039673,-1.9539673,-2.5839672,-3.2439673,-3.5839672,-3.7739673,-4.5239673,-5.3439674,-6.2939672,-6.2839675,-3.5239673,-3.0139673,-4.103967,-5.083967,-5.8039675,-6.373967,-6.8239675,-7.2839675,-7.743967,-8.073967,-8.333967,-8.663967,-8.973968,-9.253967,-9.553967
1.6560327,1.4760327,1.3060327,1.1260327,1.0160327,0.9360327,0.91603273,0.8260327,0.66603273,0.53603274,0.3860327,0.11603271,-0.3039673,-0.7539673,-1.1039673,-1.4339672,-1.6639673,-1.6839672,-1.5939673,-1.3339673,-1.4039673,-1.2839673,-1.2339673,-0.8539673,0.8160327,1.6260327,0.8960327,2.1160326,2.7360327,2.0260327,0.9960327,-0.023967285,-0.8639673,-1.5139673,-2.1339674,-2.8539672,-3.3239672,-3.6139672,-4.1939673,-4.9239674,-6.063967,-5.7839675,-3.0639672,-3.1039672,-3.9439673,-4.723967,-5.4639673,-6.0539675,-6.453967,-6.953967,-7.4039674,-7.743967,-8.083967,-8.423967,-8.7639675,-9.093967,-9.373967
2.1860328,1.9060327,1.6560327,1.4360328,1.2560327,1.0860327,0.90603274,0.78603274,0.7760327,0.72603273,0.59603274,0.4960327,0.21603271,-0.2539673,-0.58396727,-0.8939673,-1.2539673,-1.5039673,-1.5639672,-1.4839673,-1.3639673,-1.4739673,-1.3639673,-1.3739673,-0.13396728,1.7560327,1.2360327,2.3460326,3.1860328,2.5760326,1.6060327,0.6360327,-0.3039673,-1.0739673,-1.6839672,-2.4039674,-2.9439673,-3.2439673,-3.7139673,-4.313967,-5.373967,-5.3439674,-3.1539674,-3.1639674,-3.6439674,-4.353967,-5.103967,-5.6739674,-6.143967,-6.6139674,-7.0339675,-7.4439673,-7.8439674,-8.213967,-8.563968,-8.893968,-9.213967
2.4760327,2.3560326,2.1760328,2.0260327,1.9060327,1.7260327,1.4360328,1.2360327,1.2060328,1.0860327,0.90603274,0.8060327,0.6360327,0.2860327,-0.053967286,-0.2839673,-0.6239673,-0.9539673,-1.1639673,-1.2839673,-1.1839672,-1.3139672,-1.4639673,-1.3539673,-1.1239673,1.0660328,1.3660327,2.5260327,3.6560328,2.9860327,2.0960326,1.2960327,0.3760327,-0.4639673,-1.1339673,-1.8839673,-2.5239673,-2.9239674,-3.2839673,-3.8539672,-4.583967,-5.433967,-3.3739672,-2.8839674,-3.4339674,-4.0339675,-4.683967,-5.353967,-5.833967,-6.243967,-6.683967,-7.103967,-7.5339675,-7.9439673,-8.293967,-8.683968,-9.043967
2.7660327,2.6060326,2.4360328,2.3160326,2.2960327,2.2160327,1.9960327,1.8160328,1.7060328,1.5460327,1.3460327,1.2560327,1.0460327,0.5660327,0.08603272,-0.13396728,-0.29396728,-0.4339673,-0.6439673,-0.8039673,-0.8039673,-0.8039673,-1.1939673,-1.0439672,-1.4439673,0.18603271,1.3960327,2.4360328,3.9460328,3.5760326,2.7460327,2.0160327,1.1360327,0.20603271,-0.58396727,-1.3939673,-2.1239672,-2.5839672,-2.8639672,-3.6339674,-3.7739673,-5.0239673,-4.183967,-2.6739674,-3.0439672,-3.7239673,-4.373967,-4.973967,-5.4639673,-5.893967,-6.313967,-6.813967,-7.2739673,-7.663967,-8.033967,-8.453967,-8.853968
3.2860327,3.0860326,2.9360328,2.7860327,2.6760328,2.5460327,2.4160328,2.3160326,2.1960328,1.9860327,1.7660327,1.5660328,1.3460327,1.0160327,0.6060327,0.30603272,0.046032716,-0.073967285,-0.17396729,-0.3039673,-0.44396728,-0.38396728,-0.6839673,-0.59396726,-0.83396727,0.046032716,1.5460327,2.3560326,4.066033,4.0560327,3.0860326,2.2160327,1.4160327,0.6160327,-0.10396729,-0.83396727,-1.6139673,-2.1139672,-2.3239672,-2.9739673,-3.5539672,-3.7639673,-4.7539673,-3.0739672,-2.3939674,-3.1839674,-3.9139674,-4.5139675,-5.0439672,-5.5139675,-5.953967,-6.453967,-7.0039673,-7.4839673,-7.853967,-8.213967,-8.613967
3.7860327,3.6560328,3.5060327,3.3360326,3.1660328,3.0060327,2.8760328,2.8560326,2.6760328,2.4660327,2.2860327,1.9860327,1.6060327,1.2860327,1.0860327,0.8560327,0.4760327,0.19603272,0.08603272,0.08603272,-0.16396728,-0.24396728,-0.5739673,-0.6639673,-0.3139673,0.3460327,1.7760327,2.3560326,3.8860328,4.1160326,3.1960328,2.5560327,1.8960327,1.0960327,0.35603273,-0.26396728,-1.0539672,-1.6039673,-1.9139673,-2.1439674,-3.3739672,-3.3539672,-4.0939674,-4.0939674,-1.5839673,-2.3339672,-3.3339672,-4.0239673,-4.583967,-5.0939674,-5.6139674,-6.103967,-6.623967,-7.1739674,-7.6339674,-8.033967,-8.393968
3.8960328,3.9460328,3.9560328,3.8060327,3.6360328,3.4860327,3.3860328,3.3660326,3.1660328,2.9460328,2.7060328,2.3860328,1.9460328,1.5860327,1.3660327,1.0960327,0.8260327,0.5260327,0.33603272,0.32603273,0.26603273,0.066032715,-0.23396729,-0.7339673,-0.6839673,-0.13396728,1.4960327,2.4960327,4.066033,4.3060327,3.5860326,3.0760326,2.5360327,1.7760327,0.9860327,0.30603272,-0.4939673,-1.1339673,-1.5739673,-1.6939673,-2.4739673,-3.5439672,-3.9739673,-3.8439672,-0.58396727,-1.5239673,-2.7539673,-3.5939672,-4.1739674,-4.703967,-5.2339673,-5.7739673,-6.2939672,-6.833967,-7.3639674,-7.7939672,-8.193967
3.6060326,3.6260328,3.7860327,3.9760327,4.086033,3.9960327,3.8760328,3.7060328,3.5860326,3.5060327,3.1960328,2.7660327,2.3360326,1.9260327,1.5360327,1.2260327,1.0660328,0.8860327,0.7460327,0.6860327,0.65603274,0.5060327,0.23603271,-0.44396728,-0.4339673,-0.32396728,0.33603272,2.2260327,4.1560326,4.3260326,3.6160326,3.2360327,2.8760328,2.2460327,1.4560328,0.7560327,0.046032716,-0.7039673,-1.2339673,-1.4539673,-1.9239672,-2.7739673,-4.163967,-2.9339674,-0.42396727,-1.2239673,-2.3639672,-3.2139673,-3.8239672,-4.3439674,-4.9039674,-5.473967,-5.973967,-6.4839673,-7.0339675,-7.5439672,-7.9839673
4.0760326,3.7860327,3.6460328,3.8260326,4.2660327,4.3660326,4.296033,4.2060328,4.0560327,3.7760327,3.4560328,3.1660328,2.7960327,2.3860328,1.9560328,1.5960327,1.3760327,1.1960328,1.2060328,1.1360327,1.1060327,0.9560327,0.6860327,0.09603272,0.13603272,-0.003967285,0.4960327,2.3360326,3.9260328,4.166033,3.6860328,3.4160328,3.2460327,2.6260328,1.8260328,1.0660328,0.48603272,-0.24396728,-0.84396726,-1.1739672,-1.5939673,-2.2539673,-3.4439673,-3.2939672,-0.6339673,-0.90396726,-1.9239672,-2.7539673,-3.3739672,-3.9439673,-4.5539675,-5.163967,-5.7139673,-6.223967,-6.743967,-7.2939672,-7.7639675
4.506033,4.2660327,3.9960327,4.1760325,4.436033,4.626033,4.5960326,4.6760325,4.686033,4.2860327,3.8360326,3.4460328,3.0560327,2.7460327,2.4460328,2.0960326,1.7460327,1.4560328,1.5060327,1.3760327,1.2360327,1.0660328,0.7060327,0.17603272,0.13603272,0.5560327,1.2160327,2.6060326,3.8960328,4.416033,4.336033,4.0560327,3.7460327,3.1560328,2.4060328,1.6960328,1.0960327,0.48603272,-0.3439673,-0.7639673,-1.0739673,-1.7139673,-2.4739673,-3.6039672,-0.8939673,-0.42396727,-1.3439673,-2.1839674,-2.8739672,-3.5139673,-4.163967,-4.8039675,-5.3839674,-5.933967,-6.4439673,-6.9839673,-7.473967
4.8060327,4.776033,4.5760326,4.646033,4.776033,4.916033,5.006033,5.0760326,5.026033,4.7660327,4.356033,3.8060327,3.2960327,3.0260327,2.8160326,2.5260327,2.1660328,1.8760327,1.8660327,1.6760327,1.4060327,1.1060327,0.8660327,0.5560327,0.5160327,1.1060327,1.4260327,1.8860327,2.9660327,3.9960327,4.5760326,4.626033,4.4460325,3.8860328,3.1060326,2.3760328,1.7460327,1.1760327,0.3860327,-0.22396728,-0.5139673,-1.0439672,-1.8639673,-2.9839673,-1.0439672,-0.39396727,-0.9439673,-1.6539673,-2.3739672,-3.0739672,-3.7739673,-4.413967,-4.993967,-5.5539675,-6.103967,-6.6739674,-7.1939673
5.3660326,5.186033,4.9060326,4.9560328,5.1960325,5.2660327,5.3460326,5.506033,5.3860326,5.1760325,4.8260326,4.276033,3.6960328,3.3460326,3.1260328,2.8260326,2.4760327,2.2160327,2.1160326,1.8360327,1.5960327,1.3460327,1.1860328,0.90603274,0.91603273,1.3560327,1.7860327,1.7460327,1.9460328,2.9560328,4.2460327,4.8460326,4.9760327,4.606033,3.7660327,2.9460328,2.2760327,1.6860328,1.0560327,0.24603271,0.026032714,-0.58396727,-0.9539673,-2.3039672,-1.3139672,-0.41396728,-0.71396726,-1.2739673,-1.9339672,-2.6239672,-3.3239672,-3.9839673,-4.603967,-5.1739674,-5.7339673,-6.313967,-6.8839674
5.9260325,5.686033,5.356033,5.2660327,5.4860325,5.646033,5.7660327,5.8260326,5.6360326,5.3860326,5.086033,4.606033,4.106033,3.6860328,3.3360326,3.0160327,2.7160327,2.4160328,2.1860328,1.9160327,1.6560327,1.4660327,1.4660327,1.3860327,1.3460327,1.6960328,1.8560327,1.7860327,1.9960327,2.4560328,3.7660327,4.686033,5.256033,5.2160325,4.566033,3.6760328,2.8760328,2.2460327,1.7360327,0.84603274,0.4460327,-0.003967285,-0.19396728,-1.4039673,-1.5639672,-0.41396728,-0.4339673,-0.9539673,-1.5539672,-2.1939673,-2.8539672,-3.5139673,-4.1739674,-4.813967,-5.4039674,-5.973967,-6.5439672
6.2360325,6.046033,5.776033,5.6760325,5.6760325,5.8260326,6.026033,6.0960326,5.9560328,5.6760325,5.296033,4.876033,4.4060326,3.9860327,3.6060326,3.2660327,2.9260328,2.5760326,2.2960327,2.0760326,1.8160328,1.6260327,1.6360327,1.6960328,1.7260327,1.9060327,1.9760327,2.6560328,2.6160326,1.3360327,1.8460327,3.5760326,5.126033,5.626033,5.2160325,4.4560328,3.5860326,2.8260326,2.2560327,1.5460327,0.8560327,0.5660327,0.16603272,-0.2539673,-1.2939672,-0.90396726,-0.44396728,-0.71396726,-1.2339673,-1.8039672,-2.4039674,-3.0539672,-3.7339673,-4.4039674,-5.0339675,-5.603967,-6.183967
6.3460326,6.146033,6.006033,6.006033,6.0960326,6.296033,6.376033,6.4060326,6.3860326,6.0760326,5.5960326,5.1360326,4.7460327,4.3660326,3.9360328,3.5060327,3.1460328,2.7560327,2.4060328,2.2260327,1.9560328,1.6760327,1.7160327,1.6960328,1.7860327,2.0660326,2.3260326,2.7360327,2.5960326,1.5660328,1.2460327,2.6960328,4.9760327,6.066033,5.776033,5.026033,4.146033,3.3160326,2.6460328,2.0460327,1.3060327,0.97603273,0.6060327,0.2860327,-0.38396728,-0.9939673,-0.7339673,-0.3639673,-0.6439673,-1.2939672,-1.9639673,-2.6339674,-3.3139672,-3.9739673,-4.6139674,-5.203967,-5.7839675
6.6760325,6.526033,6.376033,6.256033,6.506033,6.756033,6.7860327,6.796033,6.8260326,6.5560327,5.9860325,5.4760327,5.0960326,4.7260327,4.3060327,3.8460326,3.4460328,2.9460328,2.5460327,2.2860327,1.9460328,1.6560327,1.6460327,1.7060328,1.9560328,2.1760328,2.2160327,2.3660326,1.9560328,1.1260327,1.0160327,2.0460327,4.436033,5.9760327,5.8860326,5.2060328,4.5360327,3.8460326,3.1660328,2.5260327,1.9060327,1.3160328,1.0960327,0.6760327,0.32603273,-0.32396728,-1.2239673,-0.77396727,-0.19396728,-0.65396726,-1.4339672,-2.1639674,-2.8439672,-3.5239673,-4.163967,-4.7639675,-5.353967
7.3660326,7.0560327,6.8260326,6.6760325,6.836033,7.1160326,7.2060328,7.276033,7.2460327,6.8860326,6.3660326,5.9460325,5.546033,5.126033,4.586033,4.0560327,3.6860328,3.1260328,2.6360328,2.3560326,2.0360327,1.7560327,1.7660327,1.9660327,2.2360327,2.4960327,2.3860328,2.2260327,1.8860327,1.1160327,0.9360327,2.0260327,4.376033,5.9560328,6.0560327,5.4660325,4.9060326,4.3460326,3.7360327,3.0560327,2.4360328,1.8360327,1.4860327,1.1660327,0.6360327,0.4460327,-0.4039673,-1.4839673,-0.7939673,-0.15396729,-0.6739673,-1.5639672,-2.3339672,-3.0339673,-3.6839674,-4.2939672,-4.913967
7.756033,7.4560328,7.2260327,7.0360327,7.1560326,7.416033,7.5760326,7.6960325,7.566033,7.1960325,6.756033,6.4060326,6.146033,5.646033,5.026033,4.5960326,3.9960327,3.2860327,2.9560328,2.8460326,2.5160327,2.1560328,1.9860327,2.0460327,2.4260328,2.8960328,2.8760328,2.5960326,2.2460327,1.4860327,1.1860328,1.9660327,4.256033,5.9560328,6.376033,6.0360327,5.436033,4.856033,4.2260327,3.5660326,2.8960328,2.3460326,1.9160327,1.5760328,1.0660328,0.5660327,0.36603272,-0.78396726,-1.7339673,-0.7539673,-0.4039673,-1.1239673,-1.9039673,-2.5639672,-3.2139673,-3.8439672,-4.5039673
8.226032,7.9060326,7.376033,7.1760325,7.336033,7.606033,7.7860327,7.9460325,7.8860326,7.546033,7.186033,7.006033,6.7360325,6.2260327,5.7460327,5.106033,4.336033,3.9160328,3.7160327,3.3860328,3.0360327,2.6960328,2.4260328,2.4060328,2.6060326,3.0060327,3.3860328,3.3660326,2.9860327,2.0360327,1.4660327,1.8260328,3.6660328,5.4860325,6.166033,6.166033,5.8460326,5.3460326,4.6160326,3.9260328,3.3460326,2.8160326,2.3560326,1.8860327,1.4560328,0.8860327,0.21603271,0.29603273,-1.1039673,-1.3639673,-0.77396727,-1.0639672,-1.6539673,-2.2239673,-2.8039672,-3.3939674,-4.0439672
8.476032,8.226032,7.876033,7.606033,7.5560327,7.7260327,7.9560328,8.046033,7.9660325,7.7260327,7.5760326,7.336033,7.0360327,6.6560326,6.1360326,5.436033,4.756033,4.2360325,3.7860327,3.3560326,2.8660326,2.3560326,2.0560327,2.3460326,2.9060328,3.3260326,3.7160327,3.6760328,3.1860328,2.3660326,1.6860328,1.7860327,2.9360328,4.7260327,5.7160325,5.9260325,5.8460326,5.566033,5.026033,4.296033,3.6760328,3.1960328,2.7860327,2.3760328,1.8360327,1.4360328,0.4460327,0.36603272,-0.053967286,-0.7439673,-0.65396726,-0.84396726,-1.3539673,-1.8939673,-2.4139674,-2.9339674,-3.5439672
