UV_10m_small_gfs.t12z.pgrb2.0p25.f024.json
{"header": { "discipline":0, "disciplineName":"Meteorological products", "gribEdition":2, "gribLength":17311, "center":7, "centerName":"US National Weather Service - NCEP(WMC)", "subcenter":0, "refTime":"2023-03-21T12:00:00.000Z", "significanceOfRT":1, "significanceOfRTName":"Start of forecast", "productStatus":0, "productStatusName":"Operational products", "productType":1, "productTypeName":"Forecast products", "productDefinitionTemplate":0, "productDefinitionTemplateName":"Analysis/forecast at horizontal level/layer at a point in time", "parameterCategory":2, "parameterCategoryName":"Momentum", "parameterNumber":2, "parameterNumberName":"U-component_of_wind", "parameterUnit":"m.s-1", "genProcessType":2, "genProcessTypeName":"Forecast", "forecastTime":24, "surface1Type":103, "surface1TypeName":"Specified height level above ground", "surface1Value":10.0, "surface2Type":255, "surface2TypeName":"Missing", "surface2Value":0.0, "gridDefinitionTemplate":0, "gridDefinitionTemplateName":"Latitude_Longitude", "numberPoints":11421, "shape":6, "shapeName":"Earth spherical with radius of 6,371,229.0 m", "gridUnits":"degrees", "resolution":48, "winds":"true", "scanMode":64, "nx":141, "ny":81, "basicAngle":0, "lo1":210.0, "la1":30.0, "lo2":245.0, "la2":50.0, "dx":0.25, "dy":0.25 }, "data":
[rows 52 to 77 of 81, columns 0 to 59 of 141]
12.39404,12.14404,11.9940405,12.014041,12.23404,12.414041,12.414041,12.304041,12.2440405,12.094041,11.964041,11.65404,11.264041,11.03404,10.754041,10.27404,10.10404,10.414041,10.804041,11.02404,11.084041,11.044041,10.93404,10.924041,10.93404,10.884041,10.82404,10.754041,10.754041,10.65404,10.48404,10.36404,10.334041,10.464041,10.544041,10.35404,9.78404,9.28404,8.914041,8.65404,8.44404,8.28404,8.14404,8.31404,8.44404,8.014041,7.1340404,7.1040406,7.3740406,7.2740407,6.8540406,6.7040405,7.2840405,7.6240406,7.4140406,7.1840405,7.1640406,6.9240403,6.4340405,6.1140404
12.90404,12.344041,11.98404,11.964041,12.03404,12.254041,12.43404,12.44404,12.414041,12.414041,12.35404,12.254041,11.98404,11.764041,11.60404,11.254041,10.664041,10.334041,10.504041,10.804041,10.90404,10.954041,11.094041,11.10404,11.03404,10.974041,10.93404,10.874041,10.90404,10.884041,10.73404,10.544041,10.454041,10.57404,10.69404,10.60404,10.044041,9.384041,8.834041,8.40404,8.27404,8.374041,8.10404,8.02404,8.254041,8.094041,6.9840407,7.1940403,7.7140408,7.3840404,6.9940405,6.8440404,7.1740403,7.5540404,7.4940405,7.2440405,7.2040405,6.9640408,6.3740406,6.1040406
14.474041,12.594041,11.94404,12.004041,12.11404,12.15404,12.204041,12.32404,12.384041,12.464041,12.504041,12.474041,12.36404,12.334041,12.27404,12.094041,11.64404,11.03404,10.7440405,10.754041,10.86404,10.9940405,11.084041,11.174041,11.124041,11.054041,11.02404,10.964041,10.93404,10.93404,10.90404,10.73404,10.61404,10.61404,10.674041,10.664041,10.19404,9.474041,8.844041,8.31404,8.2440405,8.304041,8.10404,7.7640405,7.9940405,7.9440403,6.8740406,7.0340405,7.5940404,7.2640405,7.1940403,7.1840405,7.1340404,7.2740407,7.4140406,7.4340405,7.2040405,6.7340407,6.1640406,6.0240407
12.27404,11.884041,11.64404,12.474041,12.69404,12.584041,12.35404,12.134041,12.18404,12.39404,12.4940405,12.4940405,12.464041,12.464041,12.464041,12.43404,12.28404,12.02404,11.57404,11.124041,10.94404,10.9940405,11.15404,11.204041,11.18404,11.15404,11.164041,11.054041,10.98404,10.964041,10.964041,10.85404,10.78404,10.724041,10.69404,10.68404,10.384041,9.56404,8.794041,8.23404,8.084041,8.084041,7.9940405,7.6040406,7.7440405,7.9140406,7.2240405,6.9440403,7.2240405,7.3240404,7.4540405,7.3940406,7.0640407,6.9440403,7.1340404,7.3640404,7.2440405,6.7840405,6.1940403,5.9140406
11.9940405,12.374041,12.414041,12.754041,13.384041,13.884041,13.544041,12.724041,12.344041,12.454041,12.64404,12.64404,12.4940405,12.424041,12.344041,12.2440405,12.14404,12.15404,12.14404,11.804041,11.334041,11.174041,11.31404,11.27404,11.11404,11.124041,11.174041,11.06404,11.054041,11.07404,10.964041,10.844041,10.77404,10.754041,10.68404,10.584041,10.32404,9.57404,8.65404,8.03404,8.004041,7.9840407,7.8640404,7.5240407,7.4640408,7.7140408,7.5240407,7.1140404,7.2340407,7.4640408,7.5340405,7.3240404,7.0740404,7.0340405,6.9340405,7.1040406,7.4640408,7.4040403,6.5240407,5.9140406
11.514041,11.53404,11.68404,12.134041,12.81404,13.39404,13.85404,13.85404,13.304041,12.704041,12.64404,12.844041,12.85404,12.64404,12.39404,12.334041,12.18404,12.084041,12.10404,12.23404,12.02404,11.53404,11.294041,11.054041,10.81404,10.844041,11.07404,11.204041,11.2440405,11.28404,11.14404,10.93404,10.764041,10.674041,10.634041,10.4940405,10.23404,9.624041,8.704041,7.8640404,7.7540407,7.8240404,7.8440404,7.6040406,7.3840404,7.7040405,7.5640407,7.1340404,7.3740406,7.6840405,7.5040407,7.1540403,6.9840407,7.1440406,7.2240405,6.8540406,6.9840407,7.5240407,6.7840405,6.0440407
12.07404,12.28404,12.134041,11.65404,11.624041,12.68404,14.15404,14.804041,14.254041,13.214041,13.06404,13.02404,12.86404,12.714041,12.48404,12.36404,12.2440405,12.174041,12.10404,12.174041,12.264041,12.03404,11.634041,11.32404,11.004041,10.82404,11.06404,11.36404,11.4940405,11.4940405,11.31404,11.07404,10.874041,10.65404,10.52404,10.414041,10.174041,9.624041,8.674041,7.7740407,7.4840407,7.6940403,7.8440404,7.7040405,7.5740404,7.7540407,7.4840407,7.0140405,7.1740403,7.5740404,7.5640407,7.2440405,6.9440403,7.1140404,7.1940403,6.8640404,6.9040403,7.3640404,6.9440403,6.2840405
13.054041,12.35404,11.78404,11.90404,11.954041,11.334041,11.36404,13.32404,13.94404,13.454041,13.78404,13.65404,13.254041,12.86404,12.514041,12.36404,12.254041,12.264041,12.124041,12.014041,12.06404,11.9940405,11.764041,11.56404,11.204041,10.884041,11.07404,11.43404,11.624041,11.64404,11.384041,11.10404,10.924041,10.7440405,10.504041,10.32404,10.06404,9.584041,8.82404,7.7840405,7.3740406,7.6040406,7.6840405,7.6040406,7.6940403,7.9640408,7.9540405,7.4240403,7.0140405,7.3040404,7.5040407,7.2940407,7.0940404,7.0540404,6.9240403,6.8140407,6.9140406,7.2340407,7.1440406,6.5740404
13.86404,13.60404,13.19404,12.23404,11.964041,12.52404,12.004041,11.304041,12.64404,13.554041,13.85404,13.974041,13.86404,13.834041,13.454041,12.7440405,12.304041,12.264041,12.174041,11.98404,11.914041,11.86404,11.594041,11.27404,10.9940405,10.964041,11.164041,11.48404,11.65404,11.69404,11.374041,10.974041,10.794041,10.704041,10.594041,10.43404,10.094041,9.64404,8.924041,7.9540405,7.2840405,7.3140407,7.5340405,7.6740403,7.7640405,7.9740405,8.27404,7.9440403,7.4940405,7.3340406,7.3040404,7.2540407,7.3840404,7.1440406,6.6640406,6.6040406,6.8840404,7.1740403,7.3540406,6.9140406
14.43404,13.664041,13.214041,13.044041,12.334041,11.81404,12.014041,11.964041,12.014041,12.31404,12.77404,13.03404,13.374041,13.624041,13.584041,13.294041,12.764041,12.27404,12.07404,11.884041,11.78404,11.884041,11.674041,11.204041,10.85404,10.754041,10.94404,11.31404,11.714041,11.77404,11.414041,10.93404,10.68404,10.57404,10.544041,10.4940405,10.28404,10.044041,9.14404,8.02404,7.0140405,7.0440407,7.4040403,7.7540407,7.9240403,8.054041,7.8040404,7.8440404,7.8740406,7.1940403,6.8640404,7.0640407,7.4840407,7.3240404,6.5140405,6.4540405,6.9240403,7.1740403,7.4640408,7.1840405
14.044041,13.93404,13.544041,12.724041,12.03404,11.754041,11.954041,12.07404,12.15404,12.014041,12.094041,12.86404,13.19404,13.344041,13.56404,13.724041,13.544041,12.90404,12.40404,11.98404,11.68404,11.874041,11.90404,11.39404,10.81404,10.664041,10.77404,11.054041,11.57404,11.664041,11.384041,11.044041,10.65404,10.454041,10.454041,10.35404,10.294041,10.304041,9.53404,8.224041,7.0740404,6.8040404,7.3040404,7.8940406,7.8040404,7.2540407,7.5340405,8.294041,7.6240406,6.5240407,6.5640407,7.2440405,7.6740403,7.5740404,6.6340404,6.4840407,7.0040407,7.3340406,7.5440407,7.2440405
13.4940405,13.61404,13.36404,12.89404,12.594041,12.454041,12.36404,12.264041,12.23404,12.504041,12.64404,12.704041,12.794041,12.56404,12.924041,14.094041,14.56404,13.554041,12.664041,11.73404,11.40404,11.754041,12.03404,11.634041,11.054041,10.7440405,10.724041,10.954041,11.39404,11.674041,11.384041,10.82404,10.43404,10.39404,10.554041,10.40404,10.344041,10.264041,9.834041,8.68404,7.2440405,6.6040406,7.1440406,7.9540405,7.7340407,7.2740407,7.7040405,7.1940403,6.0840406,6.1040406,6.9840407,7.6440406,7.7140408,7.5840406,6.9140406,6.8140407,6.9440403,7.2540407,7.5340405,7.2240405
13.804041,13.77404,13.86404,13.93404,13.94404,13.914041,13.81404,13.634041,13.39404,13.424041,13.554041,13.304041,13.07404,13.57404,14.214041,13.914041,12.93404,12.414041,12.4940405,12.384041,12.174041,12.084041,12.18404,11.974041,11.32404,10.86404,10.85404,11.044041,11.094041,11.03404,10.93404,10.794041,10.53404,10.36404,10.27404,10.28404,10.454041,10.32404,9.94404,9.054041,7.3540406,6.4340405,7.0040407,7.8240404,7.5940404,7.1040406,7.2240405,6.7940407,6.3340406,6.6140404,7.4040403,7.7140408,7.3640404,7.2540407,6.9940405,6.9640408,6.9640408,7.0540404,7.3740406,7.2940407
14.164041,13.884041,13.73404,13.674041,13.82404,14.03404,14.254041,14.43404,14.464041,14.32404,14.004041,13.65404,13.714041,13.77404,13.634041,13.56404,12.98404,12.53404,12.514041,12.77404,12.9940405,12.77404,12.334041,12.124041,11.61404,11.07404,10.77404,10.674041,10.78404,10.884041,10.78404,10.69404,10.514041,10.23404,10.15404,10.32404,10.474041,10.304041,10.11404,9.414041,7.4940405,6.3840404,6.7640405,7.2340407,7.2040405,7.0240407,7.0740404,7.1140404,7.1140404,7.3240404,7.7640405,7.6640406,6.9240403,6.7640405,6.8240404,6.9540405,6.9940405,7.0240407,7.2040405,7.3340406
14.4940405,14.14404,13.94404,13.874041,13.89404,13.93404,14.094041,14.214041,14.28404,14.214041,14.044041,13.82404,13.704041,13.804041,13.69404,13.634041,13.794041,13.594041,13.11404,13.14404,13.52404,13.31404,12.664041,12.344041,11.94404,11.344041,10.94404,10.704041,10.754041,10.674041,10.27404,10.134041,10.28404,10.2440405,10.224041,10.43404,10.39404,10.19404,10.124041,9.65404,7.8340406,6.3040404,6.1840405,6.5640407,6.9140406,7.3640404,7.4140406,7.3940406,7.6140404,7.8940406,8.094041,7.9440403,7.1840405,6.6640406,6.5440407,6.6940403,6.8340406,6.9540405,7.0940404,7.2540407
14.954041,14.4940405,14.11404,13.85404,13.834041,14.044041,14.094041,13.9940405,14.03404,14.10404,13.90404,13.7440405,13.724041,13.884041,13.884041,13.61404,13.584041,13.594041,13.374041,13.294041,13.334041,13.28404,13.224041,12.98404,12.254041,11.44404,10.974041,10.624041,10.61404,10.294041,9.754041,9.794041,10.084041,10.14404,10.204041,10.27404,10.15404,9.954041,9.98404,9.65404,8.18404,6.4340405,5.9940405,6.5240407,7.0040407,7.4840407,7.3040404,6.9740405,7.3340406,7.8540406,8.134041,8.094041,7.5940404,6.8440404,6.5640407,6.6640406,6.7340407,6.8040404,6.8840404,7.0140405
15.56404,15.044041,14.57404,14.164041,13.90404,13.924041,14.014041,14.004041,13.90404,13.884041,13.9940405,14.39404,14.11404,13.754041,13.584041,13.48404,13.4940405,13.64404,13.884041,14.014041,13.804041,13.754041,14.18404,13.924041,12.28404,11.414041,11.23404,10.73404,10.294041,9.844041,9.514041,9.554041,9.78404,9.93404,10.06404,10.19404,10.03404,9.90404,10.084041,9.73404,8.294041,6.7040405,6.1640406,6.7140408,7.1940403,7.1640406,6.9040403,6.6840405,6.7140408,7.0540404,7.8940406,8.23404,7.6640406,6.9140406,6.7640405,6.7840405,6.4440403,6.3040404,6.5640407,6.8840404
16.01404,15.73404,15.134041,14.634041,14.32404,14.094041,13.93404,13.89404,14.004041,13.9940405,13.754041,14.514041,15.294041,14.18404,13.43404,13.334041,13.504041,13.64404,13.834041,14.204041,14.27404,14.094041,13.90404,12.98404,11.544041,11.23404,11.084041,10.43404,9.90404,9.514041,9.374041,9.544041,9.69404,9.764041,9.724041,9.86404,9.86404,9.714041,9.81404,9.53404,8.384041,6.9640408,6.2740407,6.6240406,7.0940404,7.1640406,6.9640408,6.7040405,6.6840405,6.9740405,7.6740403,7.7540407,7.1640406,6.9340405,6.8640404,6.3740406,5.9140406,5.8940406,6.1940403,6.6940403
15.94404,15.704041,15.52404,15.164041,14.664041,14.32404,14.044041,13.86404,13.874041,14.11404,13.954041,13.884041,15.044041,15.06404,13.98404,13.594041,13.53404,13.65404,13.78404,13.974041,14.19404,14.28404,14.07404,12.844041,11.60404,11.334041,10.914041,10.304041,9.90404,9.56404,9.35404,9.40404,9.424041,9.304041,9.18404,9.36404,9.624041,9.4940405,9.57404,9.794041,8.77404,7.2340407,6.3940406,6.5040407,7.0040407,7.1740403,7.1440406,6.9140406,6.7840405,7.1140404,7.0240407,6.5740404,6.6740403,7.4540405,7.3340406,6.0840406,5.7440405,5.7040405,5.7840405,6.2440405
15.98404,15.794041,15.4940405,15.264041,15.10404,14.68404,14.31404,14.004041,13.69404,13.73404,14.02404,14.094041,14.10404,14.53404,14.474041,13.884041,13.44404,13.61404,13.9940405,14.06404,14.344041,14.514041,14.214041,12.81404,11.594041,11.374041,10.89404,10.164041,9.634041,9.40404,9.164041,9.164041,9.134041,9.02404,8.924041,9.014041,9.27404,9.32404,9.554041,9.85404,8.974041,7.4240403,6.4640408,6.4240403,6.8440404,7.0940404,7.2240405,7.0540404,7.0240407,6.7640405,6.1940403,6.1740403,6.5940404,7.3340406,7.0840406,5.9840407,5.5340405,5.3540406,5.4440403,5.8240404
16.074041,15.804041,15.544041,15.27404,15.004041,14.85404,14.594041,14.254041,13.964041,13.834041,13.90404,14.11404,14.224041,14.28404,14.48404,14.464041,14.054041,13.82404,14.06404,14.204041,14.504041,14.664041,14.18404,13.264041,12.204041,11.73404,11.06404,10.124041,9.344041,9.014041,8.94404,9.06404,9.164041,8.9940405,8.81404,8.81404,9.19404,9.44404,9.52404,9.454041,8.704041,7.3040404,6.4740405,6.5740404,6.7940407,6.9540405,7.0140405,7.1540403,7.0140405,6.0440407,5.6040406,6.0340405,6.3840404,6.6840405,6.7840405,5.9540405,5.3940406,5.1440406,5.2940407,5.7140408
16.18404,15.804041,15.504041,15.23404,14.9940405,14.764041,14.594041,14.504041,14.264041,14.054041,14.06404,14.19404,14.31404,14.4940405,14.60404,14.52404,14.414041,14.224041,14.03404,14.204041,14.68404,14.81404,14.11404,13.664041,13.014041,12.2440405,11.084041,9.85404,9.134041,8.704041,8.584041,8.73404,9.06404,8.94404,8.634041,8.57404,9.03404,9.304041,9.19404,9.134041,8.56404,7.6440406,7.0040407,6.7140408,6.6640406,6.7840405,6.7040405,6.6840405,6.4040403,5.4040403,5.3340406,6.2740407,6.8740406,7.1040406,7.1140404,6.2440405,5.2840405,4.8940406,5.2540407,5.8440404
16.13404,15.94404,15.60404,15.23404,14.98404,14.764041,14.52404,14.374041,14.31404,14.23404,14.174041,14.224041,14.384041,14.61404,14.73404,14.64404,14.584041,14.504041,14.06404,14.18404,14.86404,15.044041,14.374041,13.73404,12.844041,11.57404,10.624041,9.884041,9.214041,8.44404,8.174041,8.4940405,8.914041,8.77404,8.504041,8.464041,8.90404,9.19404,9.094041,9.054041,8.544041,7.5640407,6.9740405,6.6240406,6.3340406,6.3040404,6.0440407,5.6640406,5.2240405,4.8840404,5.4640408,6.5840406,7.1240406,7.1940403,7.4040403,6.5040407,5.0840406,4.5740404,4.8840404,5.8940406
16.11404,16.074041,15.77404,15.474041,15.134041,14.844041,14.584041,14.35404,14.18404,14.124041,14.214041,14.19404,14.224041,14.43404,14.594041,14.414041,14.224041,14.19404,13.954041,14.264041,14.65404,14.86404,15.094041,14.664041,13.27404,11.424041,10.35404,9.704041,9.014041,8.18404,7.7540407,8.14404,8.65404,8.474041,8.06404,8.174041,8.65404,8.94404,8.93404,8.764041,8.43404,7.4840407,6.7540407,6.1340404,6.0240407,5.7940407,5.1940403,4.8340406,4.8240404,5.0440407,5.8240404,6.7540407,7.0540404,7.2940407,7.5640407,6.0940404,4.4840407,4.2740407,4.8840404,5.7840405
16.154041,16.144041,15.86404,15.52404,15.19404,14.884041,14.554041,14.28404,14.07404,13.954041,14.044041,14.15404,14.15404,14.334041,14.454041,14.334041,14.23404,14.15404,13.954041,14.35404,14.474041,14.89404,15.89404,14.89404,12.464041,10.57404,9.81404,9.31404,8.65404,8.014041,7.5340405,7.8440404,8.39404,8.264041,7.7640405,7.8140407,8.294041,8.724041,8.844041,8.73404,8.424041,7.5040407,6.2340407,5.3240404,5.0740404,4.9040403,4.9340405,5.1540403,5.2440405,5.4840407,6.4540405,7.3840404,7.5040407,7.8940406,7.6540403,5.3540406,4.1640406,4.5040407,5.1040406,5.2740407
16.25404,16.18404,16.00404,15.61404,15.11404,14.764041,14.464041,14.18404,14.014041,13.874041,13.85404,13.954041,14.054041,14.2440405,14.374041,14.31404,14.264041,13.964041,13.764041,13.94404,14.02404,14.974041,14.794041,12.714041,10.61404,9.78404,9.514041,9.07404,8.464041,7.8540406,7.3840404,7.4940405,7.9540405,7.8540406,7.4540405,7.5040407,7.9540405,8.384041,8.40404,8.124041,7.9240403,6.7640405,5.0440407,4.2440405,4.5040407,4.8740406,5.2140408,5.4440403,5.5640407,6.1040406,7.3040404,8.03404,7.8940406,7.7440405,6.5040407,4.3840404,3.9540405,4.4640408,4.7640405,4.8140407
