UV_10m_small_gfs.t12z.pgrb2.0p25.f015.json
{"header": { "discipline":0, "disciplineName":"Meteorological products", "gribEdition":2, "gribLength":17311, "center":7, "centerName":"US National Weather Service - NCEP(WMC)", "subcenter":0, "refTime":"2023-03-21T12:00:00.000Z", "significanceOfRT":1, "significanceOfRTName":"Start of forecast", "productStatus":0, "productStatusName":"Operational products", "productType":1, "productTypeName":"Forecast products", "productDefinitionTemplate":0, "productDefinitionTemplateName":"Analysis/forecast at horizontal level/layer at a point in time", "parameterCategory":2, "parameterCategoryName":"Momentum", "parameterNumber":3, "parameterNumberName":"V-component_of_wind", "parameterUnit":"m.s-1", "genProcessType":2, "genProcessTypeName":"Forecast", "forecastTime":15, "surface1Type":103, "surface1TypeName":"Specified height level above ground", "surface1Value":10.0, "surface2Type":255, "surface2TypeName":"Missing", "surface2Value":0.0, "gridDefinitionTemplate":0, "gridDefinitionTemplateName":"Latitude_Longitude", "numberPoints":11421, "shape":6, "shapeName":"Earth spherical with radius of 6,371,229.0 m", "gridUnits":"degrees", "resolution":48, "winds":"true", "scanMode":64, "nx":141, "ny":81, "basicAngle":0, "lo1":210.0, "la1":30.0, "lo2":245.0, "la2":50.0, "dx":0.25, "dy":0.25 }, "data":
[rows 0 to 24 of 81, columns 0 to 56 of 141]
-2.7359862,-2.9959862,-3.1959863,-3.4859862,-3.8459864,-3.8159864,-3.8459864,-3.9359863,-4.2059865,-4.3859863,-4.6559863,-4.9959865,-5.2459865,-5.6359863,-5.835986,-6.1359863,-6.505986,-6.795986,-6.9259863,-7.065986,-7.255986,-7.4159865,-7.7659864,-7.9559865,-8.105987,-8.025987,-8.095986,-8.025987,-8.465986,-8.905987,-8.9359865,-8.535986,-8.825986,-9.155987,-9.285986,-9.215986,-9.695987,-9.515986,-9.2259865,-9.415986,-9.575986,-9.565987,-9.695987,-9.845986,-9.955986,-9.985987,-10.245986,-10.505986,-10.535986,-10.785986,-10.765986,-10.855987,-11.205986,-11.1859865,-10.9759865,-10.635986,-10.765986
-2.7459862,-2.8359864,-2.7059863,-2.7859864,-3.2159863,-3.6859863,-4.0159864,-4.2259865,-4.3859863,-4.355986,-4.565986,-4.8659863,-5.295986,-5.605986,-5.7659864,-6.275986,-6.3259864,-6.6659865,-6.755986,-7.005986,-7.4259863,-7.505986,-7.735986,-7.9759865,-7.9959865,-8.305986,-8.385986,-8.365986,-8.505986,-9.105987,-9.365986,-9.235987,-9.135986,-8.985987,-9.205986,-9.395987,-9.575986,-9.485987,-9.355987,-9.615986,-9.7259865,-9.585986,-9.785986,-9.955986,-10.165986,-10.255986,-10.295986,-10.525987,-10.625986,-10.955986,-11.355987,-11.355987,-11.215986,-11.055986,-10.835986,-10.825986,-10.875986
-2.6759863,-2.9459863,-3.2459862,-3.0959864,-3.2459862,-3.4559863,-3.6959863,-4.1859865,-4.4359865,-4.8659863,-4.815986,-4.9959865,-5.505986,-5.8259864,-5.7059865,-6.0159864,-6.335986,-6.585986,-6.9459863,-7.0559864,-7.3959866,-7.855986,-7.8259864,-8.105987,-8.545986,-8.965986,-9.215986,-8.755986,-8.345986,-8.755986,-9.545986,-9.595986,-9.255986,-8.825986,-8.345986,-8.865986,-9.265986,-10.095986,-9.805986,-9.395987,-9.955986,-9.955986,-9.815987,-9.905987,-10.345986,-10.635986,-10.485987,-10.355987,-10.755986,-10.625986,-11.045986,-11.665986,-11.415986,-10.985987,-11.345986,-11.375986,-11.555986
-3.0259864,-3.1659863,-3.3559864,-3.4159863,-3.3959863,-3.4959862,-3.9059863,-4.315986,-4.815986,-5.0559864,-5.085986,-5.3859863,-5.7259865,-6.1559863,-6.235986,-6.375986,-6.6859865,-6.9359865,-6.9159865,-6.755986,-6.9159865,-7.565986,-7.9259863,-8.095986,-8.375986,-8.4359865,-8.9359865,-9.305986,-8.985987,-8.825986,-8.905987,-9.305986,-9.585986,-9.405987,-9.465986,-8.855987,-8.525987,-9.2259865,-9.825986,-9.575986,-9.325986,-9.745986,-9.875986,-10.115986,-10.345986,-10.285986,-10.625986,-11.055986,-11.175986,-11.175986,-10.645987,-11.4359865,-11.765986,-11.195987,-11.305986,-11.365986,-11.505986
-2.7759864,-3.2959864,-3.7559862,-3.6259863,-3.5159864,-4.1559863,-4.4159865,-4.6359863,-4.7859864,-4.835986,-5.335986,-5.7459865,-5.8859863,-6.1459866,-6.275986,-6.4359865,-6.755986,-7.1559863,-7.6859865,-8.015986,-7.8659863,-7.755986,-7.6759863,-7.9059863,-7.8459864,-7.7259865,-7.9259863,-8.625986,-9.105987,-8.885986,-9.235987,-9.345986,-9.665986,-10.025987,-9.645987,-9.755986,-9.595986,-8.775987,-9.4359865,-9.705986,-9.875986,-9.965986,-10.005986,-10.125986,-10.085986,-10.505986,-10.7259865,-10.885986,-11.195987,-11.495986,-11.625986,-11.2259865,-11.255986,-11.055986,-10.335986,-10.615986,-10.905987
-2.9559863,-3.3059864,-3.4459863,-3.5859864,-3.9359863,-4.4959865,-4.5359864,-4.5359864,-4.775986,-5.065986,-5.3459864,-5.4359865,-5.6759863,-6.1559863,-6.485986,-6.7259865,-7.1159863,-7.045986,-7.6959863,-8.105987,-7.7859864,-7.6459866,-7.6959863,-7.755986,-7.8959866,-7.815986,-7.795986,-7.9759865,-8.925986,-9.235987,-9.035986,-8.955986,-9.065987,-9.855987,-9.6859865,-9.585986,-9.745986,-9.775987,-9.465986,-9.615986,-9.845986,-9.865986,-9.9359865,-10.155987,-10.455986,-10.955986,-11.125986,-11.325986,-10.895987,-10.705986,-10.9359865,-10.375986,-10.075986,-10.735987,-11.2259865,-11.125986,-10.995986
-3.2059863,-3.0959864,-3.1159863,-3.6759863,-4.045986,-4.4159865,-4.585986,-4.855986,-5.3259864,-5.5159864,-5.3859863,-5.835986,-6.1759863,-6.2459865,-6.5559864,-7.005986,-6.9059863,-6.795986,-6.6559863,-7.005986,-7.025986,-7.1859865,-7.6359863,-8.005986,-7.8959866,-8.075986,-8.175986,-8.005986,-8.425986,-9.295986,-8.995986,-8.895987,-9.015986,-9.525987,-9.575986,-9.535986,-9.675986,-9.795986,-9.785986,-9.805986,-9.765986,-9.895987,-10.205986,-10.455986,-10.535986,-10.445987,-11.065987,-11.625986,-11.445987,-11.045986,-10.855987,-11.065987,-10.755986,-10.505986,-10.7259865,-10.735987,-10.815987
-2.9359863,-2.9159863,-3.6559863,-4.1359863,-4.4959865,-4.6659865,-4.9759865,-5.4159865,-5.855986,-6.1459866,-6.025986,-6.3959866,-6.7259865,-6.9759865,-7.0159864,-7.2259865,-7.315986,-7.3959866,-6.875986,-6.7659864,-6.8859863,-7.0959864,-7.505986,-7.7259865,-7.775986,-7.795986,-7.9359865,-8.115986,-8.165986,-8.595986,-9.155987,-9.035986,-8.915986,-9.155987,-9.6859865,-9.605987,-9.645987,-9.665986,-9.6859865,-9.7259865,-9.745986,-9.995986,-10.405987,-10.945987,-11.255986,-11.025987,-10.305986,-10.365986,-10.905987,-11.485987,-11.505986,-11.215986,-11.045986,-10.875986,-10.815987,-11.035986,-11.485987
-3.1959863,-3.5559864,-3.8159864,-4.235986,-4.3859863,-4.485986,-4.8259864,-5.0559864,-5.2859864,-5.775986,-6.1559863,-6.3859863,-6.5959864,-6.6759863,-6.9559865,-7.1959863,-7.505986,-7.8259864,-7.4559865,-7.4259863,-7.4359865,-7.295986,-7.5359864,-7.7159863,-7.7659864,-8.215986,-8.015986,-8.035986,-8.235987,-8.525987,-9.275987,-9.165986,-9.075986,-8.9759865,-9.655987,-9.575986,-9.675986,-9.705986,-9.755986,-9.915986,-10.165986,-10.035986,-10.145987,-10.695987,-11.145987,-11.515986,-11.515986,-10.615986,-10.745986,-10.905987,-10.865986,-10.585986,-10.695987,-10.945987,-11.295986,-11.865986,-12.135986
-3.2759864,-3.6359863,-3.7559862,-3.8059864,-3.9259863,-4.235986,-4.4259863,-4.875986,-5.3459864,-5.5559864,-5.8459864,-5.985986,-6.275986,-6.6359863,-6.835986,-6.985986,-7.025986,-6.9159865,-6.9659863,-7.0559864,-7.6559863,-8.065987,-7.9959865,-8.025987,-8.1859865,-8.065987,-8.775987,-9.095986,-9.085986,-9.065987,-9.285986,-9.215986,-9.035986,-8.715986,-9.175986,-9.535986,-9.745986,-9.765986,-9.835986,-10.015986,-10.445987,-10.715986,-10.285986,-9.835986,-10.015986,-10.405987,-10.885986,-11.415986,-11.075986,-10.595986,-10.465986,-10.735987,-11.085986,-11.575986,-11.795986,-12.2259865,-12.345986
-3.4359863,-3.5759864,-3.8359864,-4.1659865,-4.4459863,-4.6659865,-4.9159865,-5.1659865,-5.6959863,-5.9759865,-6.0959864,-6.1659865,-6.4459863,-6.6659865,-6.735986,-6.3059864,-6.125986,-6.3859863,-6.875986,-7.005986,-7.3959866,-7.9459863,-8.135986,-8.125986,-8.235987,-7.9659863,-8.075986,-8.545986,-8.9359865,-9.175986,-9.375986,-9.2259865,-9.215986,-8.885986,-9.045986,-9.635986,-9.875986,-9.905987,-9.965986,-10.005986,-10.285986,-10.525987,-10.905987,-10.635986,-10.325986,-10.415986,-10.395987,-10.4759865,-10.355987,-10.375986,-10.955986,-11.485987,-11.845986,-12.065987,-12.105987,-12.255986,-12.605987
-3.8259864,-3.7459862,-3.7659864,-3.8159864,-4.085986,-4.4459863,-4.9459863,-5.315986,-5.4659863,-5.6559863,-5.9659863,-6.1859865,-6.3959866,-6.4259863,-6.315986,-6.355986,-6.7059865,-7.105986,-7.045986,-7.3659863,-7.755986,-7.4959865,-7.585986,-7.8259864,-7.855986,-8.015986,-7.9059863,-8.235987,-8.245986,-8.295986,-8.745986,-9.065987,-9.245986,-9.355987,-9.315987,-9.755986,-9.925986,-9.925986,-10.115986,-10.215986,-10.245986,-10.315987,-10.675986,-11.315987,-11.555986,-11.315987,-11.065987,-10.745986,-10.965986,-11.405987,-11.665986,-11.925986,-12.085986,-12.555986,-12.925986,-12.715986,-12.4359865
-3.4859862,-3.5859864,-3.6059864,-3.6359863,-3.9859862,-4.2859864,-4.3959866,-4.8459864,-5.315986,-5.6659865,-5.9259863,-6.375986,-6.545986,-6.1859865,-6.2059865,-6.3659863,-6.6659865,-6.7159863,-7.065986,-7.4459863,-7.545986,-7.7259865,-7.5159864,-7.625986,-7.8459864,-8.045986,-8.095986,-8.035986,-8.515986,-8.785986,-8.705986,-9.275987,-9.405987,-9.535986,-9.635986,-9.925986,-10.005986,-10.015986,-10.175986,-10.335986,-10.745986,-10.835986,-10.845986,-10.865986,-10.6859865,-10.7259865,-10.9359865,-11.205986,-11.485987,-11.695987,-11.965986,-12.375986,-12.555986,-12.865986,-12.745986,-12.595986,-12.535986
-3.4559863,-3.1759863,-3.2559862,-3.6359863,-3.5259864,-3.5759864,-3.8959863,-4.355986,-4.8459864,-5.275986,-5.7859864,-5.9059863,-5.8259864,-6.1159863,-6.4059863,-6.4959865,-6.5759864,-6.6959863,-6.9059863,-6.8859863,-6.8059864,-7.235986,-7.4559865,-7.4159865,-7.6359863,-8.035986,-8.625986,-8.615986,-8.625986,-8.865986,-8.965986,-9.665986,-9.825986,-9.965986,-9.985987,-10.085986,-10.145987,-10.235987,-10.485987,-10.705986,-10.9359865,-11.085986,-10.845986,-10.655987,-10.465986,-10.385986,-10.755986,-11.175986,-11.4359865,-11.875986,-12.455986,-12.565987,-12.4759865,-12.395987,-12.235987,-12.445987,-13.085986
-3.7459862,-3.4259863,-3.5759864,-3.4759862,-3.2059863,-3.5959864,-4.065986,-4.4459863,-4.815986,-5.295986,-5.4359865,-5.4259863,-5.6859865,-5.8859863,-6.0959864,-6.3659863,-6.3859863,-6.5959864,-7.005986,-7.1759863,-6.7259865,-6.8259864,-7.275986,-7.335986,-7.4559865,-7.6659865,-8.4759865,-8.905987,-9.005986,-9.305986,-9.615986,-9.895987,-9.985987,-10.075986,-10.195987,-10.375986,-10.415986,-10.415986,-10.565987,-10.665986,-10.755986,-10.9759865,-10.645987,-10.235987,-10.695987,-10.845986,-11.085986,-11.625986,-12.025987,-12.255986,-12.355987,-12.335986,-12.165986,-12.015986,-12.265986,-12.9759865,-13.795986
-4.335986,-4.4059863,-4.3459864,-4.1759863,-4.0759864,-4.1759863,-4.3059864,-4.4159865,-4.625986,-4.985986,-5.1159863,-5.1759863,-5.4959865,-5.7659864,-5.7459865,-5.8959866,-6.045986,-6.355986,-6.7159863,-7.275986,-7.5759864,-7.1759863,-7.1859865,-7.4459863,-7.775986,-7.9059863,-8.4359865,-9.045986,-9.355987,-9.535986,-9.715986,-9.925986,-10.075986,-10.195987,-10.375986,-10.535986,-10.575986,-10.615986,-10.655987,-10.705986,-10.6859865,-10.815987,-10.825986,-10.9359865,-11.085986,-11.4359865,-11.965986,-12.195987,-12.515986,-12.305986,-12.235987,-12.215986,-12.205986,-12.195987,-12.775987,-13.635986,-13.605987
-4.585986,-4.7259865,-5.0559864,-5.2159863,-4.8259864,-4.605986,-4.255986,-4.2159863,-4.4459863,-4.605986,-4.4959865,-4.7859864,-5.1859865,-5.6859865,-5.9059863,-6.0559864,-6.1359863,-6.375986,-6.505986,-6.7259865,-7.2059865,-7.7059865,-7.6859865,-8.125986,-8.265986,-8.205986,-8.465986,-9.125986,-9.1859865,-9.455986,-9.665986,-9.845986,-10.065987,-10.305986,-10.405987,-10.485987,-10.575986,-10.765986,-10.895987,-11.025987,-11.005986,-11.045986,-11.005986,-11.005986,-11.235987,-11.815987,-12.055986,-11.905987,-12.195987,-12.305986,-12.295986,-12.155987,-12.025987,-12.135986,-12.865986,-13.295986,-13.135986
-4.295986,-4.505986,-4.7659864,-5.045986,-4.6859865,-4.355986,-3.7859864,-3.5859864,-3.9659863,-4.525986,-4.875986,-4.9359865,-5.2459865,-5.7859864,-6.125986,-6.375986,-6.4759865,-6.545986,-6.7859864,-6.8859863,-7.1659865,-7.545986,-7.9359865,-8.415986,-8.675986,-8.565987,-8.795986,-9.485987,-9.585986,-9.535986,-9.825986,-9.9359865,-10.035986,-10.245986,-10.365986,-10.485987,-10.675986,-10.855987,-11.105987,-11.195987,-11.145987,-11.025987,-11.015986,-11.255986,-11.575986,-12.025987,-11.715986,-11.885986,-11.855987,-12.005986,-11.835986,-11.485987,-11.905987,-12.455986,-12.945987,-12.9759865,-12.735987
-4.3059864,-4.4059863,-4.605986,-4.7659864,-4.6659865,-4.505986,-4.5759864,-4.1959863,-3.9059863,-4.4659863,-4.9459863,-5.355986,-5.7059865,-5.8459864,-6.1759863,-6.4259863,-6.7859864,-6.9359865,-7.125986,-7.4459863,-7.775986,-7.9159865,-8.325986,-8.575986,-8.9359865,-8.775987,-8.865986,-9.215986,-9.535986,-9.635986,-9.955986,-10.125986,-10.2259865,-10.395987,-10.595986,-10.825986,-10.9359865,-10.985987,-11.175986,-11.175986,-11.275987,-11.125986,-11.195987,-11.565987,-11.885986,-12.025987,-11.885986,-11.785986,-11.465986,-11.365986,-11.085986,-11.315987,-12.325986,-12.815987,-12.9759865,-12.705986,-12.755986
-3.9959862,-4.1759863,-4.6159863,-4.485986,-4.0759864,-3.6459863,-3.8359864,-4.0159864,-3.7459862,-4.1459866,-4.5359864,-5.1359863,-5.755986,-5.9959865,-6.125986,-6.4559865,-6.7659864,-7.0559864,-7.505986,-7.8259864,-8.035986,-8.115986,-8.215986,-8.405987,-8.805986,-8.945987,-8.765986,-8.805986,-9.695987,-9.835986,-10.195987,-10.345986,-10.465986,-10.675986,-10.865986,-11.055986,-11.125986,-11.165986,-11.325986,-11.295986,-11.285986,-11.055986,-11.2259865,-11.605987,-11.625986,-11.325986,-11.245986,-11.215986,-11.055986,-10.925986,-11.085986,-11.945987,-12.615986,-12.645987,-12.555986,-12.505986,-12.925986
-3.6159863,-3.6459863,-3.9559863,-3.8959863,-3.5059862,-3.0659864,-2.9459863,-3.1959863,-3.3859863,-3.6359863,-4.1659865,-4.835986,-5.2859864,-5.5759864,-5.835986,-6.0559864,-6.5959864,-6.9059863,-7.4559865,-7.855986,-8.115986,-8.1859865,-8.065987,-8.215986,-8.515986,-8.605987,-8.365986,-8.505986,-9.425986,-9.9759865,-10.115986,-10.335986,-10.375986,-10.4759865,-10.565987,-10.665986,-10.825986,-10.905987,-10.9359865,-10.915986,-10.775987,-10.805986,-11.035986,-11.495986,-11.145987,-10.885986,-10.705986,-10.535986,-10.635986,-11.025987,-11.755986,-12.175986,-12.255986,-12.285986,-12.4359865,-12.565987,-12.995986
-3.1059864,-3.0259864,-3.0259864,-3.0959864,-3.5459864,-4.1359863,-3.9659863,-3.4059863,-3.4759862,-3.4859862,-3.6959863,-4.235986,-4.5559864,-5.025986,-5.585986,-5.6559863,-6.2459865,-6.6359863,-7.2459865,-7.8959866,-8.585986,-8.815987,-8.555986,-8.425986,-8.4759865,-8.585986,-8.485987,-8.525987,-9.125986,-9.7259865,-9.855987,-10.085986,-10.005986,-10.065987,-10.165986,-10.325986,-10.445987,-10.4359865,-10.305986,-10.285986,-10.255986,-10.4759865,-10.965986,-10.835986,-10.635986,-10.655987,-10.825986,-10.885986,-11.105987,-11.565987,-11.895987,-12.045986,-12.035986,-12.105987,-12.325986,-12.575986,-12.895987
-2.5259864,-2.5859864,-2.5059862,-3.0159864,-3.5759864,-3.7259862,-3.3159864,-3.6259863,-4.005986,-3.8659863,-3.7459862,-3.9859862,-4.1559863,-4.5359864,-5.3259864,-5.505986,-5.5159864,-5.775986,-6.9459863,-7.775986,-8.215986,-8.545986,-8.555986,-8.375986,-8.325986,-8.575986,-8.895987,-8.855987,-9.095986,-9.315987,-9.555986,-9.795986,-9.665986,-9.825986,-10.045986,-10.2259865,-10.215986,-10.115986,-10.035986,-10.115986,-10.415986,-11.085986,-10.605987,-10.375986,-10.495986,-10.915986,-10.995986,-11.125986,-11.355987,-11.645987,-11.925986,-11.9359865,-11.815987,-11.9759865,-12.025987,-12.485987,-12.805986
-4.5159864,-4.1659865,-3.9359863,-4.505986,-4.7159863,-4.4459863,-3.6759863,-3.6959863,-4.255986,-4.125986,-3.8159864,-3.8759863,-4.125986,-4.4059863,-4.8659863,-5.4059863,-5.8259864,-5.9659863,-6.1159863,-6.9359865,-7.855986,-8.345986,-8.645987,-8.4759865,-8.305986,-8.535986,-8.835986,-8.765986,-8.905987,-8.995986,-9.395987,-9.575986,-9.535986,-9.675986,-9.9359865,-9.965986,-9.835986,-9.6859865,-9.6859865,-9.955986,-10.535986,-10.875986,-10.535986,-10.645987,-10.815987,-10.805986,-10.635986,-11.005986,-11.365986,-11.655987,-11.735987,-11.705986,-11.775987,-12.105987,-12.095986,-12.455986,-12.895987
-4.005986,-4.3659863,-4.6159863,-4.795986,-4.9659863,-5.2459865,-5.3959866,-5.9359865,-6.795986,-6.4159865,-4.8059864,-4.4059863,-4.4459863,-4.4159865,-4.4259863,-4.8959866,-5.3859863,-5.5359864,-5.7859864,-6.4159865,-7.2159863,-7.855986,-8.275987,-8.465986,-8.545986,-8.775987,-9.035986,-8.735987,-8.405987,-8.6859865,-9.1859865,-9.405987,-9.445987,-9.595986,-9.775987,-9.715986,-9.495986,-9.405987,-9.745986,-10.105987,-10.445987,-10.235987,-10.105987,-10.095986,-10.365986,-10.205986,-10.565987,-11.015986,-11.335986,-11.385986,-11.495986,-11.715986,-11.855987,-12.115986,-12.385986,-12.585986,-12.955986
