UV_10m_small_gfs.t12z.pgrb2.0p25.f009.json
{"header": { "discipline":0, "disciplineName":"Meteorological products", "gribEdition":2, "gribLength":17311, "center":7, "centerName":"US National Weather Service - NCEP(WMC)", "subcenter":0, "refTime":"2023-03-21T12:00:00.000Z", "significanceOfRT":1, "significanceOfRTName":"Start of forecast", "productStatus":0, "productStatusName":"Operational products", "productType":1, "productTypeName":"Forecast products", "productDefinitionTemplate":0, "productDefinitionTemplateName":"Analysis/forecast at horizontal level/layer at a point in time", "parameterCategory":2, "parameterCategoryName":"Momentum", "parameterNumber":3, "parameterNumberName":"V-component_of_wind", "parameterUnit":"m.s-1", "genProcessType":2, "genProcessTypeName":"Forecast", "forecastTime":9, "surface1Type":103, "surface1TypeName":"Specified height level above ground", "surface1Value":10.0, "surface2Type":255, "surface2TypeName":"Missing", "surface2Value":0.0, "gridDefinitionTemplate":0, "gridDefinitionTemplateName":"Latitude_Longitude", "numberPoints":11421, "shape":6, "shapeName":"Earth spherical with radius of 6,371,229.0 m", "gridUnits":"degrees", "resolution":48, "winds":"true", "scanMode":64, "nx":141, "ny":81, "basicAngle":0, "lo1":210.0, "la1":30.0, "lo2":245.0, "la2":50.0, "dx":0.25, "dy":0.25 }, "data":
[rows 0 to 24 of 81, columns 57 to 113 of 141]
-11.825092,-11.295093,-11.185093,-10.6250925,-11.105093,-11.835093,-11.395093,-10.765093,-10.835093,-10.955092,-11.015093,-11.035092,-10.805093,-10.855093,-10.745092,-10.745092,-11.055093,-11.165092,-11.505093,-11.595093,-11.045093,-11.175093,-11.445093,-11.725093,-11.555093,-11.405093,-11.585093,-11.185093,-9.675093,-8.695093,-8.495092,-8.045093,-7.5650926,-6.1150928,-5.515093,-4.935093,-4.3350925,-4.0650926,-3.8250928,-3.6550927,-3.6150928,-3.1950927,-1.9650928,-1.7450927,-1.8450928,-1.0850928,-1.3550928,-2.2350929,-2.0650928,-1.7050928,-1.9350928,-1.5450928,-1.9250928,-1.8850927,-1.0050927,-0.33509278,1.3849072
-11.895093,-11.795093,-11.815093,-11.485093,-10.8750925,-11.165092,-11.515093,-11.205092,-10.925093,-11.005093,-11.065093,-11.675093,-11.085093,-11.295093,-11.695093,-11.845093,-11.895093,-11.805093,-12.025093,-12.255093,-12.005093,-11.935093,-12.365093,-12.225093,-11.675093,-11.425093,-10.835093,-10.315093,-9.795093,-8.745092,-7.855093,-7.3350925,-6.7550926,-6.225093,-5.4050927,-4.705093,-4.285093,-4.1150928,-4.0050926,-3.6150928,-3.0750928,-2.5950928,-2.0150928,-1.7250928,-1.8250928,-1.5850928,-1.1750928,-0.99509275,-1.2950928,-1.1350927,-0.8950928,-1.2950928,-0.85509276,-0.9650928,-0.9450928,0.014907227,0.8449072
-12.345093,-12.315093,-12.435093,-12.315093,-11.985093,-11.865093,-11.485093,-11.505093,-11.535092,-11.115093,-10.945093,-11.645093,-11.6250925,-11.595093,-11.295093,-11.705092,-12.105093,-12.355093,-13.135093,-12.905093,-13.085093,-13.455092,-12.975093,-12.035092,-12.205092,-12.635093,-11.975093,-10.455092,-9.085093,-8.6250925,-7.825093,-7.0050926,-6.035093,-5.7350926,-5.8350925,-5.6150928,-5.035093,-4.4650927,-4.1750927,-4.095093,-3.3650928,-2.4950929,-1.4950927,-1.4350928,-1.4550928,-1.1150928,-0.93509275,-1.1450927,-0.86509275,-0.92509276,-0.7850928,-0.5050928,-0.29509276,-0.5150928,-0.48509276,0.084907226,1.3849072
-12.485093,-12.425093,-12.035092,-11.955092,-11.735093,-11.955092,-12.035092,-11.795093,-11.935093,-12.425093,-12.015093,-11.905093,-11.535092,-11.315093,-10.515093,-10.675093,-11.735093,-11.945093,-11.855093,-11.925093,-11.935093,-11.975093,-11.945093,-11.675093,-11.6250925,-10.995092,-9.345093,-8.965093,-8.425093,-8.035092,-7.3150926,-6.845093,-5.4850926,-5.095093,-4.975093,-4.8850927,-4.3650928,-4.2350926,-4.2350926,-3.5150928,-3.1550927,-2.7450929,-2.3350928,-1.8950927,-1.5650928,-1.4750928,-1.1350927,-1.0950928,-1.1150928,-0.93509275,-0.25509277,-0.11509278,0.2949072,0.43490723,0.42490724,0.58490723,1.6849072
-12.655093,-12.425093,-12.225093,-12.115093,-11.785092,-11.525093,-11.395093,-11.085093,-11.015093,-11.365093,-11.695093,-11.895093,-11.845093,-12.005093,-11.255093,-10.735093,-11.205092,-11.765093,-11.575092,-11.795093,-11.295093,-11.885093,-12.035092,-11.475093,-11.355093,-10.925093,-9.255093,-7.805093,-7.785093,-7.645093,-7.055093,-5.8650928,-5.625093,-4.7150927,-4.225093,-4.245093,-3.9850929,-3.7650928,-3.7650928,-3.4150927,-3.3550928,-3.1650927,-2.1050928,-1.8350928,-1.0950928,-0.93509275,-0.98509276,-0.9050928,-0.9050928,-0.6950928,-0.12509277,0.19490723,1.0549072,1.3449073,1.4049072,0.9049072,1.7849072
-12.485093,-12.275093,-12.1250925,-12.105093,-12.065093,-11.985093,-12.015093,-11.955092,-11.595093,-11.225093,-10.965093,-11.225093,-11.445093,-11.575092,-11.555093,-11.425093,-10.775093,-10.705092,-11.115093,-11.8750925,-11.845093,-13.1250925,-12.785092,-11.525093,-11.685093,-11.485093,-10.455092,-9.215093,-8.655093,-7.9650927,-7.055093,-5.8650928,-5.1750927,-4.955093,-4.2550926,-3.5950928,-3.6750927,-3.725093,-3.3650928,-3.3450928,-3.725093,-2.8850927,-2.4050927,-2.0550928,-1.1650928,-0.37509277,-0.14509277,0.044907227,0.10490723,-0.085092776,0.024907226,0.63490725,1.6149073,1.6449072,1.9749073,2.1049073,1.1149073
-12.585093,-12.505093,-12.275093,-12.065093,-11.995092,-11.955092,-12.145093,-12.175093,-11.785092,-11.395093,-11.075092,-12.675093,-12.445093,-11.155093,-11.215093,-10.825092,-11.235093,-10.285092,-11.085093,-12.425093,-12.025093,-12.745092,-12.285092,-12.275093,-12.145093,-10.895093,-10.265093,-9.455092,-8.835093,-8.465093,-7.4250927,-6.265093,-5.475093,-5.125093,-4.8150926,-4.345093,-3.9850929,-3.8350928,-3.7050927,-3.5750928,-3.3150928,-2.8350928,-2.5250928,-2.1350927,-1.1550927,-0.5350928,-0.7850928,-0.17509277,0.15490723,0.27490723,0.5349072,1.4449072,1.8349072,2.4649072,2.3449073,3.6949072,1.8549073
-12.645093,-12.495092,-12.415092,-12.325092,-12.325092,-12.235093,-12.275093,-12.255093,-11.905093,-12.305093,-12.495092,-11.615093,-11.385093,-11.305093,-11.165092,-11.435093,-11.135093,-11.455092,-11.805093,-11.825092,-12.035092,-12.915092,-12.685093,-12.315093,-12.075092,-10.815093,-9.995092,-9.205092,-8.745092,-8.755093,-7.685093,-6.9650927,-5.725093,-4.3350925,-3.8050928,-3.6550927,-3.4250927,-3.5250928,-3.3650928,-3.3050928,-3.0650928,-2.6450927,-1.7950928,-1.7450927,-1.3150928,-0.80509275,-0.86509275,-0.47509277,0.30490723,0.89490724,1.5049073,2.3449073,2.6049073,3.1249073,3.1449072,3.5849073,4.3649073
-12.195093,-12.595093,-12.715093,-12.945093,-12.445093,-12.845093,-12.105093,-12.165092,-11.605093,-11.965093,-11.265093,-10.425093,-9.785092,-10.665092,-11.095093,-11.275093,-11.575092,-11.765093,-12.025093,-12.295093,-12.725093,-12.925093,-12.735093,-12.305093,-11.525093,-10.925093,-10.175093,-9.515093,-9.255093,-8.575092,-8.445093,-7.5250926,-6.3150926,-4.9050927,-4.145093,-3.5650928,-3.3650928,-3.2450929,-3.0450928,-3.0350928,-2.5950928,-2.3150928,-1.4550928,-1.8250928,-0.6450928,-0.43509278,-0.5850928,-1.8750927,-2.0350928,0.88490725,1.8449073,2.7949073,2.8549073,3.1749072,4.2449074,4.194907,3.9349072
-12.835093,-12.645093,-12.505093,-13.425093,-12.575092,-12.845093,-12.315093,-11.885093,-11.975093,-11.165092,-10.945093,-10.645093,-10.665092,-9.575092,-10.265093,-10.865093,-11.235093,-11.265093,-12.285092,-12.195093,-12.905093,-14.215093,-14.155093,-13.315093,-11.505093,-12.195093,-10.195093,-9.285092,-9.115093,-8.985093,-8.455092,-8.215093,-8.095093,-6.705093,-5.345093,-4.955093,-4.305093,-3.2850928,-2.7850928,-2.2950928,-2.0550928,-2.0350928,-0.9550928,-0.87509274,-0.68509275,-1.7250928,-1.3950927,-0.60509276,-1.0750928,0.46490723,1.6249073,2.3149073,2.9449072,3.4149072,5.0549073,4.5549073,4.9749074
-13.365093,-13.195093,-13.265093,-12.855093,-12.545093,-12.065093,-11.925093,-10.515093,-11.545093,-9.815093,-10.195093,-10.935093,-10.635093,-10.665092,-10.565093,-10.725093,-11.275093,-11.785092,-13.015093,-12.085093,-14.3750925,-14.385093,-12.635093,-13.195093,-11.705092,-13.695093,-11.485093,-10.925093,-11.365093,-10.795093,-10.6250925,-9.845093,-8.735093,-7.325093,-7.745093,-7.3350925,-5.7150927,-4.8850927,-3.3750927,-1.9050927,-1.4050927,-0.8950928,-0.67509276,-1.4050927,-1.5350928,-0.6450928,-0.045092773,2.3249073,1.8749073,1.1049073,1.4549072,2.6349072,3.0349073,4.1349072,6.194907,5.314907,6.2449074
-13.255093,-13.215093,-13.215093,-13.155093,-13.055093,-14.095093,-14.485093,-13.795093,-11.555093,-9.725093,-9.775093,-9.685093,-9.615093,-10.105093,-10.525093,-10.825092,-11.405093,-12.145093,-12.405093,-13.015093,-14.255093,-13.635093,-13.205092,-14.085093,-13.495092,-12.105093,-14.805093,-12.665092,-11.505093,-10.935093,-10.945093,-10.365093,-8.8750925,-7.535093,-6.8350925,-9.095093,-9.995092,-7.8350925,-5.0650926,-2.6250927,-1.5850928,-1.1050928,-1.3150928,-1.6250927,-0.80509275,-0.40509278,0.5949072,1.3849072,2.2949073,1.8749073,2.5749073,3.8549073,3.9249072,5.2449074,6.8849072,6.124907,6.394907
-12.935093,-12.825092,-12.815093,-12.705092,-13.735093,-14.525093,-14.725093,-14.505093,-12.055093,-9.665092,-8.825092,-8.885093,-9.395093,-10.135093,-10.6250925,-10.935093,-11.495092,-11.855093,-12.3750925,-12.845093,-12.845093,-12.195093,-11.765093,-13.225093,-14.145093,-12.395093,-10.645093,-9.8750925,-9.895093,-8.195093,-7.2550926,-7.785093,-7.435093,-6.9850926,-6.3850927,-6.9650927,-8.565093,-6.0250926,-4.105093,-4.055093,-3.7850928,-2.975093,-2.1550927,-1.4050927,-1.1950928,-1.4950927,-0.99509275,0.10490723,1.1149073,1.6249073,2.1649072,3.9449072,4.214907,6.0749073,6.944907,6.6649075,6.7249074
-13.015093,-12.695093,-11.995092,-12.3750925,-12.415092,-12.445093,-13.555093,-13.935093,-11.845093,-10.055093,-9.6250925,-9.685093,-9.8750925,-10.325092,-10.675093,-11.055093,-11.565093,-11.785092,-12.465093,-12.965093,-13.355093,-13.255093,-13.685093,-13.025093,-14.385093,-10.925093,-10.105093,-7.095093,-7.1950927,-4.055093,-6.055093,-8.075092,-6.515093,-4.745093,-3.2150927,-4.665093,-7.2350926,-7.9450927,-5.7350926,-4.875093,-4.5650926,-3.7850928,-2.6550927,-2.0950928,-1.5650928,-1.1850928,0.094907224,0.95490724,1.7549073,2.5849073,3.524907,4.674907,5.064907,4.774907,5.9149075,6.894907,7.624907
-12.725093,-12.115093,-11.735093,-12.275093,-11.815093,-11.155093,-11.215093,-11.685093,-11.355093,-10.1250925,-9.845093,-10.005093,-10.335093,-10.735093,-11.1250925,-11.445093,-11.535092,-11.945093,-12.635093,-12.745092,-13.035092,-13.465093,-13.075092,-12.985093,-13.575092,-13.455092,-12.425093,-10.405093,-9.085093,-6.725093,-6.9250927,-11.435093,-8.705092,-5.4450927,-5.1150928,-7.0250926,-7.375093,-6.4250927,-4.475093,-1.8450928,-1.7050928,-2.1450927,-1.3450928,-0.87509274,0.094907224,-0.29509276,0.42490724,0.7349072,2.4049072,2.7349072,3.0349073,4.734907,5.654907,5.9949074,5.9349074,7.0349073,7.8649073
-12.785092,-12.225093,-11.785092,-12.175093,-12.175093,-11.3750925,-10.425093,-9.905093,-9.825092,-9.985093,-10.155093,-10.405093,-10.885093,-11.365093,-11.635093,-11.545093,-11.485093,-11.815093,-12.165092,-12.345093,-13.065093,-13.405093,-13.635093,-13.005093,-12.695093,-12.475093,-13.355093,-12.825092,-12.595093,-12.315093,-11.895093,-11.435093,-11.035092,-10.585093,-9.855093,-10.035092,-9.925093,-9.655093,-8.175093,-6.325093,-5.185093,-4.5050926,-3.3250928,-2.4450927,-1.5350928,-1.3750927,-1.5650928,-0.74509275,0.81490725,1.7749072,1.0649072,3.2149072,5.654907,6.5549073,6.624907,6.104907,7.3449073
-12.415092,-11.745092,-11.815093,-11.945093,-12.305093,-12.235093,-11.535092,-11.035092,-10.755093,-10.555093,-10.575092,-10.765093,-11.045093,-11.245092,-11.285092,-11.1250925,-11.205092,-11.6250925,-11.975093,-12.395093,-12.995092,-13.005093,-12.835093,-12.515093,-12.455092,-12.675093,-12.335093,-12.365093,-11.855093,-11.995092,-11.565093,-11.185093,-10.885093,-10.1250925,-9.775093,-9.915092,-9.835093,-9.225093,-8.415092,-8.105093,-7.4450927,-6.2750926,-5.1950927,-4.075093,-3.1950927,-2.4650927,-1.1850928,-0.72509277,-0.61509275,0.23490722,0.7349072,1.2549073,4.9749074,6.6349072,5.984907,5.0149074,5.624907
-11.915092,-12.135093,-12.445093,-11.985093,-11.805093,-12.285092,-12.385093,-11.995092,-11.595093,-11.315093,-11.095093,-10.885093,-10.735093,-10.575092,-10.555093,-10.595093,-10.915092,-11.3750925,-11.825092,-12.055093,-11.915092,-11.525093,-12.235093,-12.285092,-12.315093,-12.255093,-11.945093,-11.975093,-11.655093,-11.495092,-11.1250925,-11.155093,-10.8750925,-9.8750925,-9.775093,-9.915092,-9.685093,-9.395093,-8.975093,-8.105093,-7.495093,-6.4050927,-6.165093,-5.4650927,-3.9950929,-2.4950929,-1.3950927,-0.3950928,-0.20509277,0.22490722,0.7449072,1.5649072,3.6349072,5.274907,5.5949073,6.1649075,5.374907
-12.895093,-13.075092,-12.785092,-12.245092,-11.545093,-11.275093,-11.6250925,-11.835093,-11.715093,-11.435093,-11.205092,-11.045093,-10.785092,-10.535092,-10.495092,-10.645093,-10.8750925,-11.225093,-11.405093,-11.535092,-11.265093,-11.055093,-10.905093,-11.475093,-11.795093,-11.725093,-11.105093,-9.935093,-9.855093,-9.935093,-9.965093,-10.285092,-10.205092,-9.3750925,-9.405093,-9.725093,-9.755093,-9.645093,-8.415092,-7.4650927,-6.9850926,-6.435093,-5.265093,-4.435093,-3.4250927,-2.5450928,-2.0550928,-1.4350928,-0.7150928,0.58490723,1.3049072,2.4249072,4.0749073,4.834907,5.5349073,6.3649073,5.7649074
-13.575092,-13.385093,-12.945093,-12.575092,-12.215093,-11.685093,-11.235093,-10.995092,-10.955092,-10.995092,-10.945093,-10.8750925,-10.795093,-10.695093,-10.595093,-10.6250925,-10.635093,-10.765093,-11.065093,-10.915092,-10.675093,-10.615093,-10.655093,-11.015093,-10.945093,-10.205092,-9.415092,-9.175093,-9.385093,-9.295093,-9.715093,-10.355093,-10.165092,-9.3750925,-8.965093,-8.795093,-9.795093,-9.415092,-7.9850926,-7.495093,-6.8150926,-5.395093,-3.9150927,-2.9950929,-2.5050929,-1.7150928,-1.5950928,-0.5750928,0.8049072,2.1849072,3.5349073,4.3049073,5.0349073,5.4149075,6.234907,7.3049073,7.624907
-13.555093,-13.275093,-12.905093,-12.495092,-12.095093,-11.925093,-11.675093,-11.155093,-10.635093,-10.325092,-10.255093,-10.285092,-10.355093,-10.455092,-10.595093,-10.525093,-10.435093,-10.555093,-10.955092,-10.825092,-10.745092,-10.805093,-10.785092,-10.635093,-10.425093,-10.095093,-9.865093,-9.655093,-9.635093,-9.475093,-9.575092,-9.825092,-9.685093,-8.855093,-8.585093,-8.675093,-9.495092,-9.015093,-8.805093,-8.365093,-7.4450927,-5.6550927,-3.975093,-2.6850927,-1.9750928,-0.85509276,-0.33509278,0.17490722,1.1549072,2.0549073,4.834907,6.894907,7.3049073,7.084907,7.694907,8.384907,8.864907
-13.475093,-13.415092,-13.285092,-13.175093,-12.705092,-12.1250925,-11.865093,-11.6250925,-11.095093,-10.405093,-9.8750925,-9.765093,-9.865093,-10.065093,-10.215093,-10.265093,-10.305093,-10.495092,-10.805093,-11.005093,-10.8750925,-10.525093,-10.385093,-10.215093,-10.005093,-9.945093,-9.815093,-9.555093,-9.225093,-9.095093,-9.275093,-9.485093,-9.335093,-8.705092,-8.335093,-8.565093,-8.475093,-9.345093,-9.525093,-8.085093,-7.9250927,-7.455093,-6.355093,-4.6350927,-2.4150927,-0.5950928,0.48490724,0.8549072,1.6849072,0.11490723,3.8649073,8.134907,8.534907,8.534907,9.584908,9.464908,9.434907
-13.895093,-14.025093,-14.285092,-14.145093,-13.525093,-13.135093,-12.195093,-11.595093,-11.1250925,-10.685093,-10.265093,-9.845093,-9.575092,-9.545093,-9.645093,-9.935093,-10.245092,-10.535092,-10.905093,-11.105093,-10.885093,-10.325092,-9.845093,-9.765093,-9.815093,-9.565093,-9.395093,-9.385093,-9.385093,-9.305093,-9.135093,-8.885093,-8.765093,-8.235093,-8.435093,-8.555093,-8.215093,-9.3750925,-9.415092,-7.6750927,-8.475093,-8.8750925,-10.385093,-9.115093,-5.4650927,-1.6650928,0.41490722,1.4849073,2.3549073,1.2749072,2.2249072,8.484907,9.674908,9.814907,10.744907,10.784907,10.524907
-14.445093,-15.155093,-15.025093,-14.505093,-13.935093,-13.395093,-12.325092,-11.705092,-11.015093,-10.265093,-9.905093,-9.815093,-9.715093,-9.525093,-9.405093,-9.395093,-9.775093,-10.315093,-10.795093,-10.835093,-10.435093,-9.885093,-9.415092,-9.645093,-9.755093,-9.555093,-9.715093,-9.755093,-9.665092,-9.495092,-9.045093,-8.585093,-8.525093,-8.3750925,-8.995092,-8.855093,-8.1250925,-9.435093,-8.775093,-6.975093,-8.265093,-8.405093,-10.715093,-8.675093,-5.725093,-4.375093,-2.2750928,0.8449072,2.7349072,2.3349073,1.5449072,6.854907,9.964908,10.884907,11.594907,12.134907,11.824907
-15.265093,-15.405093,-15.065093,-14.415092,-13.915092,-12.905093,-11.985093,-11.145093,-10.415092,-9.815093,-9.415092,-9.275093,-9.265093,-9.155093,-9.225093,-9.205092,-9.365093,-9.595093,-9.935093,-10.025093,-9.955092,-9.685093,-9.645093,-10.075092,-10.355093,-10.535092,-10.555093,-10.255093,-9.845093,-9.545093,-9.245092,-9.005093,-9.005093,-8.825092,-9.175093,-8.945093,-9.005093,-9.465093,-7.7350926,-7.0650926,-8.415092,-9.445093,-11.165092,-10.455092,-6.305093,-6.555093,-7.1150928,-5.915093,-3.7150927,-0.7150928,1.1549072,3.1149073,7.214907,10.864907,12.084908,12.934907,12.494907
