UV_10m_small_gfs.t12z.pgrb2.0p25.f000.json
{"header": { "discipline":0, "disciplineName":"Meteorological products", "gribEdition":2, "gribLength":17311, "center":7, "centerName":"US National Weather Service - NCEP(WMC)", "subcenter":0, "refTime":"2023-03-21T12:00:00.000Z", "significanceOfRT":1, "significanceOfRTName":"Start of forecast", "productStatus":0, "productStatusName":"Operational products", "productType":1, "productTypeName":"Forecast products", "productDefinitionTemplate":0, "productDefinitionTemplateName":"Analysis/forecast at horizontal level/layer at a point in time", "parameterCategory":2, "parameterCategoryName":"Momentum", "parameterNumber":2, "parameterNumberName":"U-component_of_wind", "parameterUnit":"m.s-1", "genProcessType":2, "genProcessTypeName":"Forecast", "forecastTime":0, "surface1Type":103, "surface1TypeName":"Specified height level above ground", "surface1Value":10.0, "surface2Type":255, "surface2TypeName":"Missing", "surface2Value":0.0, "gridDefinitionTemplate":0, "gridDefinitionTemplateName":"Latitude_Longitude", "numberPoints":11421, "shape":6, "shapeName":"Earth spherical with radius of 6,371,229.0 m", "gridUnits":"degrees", "resolution":48, "winds":"true", "scanMode":64, "nx":141, "ny":81, "basicAngle":0, "lo1":210.0, "la1":30.0, "lo2":245.0, "la2":50.0, "dx":0.25, "dy":0.25 }, "data":
[rows 52 to 77 of 81, columns 60 to 119 of 141]
-5.647915,-6.157915,-6.947915,-7.647915,-8.047915,-8.187915,-8.517915,-9.017915,-9.417915,-9.537915,-9.327915,-9.067915,-9.037915,-8.857915,-8.597915,-8.217915,-7.947915,-7.967915,-7.957915,-7.487915,-6.287915,-5.157915,-5.157915,-5.507915,-5.377915,-5.907915,-6.727915,-6.9979153,-6.817915,-6.507915,-5.967915,-5.457915,-5.187915,-5.097915,-4.917915,-4.907915,-5.307915,-5.757915,-6.107915,-6.377915,-6.217915,-5.467915,-4.147915,-1.8079151,-2.1279151,-2.097915,-0.53791505,-0.44791505,-1.8179151,-2.407915,-3.097915,-3.267915,0.64208496,1.1920849,-0.67791504,-0.64791507,-0.96791506,-0.90791506,-1.217915,-1.237915
-5.367915,-5.697915,-6.117915,-6.797915,-7.487915,-8.217915,-8.797915,-8.857915,-8.847915,-8.967915,-8.987915,-8.657915,-8.137915,-7.667915,-7.637915,-7.677915,-7.977915,-8.187915,-7.7479153,-6.127915,-4.627915,-5.547915,-6.567915,-6.097915,-6.397915,-6.837915,-6.937915,-6.557915,-6.077915,-5.687915,-5.527915,-5.477915,-5.427915,-5.357915,-5.327915,-5.397915,-5.687915,-5.937915,-6.067915,-6.097915,-6.4979153,-6.577915,-4.687915,-1.8279151,-2.287915,-1.9579151,-0.40791503,-1.007915,-2.407915,-2.417915,-2.357915,-2.987915,-0.887915,0.33208495,-1.2079151,-0.31791505,-0.06791504,-1.857915,-1.637915,-1.257915
-5.327915,-5.5179152,-5.7479153,-6.277915,-6.887915,-7.277915,-7.717915,-8.2579155,-8.487915,-8.567915,-8.647915,-8.477915,-7.817915,-7.287915,-6.887915,-6.827915,-6.567915,-6.457915,-6.407915,-6.537915,-5.947915,-5.567915,-6.367915,-6.557915,-6.787915,-6.757915,-6.367915,-6.007915,-5.817915,-5.647915,-5.307915,-5.027915,-4.867915,-4.9979153,-5.287915,-5.667915,-5.947915,-5.957915,-5.727915,-5.757915,-6.147915,-6.417915,-6.117915,-3.987915,-2.587915,-1.6779151,-0.92791504,-1.2079151,-1.897915,-1.777915,-1.777915,-3.297915,-1.0879151,0.89208496,-0.35791504,-1.5779151,-1.0779151,-1.237915,-1.5679151,-1.347915
-5.047915,-5.117915,-5.337915,-5.757915,-6.197915,-6.477915,-6.737915,-6.957915,-7.087915,-7.277915,-7.577915,-7.797915,-7.577915,-7.097915,-6.717915,-6.897915,-6.9979153,-6.807915,-6.567915,-6.487915,-5.987915,-5.677915,-6.067915,-6.157915,-6.097915,-6.057915,-5.947915,-5.867915,-5.777915,-5.507915,-5.047915,-4.557915,-4.637915,-4.867915,-5.047915,-5.197915,-5.187915,-5.227915,-5.587915,-5.967915,-5.617915,-5.027915,-4.7479153,-3.3679152,-2.107915,-1.907915,-1.007915,-0.25791505,-0.47791505,-1.537915,-1.287915,-3.437915,-2.417915,0.96208495,-0.21791504,-1.867915,-0.34791505,-1.287915,-2.097915,-1.367915
-4.677915,-4.757915,-4.857915,-4.987915,-5.317915,-5.777915,-6.077915,-6.2479153,-6.307915,-6.237915,-6.207915,-6.207915,-6.357915,-6.637915,-6.887915,-7.007915,-7.2479153,-7.297915,-7.257915,-6.887915,-6.337915,-6.207915,-6.177915,-6.0179152,-5.857915,-5.657915,-5.337915,-4.917915,-4.647915,-4.557915,-4.577915,-4.587915,-4.707915,-4.7679152,-4.827915,-4.877915,-5.057915,-5.377915,-5.647915,-5.427915,-4.837915,-4.127915,-3.517915,-3.1479151,-2.1379151,-1.477915,-0.72791505,0.48208496,0.102084965,-1.717915,-2.1479151,-2.707915,-3.247915,-2.277915,1.492085,1.022085,-1.0879151,-1.887915,-1.507915,-0.78791505
-4.427915,-4.377915,-4.397915,-4.437915,-4.527915,-4.717915,-4.967915,-5.227915,-5.317915,-5.357915,-5.377915,-5.337915,-5.317915,-5.327915,-5.347915,-5.487915,-5.777915,-5.977915,-6.0179152,-5.777915,-5.357915,-5.067915,-4.907915,-4.7679152,-4.537915,-4.367915,-4.337915,-4.217915,-3.977915,-3.817915,-3.957915,-4.227915,-4.5179152,-4.527915,-4.4979153,-4.7479153,-4.967915,-4.947915,-4.987915,-4.977915,-4.837915,-4.437915,-3.667915,-2.967915,-2.047915,-1.247915,-0.52791506,0.66208494,-0.45791504,-1.497915,-2.197915,-2.027915,-3.037915,-1.407915,1.622085,0.41208497,-1.3179151,-2.057915,-2.1479151,-0.937915
-4.117915,-4.097915,-3.977915,-3.8779151,-3.8879151,-4.007915,-4.217915,-4.367915,-4.347915,-4.307915,-4.317915,-4.367915,-4.417915,-4.447915,-4.467915,-4.467915,-4.587915,-4.777915,-4.867915,-4.7479153,-4.567915,-4.397915,-4.257915,-4.117915,-3.8979151,-3.687915,-3.557915,-3.487915,-3.447915,-3.417915,-3.447915,-3.527915,-3.777915,-4.057915,-4.097915,-4.147915,-4.387915,-4.417915,-4.407915,-4.357915,-4.217915,-4.087915,-3.987915,-3.467915,-2.017915,-1.617915,-0.31791505,0.79208493,-0.17791504,-1.0579151,-2.217915,-2.577915,-2.797915,-0.637915,1.0420849,0.20208496,-1.377915,-1.5579151,-0.95791507,-0.687915
-3.687915,-3.777915,-3.707915,-3.507915,-3.337915,-3.257915,-3.337915,-3.467915,-3.537915,-3.547915,-3.547915,-3.547915,-3.567915,-3.6179152,-3.707915,-3.707915,-3.6279151,-3.567915,-3.517915,-3.467915,-3.417915,-3.357915,-3.217915,-3.057915,-2.8979151,-2.6379151,-2.3979151,-2.327915,-2.447915,-2.6479151,-2.707915,-2.727915,-2.8779151,-3.1479151,-3.277915,-3.3879151,-3.6179152,-3.847915,-3.907915,-3.787915,-3.677915,-3.577915,-3.007915,-2.017915,-1.257915,-1.357915,-0.48791504,0.802085,0.52208495,-1.047915,-2.417915,-2.287915,-2.487915,-1.237915,1.082085,0.29208496,0.51208496,0.66208494,-0.16791505,-0.887915
-3.197915,-3.317915,-3.187915,-2.917915,-2.727915,-2.667915,-2.667915,-2.717915,-2.6179152,-2.547915,-2.597915,-2.597915,-2.547915,-2.597915,-2.817915,-3.057915,-3.1379151,-2.997915,-2.827915,-2.677915,-2.527915,-2.317915,-2.097915,-1.9479151,-1.8379151,-1.727915,-1.667915,-1.747915,-1.967915,-2.177915,-2.297915,-2.3979151,-2.457915,-2.6179152,-2.8779151,-3.037915,-3.037915,-3.177915,-3.337915,-3.3679152,-3.267915,-3.247915,-3.3879151,-2.757915,-1.977915,-1.977915,0.38208497,1.002085,0.05208496,-1.1879151,-2.207915,-2.227915,-1.6779151,-0.83791506,1.122085,0.84208494,0.622085,0.732085,-0.027915038,-1.137915
-2.6479151,-2.767915,-2.6179152,-2.447915,-2.297915,-2.097915,-1.9279151,-1.897915,-1.857915,-1.867915,-1.907915,-1.8279151,-1.6779151,-1.537915,-1.477915,-1.607915,-1.9479151,-2.1379151,-2.047915,-1.9479151,-1.867915,-1.657915,-1.4579151,-1.3079151,-1.167915,-0.98791504,-0.79791504,-0.70791507,-0.687915,-0.687915,-0.85791504,-1.1779151,-1.477915,-1.787915,-2.047915,-2.197915,-2.337915,-2.527915,-2.727915,-2.8679152,-2.957915,-2.927915,-3.047915,-3.357915,-2.467915,-1.967915,-0.887915,0.32208496,-0.15791504,-0.83791506,-1.537915,-2.1379151,-2.237915,-2.1179152,0.58208495,0.58208495,0.612085,1.082085,0.64208496,0.24208497
-2.297915,-2.347915,-2.167915,-1.917915,-1.727915,-1.5679151,-1.397915,-1.277915,-1.2079151,-1.117915,-1.117915,-1.237915,-1.147915,-0.92791504,-0.77791506,-0.83791506,-0.947915,-0.89791507,-0.65791506,-0.71791506,-1.007915,-1.0579151,-0.92791504,-0.64791507,-0.627915,-0.627915,-0.22791503,-0.03791504,-0.03791504,0.09208496,0.012084961,-0.29791504,-0.44791505,-0.627915,-0.98791504,-1.467915,-1.797915,-1.857915,-1.9479151,-2.297915,-2.727915,-2.927915,-2.8879151,-2.927915,-2.537915,-2.067915,-1.487915,0.31208497,0.13208497,-0.29791504,-0.16791505,-1.597915,-2.037915,-1.0579151,0.97208494,1.602085,0.82208496,1.212085,1.6620849,1.362085
-1.737915,-1.717915,-1.717915,-1.537915,-1.257915,-1.0679151,-0.79791504,-0.45791504,-0.27791503,-0.29791504,-0.38791505,-0.45791504,-0.52791506,-0.567915,-0.42791504,-0.23791504,-0.18791504,-0.06791504,0.07208496,0.102084965,0.13208497,0.25208497,0.16208497,0.19208497,-0.23791504,0.03208496,0.24208497,-0.12791504,-0.20791504,-0.59791505,-1.027915,-1.267915,-1.1779151,-0.96791506,-1.267915,-2.237915,-2.607915,-2.297915,-1.917915,-1.877915,-2.037915,-2.337915,-2.557915,-2.497915,-2.797915,-2.037915,-1.167915,0.48208496,0.49208495,0.28208497,-0.37791502,-1.1879151,-0.66791505,0.23208496,0.58208495,0.82208496,1.2920849,1.972085,2.1220849,2.582085
-1.487915,-1.3079151,-1.027915,-0.92791504,-0.79791504,-0.507915,-0.08791504,0.32208496,0.46208495,0.43208495,0.48208496,0.39208496,0.13208497,-0.15791504,-0.23791504,-0.12791504,-0.12791504,-0.017915038,0.51208496,1.112085,1.282085,1.3220849,1.332085,1.2920849,1.1920849,0.76208496,0.42208496,0.38208497,0.29208496,-0.65791506,-1.747915,-2.177915,-1.6879151,-1.247915,-1.267915,-1.6779151,-1.977915,-1.857915,-1.777915,-1.907915,-1.857915,-1.617915,-1.987915,-3.207915,-3.037915,-1.467915,-0.66791505,0.16208497,0.70208496,0.09208496,-0.55791503,-1.017915,-0.37791502,0.21208496,0.71208495,0.33208495,-1.1979151,-0.887915,-0.58791506,-0.78791505
-0.97791505,-0.97791505,-0.767915,-0.52791506,-0.40791503,-0.18791504,0.16208497,0.502085,0.682085,0.682085,0.83208495,0.802085,0.612085,0.34208497,0.05208496,-0.16791505,-0.07791504,0.05208496,0.57208496,1.482085,1.702085,1.892085,2.1220849,2.212085,1.8020849,1.652085,1.272085,1.0420849,0.802085,-0.13791505,-0.937915,-1.597915,-1.8079151,-1.747915,-1.6779151,-1.537915,-1.487915,-1.497915,-1.477915,-1.4279151,-1.4579151,-1.527915,-1.5579151,-2.437915,-2.557915,-1.147915,-0.55791503,-0.17791504,-0.12791504,-0.86791503,-1.407915,-1.007915,-0.35791504,-0.687915,-0.31791505,1.1620849,1.492085,2.312085,1.372085,1.532085
-0.747915,-0.747915,-0.55791503,-0.31791505,-0.20791504,0.012084961,0.32208496,0.66208494,0.76208496,0.862085,0.982085,1.0620849,1.142085,1.352085,1.6620849,2.002085,2.1320848,1.882085,1.382085,1.5720849,2.092085,2.412085,2.3820848,2.402085,2.732085,2.782085,2.452085,2.032085,1.272085,0.802085,0.612085,0.19208497,-0.28791505,-0.817915,-1.3179151,-1.147915,-1.0879151,-0.98791504,-0.827915,-0.79791504,-1.117915,-1.857915,-2.1279151,-1.8179151,-1.537915,-0.64791507,-0.40791503,0.18208496,0.44208497,-0.59791505,-1.397915,-0.627915,0.612085,0.35208496,-0.38791505,0.622085,2.822085,2.1220849,0.622085,0.622085
-0.34791505,-0.61791503,-0.38791505,-0.027915038,0.08208496,0.35208496,0.60208493,0.622085,1.032085,1.602085,1.9420849,2.342085,2.972085,3.672085,3.962085,3.682085,3.452085,3.542085,3.6320848,3.1020849,2.462085,1.892085,1.952085,2.242085,2.542085,2.8720849,2.912085,2.702085,2.242085,1.6820849,1.282085,1.212085,0.982085,0.672085,0.49208495,0.34208497,0.09208496,0.03208496,0.13208497,0.042084962,-0.37791502,-0.98791504,-2.067915,-2.707915,-1.767915,-0.80791503,-0.42791504,0.29208496,0.12208496,-0.43791503,-0.767915,-0.05791504,0.40208495,-0.25791505,-0.687915,0.90208495,2.472085,2.3520849,1.352085,1.982085
0.30208495,-0.23791504,-0.30791503,0.102084965,0.52208495,1.092085,1.362085,1.372085,1.8220849,2.202085,2.482085,2.772085,2.942085,3.082085,2.992085,2.832085,2.902085,2.722085,2.172085,2.222085,2.662085,2.292085,2.022085,2.1220849,2.392085,2.712085,2.942085,2.912085,2.772085,2.532085,2.272085,2.012085,1.862085,1.8220849,1.782085,1.5520849,1.362085,1.392085,1.452085,1.222085,0.63208497,0.36208495,0.25208497,-0.58791506,-0.85791504,-0.09791504,0.15208496,0.51208496,0.79208493,0.66208494,0.53208494,0.102084965,-0.24791504,-0.52791506,-0.03791504,1.0620849,1.742085,2.842085,2.1120849,0.66208494
0.64208496,0.27208495,0.102084965,0.502085,0.862085,1.5520849,1.702085,1.082085,1.6720849,2.482085,2.912085,2.982085,2.842085,2.752085,2.762085,2.712085,2.582085,2.182085,1.622085,1.332085,1.482085,1.642085,1.9420849,2.202085,2.262085,2.6120849,2.792085,2.842085,2.892085,2.942085,2.8820848,2.782085,2.732085,2.652085,2.432085,2.092085,1.992085,2.072085,1.7920849,1.012085,0.53208494,1.012085,1.1720849,-0.12791504,0.12208496,0.89208496,0.752085,0.70208496,0.622085,0.34208497,0.46208495,0.31208497,-0.21791504,-0.16791505,0.40208495,1.132085,1.382085,0.23208496,-0.19791503,1.532085
1.082085,1.022085,0.862085,0.862085,1.0620849,1.9320849,1.502085,1.022085,2.182085,2.942085,3.092085,3.282085,3.402085,3.272085,3.032085,2.802085,2.682085,2.422085,1.732085,1.512085,2.6320848,3.532085,3.342085,2.8620849,2.502085,2.592085,3.052085,3.442085,3.302085,3.082085,3.062085,3.172085,3.1020849,2.772085,2.592085,2.512085,2.652085,1.9220849,0.40208495,-0.19791503,0.40208495,0.90208495,-0.16791505,-0.31791505,0.19208497,0.51208496,0.27208495,-0.31791505,-0.20791504,0.012084961,0.52208495,0.28208497,-0.047915038,-0.03791504,-0.11791504,0.54208493,0.65208495,1.352085,1.5720849,1.4120849
1.5620849,1.6920849,1.762085,1.972085,2.6120849,2.972085,2.512085,2.742085,3.252085,3.312085,3.242085,3.252085,3.452085,3.522085,3.412085,3.302085,3.222085,2.842085,2.422085,3.062085,4.132085,4.682085,4.712085,3.772085,2.3620849,1.8120849,2.022085,2.722085,2.912085,3.012085,3.092085,3.022085,2.762085,2.802085,3.062085,3.692085,3.3620849,1.642085,-0.14791504,-1.047915,-0.72791505,-0.757915,-0.90791506,-0.20791504,0.09208496,0.33208495,-0.66791505,-0.67791504,-0.95791507,-0.72791505,-0.13791505,0.102084965,0.52208495,0.23208496,-0.07791504,0.35208496,1.082085,1.462085,1.702085,2.3520849
1.9220849,2.152085,2.432085,2.782085,3.252085,3.192085,2.922085,2.972085,3.082085,3.772085,4.282085,3.492085,2.922085,3.1120849,3.1020849,2.812085,2.6120849,2.992085,3.282085,2.752085,1.782085,1.722085,2.392085,2.6020849,2.432085,1.9120849,1.482085,1.632085,1.9320849,2.252085,2.572085,2.892085,3.222085,3.422085,3.642085,3.042085,1.592085,0.732085,0.47208497,-0.29791504,-1.147915,-1.5679151,-0.757915,-0.83791506,0.102084965,0.17208496,0.37208498,0.15208496,-0.47791505,-1.267915,-1.627915,-0.507915,0.47208497,0.42208496,-0.09791504,0.30208495,0.91208494,0.31208497,0.83208495,2.042085
2.182085,2.402085,2.722085,3.152085,3.422085,3.342085,3.142085,3.162085,3.522085,4.0020847,4.092085,3.422085,2.892085,2.552085,2.052085,2.3620849,3.442085,4.512085,4.9820848,4.052085,2.642085,2.3520849,2.3720849,2.012085,1.702085,1.112085,1.3220849,1.892085,2.402085,2.6220849,2.802085,2.952085,3.172085,3.1020849,2.292085,1.262085,0.59208494,1.032085,1.232085,0.812085,0.34208497,-0.32791504,0.13208497,1.272085,2.742085,3.692085,5.172085,5.992085,6.0020847,2.922085,-0.35791504,-0.32791504,0.76208496,0.44208497,0.02208496,-0.13791505,-0.007915039,0.562085,1.392085,2.232085
2.232085,2.482085,2.782085,3.302085,3.592085,3.532085,3.332085,3.322085,3.6120849,3.832085,3.682085,2.982085,2.392085,2.202085,2.492085,3.332085,4.152085,4.572085,4.362085,4.142085,3.232085,3.242085,3.322085,2.942085,2.292085,2.002085,2.272085,2.6320848,3.072085,3.062085,2.922085,2.782085,2.742085,2.312085,1.1620849,0.76208496,1.222085,2.242085,2.392085,0.992085,-0.10791504,0.09208496,1.132085,1.402085,1.1920849,0.90208495,1.212085,2.422085,2.782085,1.122085,-1.037915,-0.22791503,-0.45791504,-0.40791503,-0.41791505,-0.11791504,0.22208495,0.72208494,2.022085,1.102085
2.302085,2.502085,2.6320848,3.142085,3.652085,3.702085,3.3720849,3.142085,3.422085,3.942085,3.962085,2.962085,2.1320848,2.312085,2.702085,3.1220849,3.482085,2.722085,1.272085,1.6820849,2.742085,3.3720849,3.042085,2.832085,3.282085,3.582085,3.432085,3.202085,3.262085,3.3720849,3.3620849,3.192085,2.8620849,2.1020849,1.012085,1.202085,1.902085,1.5520849,-0.28791505,-1.747915,-1.467915,-0.507915,0.21208496,0.42208496,1.112085,1.772085,1.892085,1.3020849,-1.5679151,-2.917915,-1.507915,-1.037915,-0.637915,-0.46791503,-0.38791505,-0.24791504,0.08208496,0.40208495,0.982085,0.11208496
2.392085,2.522085,2.392085,2.792085,3.6120849,4.092085,3.762085,3.282085,3.572085,4.142085,3.932085,2.742085,2.042085,2.282085,2.402085,2.642085,3.322085,3.072085,1.392085,0.66208494,1.0520849,1.5720849,2.142085,2.552085,2.892085,3.192085,3.302085,3.442085,3.8820848,3.892085,3.532085,3.232085,2.782085,1.952085,1.1620849,0.502085,-1.147915,-2.247915,-1.2079151,-0.17791504,0.21208496,0.05208496,0.16208497,0.85208493,1.272085,1.3020849,1.9420849,-0.37791502,-1.5679151,-0.47791505,-0.29791504,-0.35791504,-0.887915,-0.877915,-0.16791505,0.38208497,0.36208495,-0.20791504,-0.95791507,-0.29791504
2.442085,2.562085,2.392085,2.502085,3.222085,4.022085,3.902085,3.592085,3.722085,3.972085,3.732085,2.702085,2.022085,2.3520849,2.8620849,3.512085,3.592085,2.442085,0.43208495,-0.07791504,1.152085,2.1120849,2.022085,1.892085,2.052085,2.8820848,3.592085,3.682085,3.302085,2.932085,1.882085,0.612085,-0.20791504,-0.027915038,-0.98791504,-1.767915,0.29208496,0.26208496,-0.44791505,0.27208495,0.58208495,0.52208495,0.72208494,0.57208496,1.782085,2.232085,1.0620849,0.012084961,-0.03791504,-0.017915038,-0.25791505,-0.71791506,-0.767915,-0.67791504,-0.34791505,0.03208496,-0.007915039,0.54208493,-0.05791504,0.49208495
