UV_10m_small_gfs.t12z.pgrb2.0p25.f024.json
{"header": { "discipline":0, "disciplineName":"Meteorological products", "gribEdition":2, "gribLength":17311, "center":7, "centerName":"US National Weather Service - NCEP(WMC)", "subcenter":0, "refTime":"2023-03-21T12:00:00.000Z", "significanceOfRT":1, "significanceOfRTName":"Start of forecast", "productStatus":0, "productStatusName":"Operational products", "productType":1, "productTypeName":"Forecast products", "productDefinitionTemplate":0, "productDefinitionTemplateName":"Analysis/forecast at horizontal level/layer at a point in time", "parameterCategory":2, "parameterCategoryName":"Momentum", "parameterNumber":3, "parameterNumberName":"V-component_of_wind", "parameterUnit":"m.s-1", "genProcessType":2, "genProcessTypeName":"Forecast", "forecastTime":24, "surface1Type":103, "surface1TypeName":"Specified height level above ground", "surface1Value":10.0, "surface2Type":255, "surface2TypeName":"Missing", "surface2Value":0.0, "gridDefinitionTemplate":0, "gridDefinitionTemplateName":"Latitude_Longitude", "numberPoints":11421, "shape":6, "shapeName":"Earth spherical with radius of 6,371,229.0 m", "gridUnits":"degrees", "resolution":48, "winds":"true", "scanMode":64, "nx":141, "ny":81, "basicAngle":0, "lo1":210.0, "la1":30.0, "lo2":245.0, "la2":50.0, "dx":0.25, "dy":0.25 }, "data":
[rows 0 to 25 of 81, columns 57 to 113 of 141]
-9.894293,-10.294293,-11.204293,-11.264294,-10.804294,-10.974293,-10.724293,-10.544293,-10.894293,-11.434293,-11.784293,-11.794293,-11.774293,-11.384294,-10.994293,-10.844294,-11.124293,-10.994293,-10.564293,-10.524293,-10.574293,-10.564293,-10.4242935,-10.254293,-10.054294,-9.524293,-8.604293,-8.344294,-8.154293,-7.534293,-7.324293,-7.614293,-6.5242934,-5.1042933,-4.364293,-3.9342933,-4.0242934,-4.444293,-4.9542933,-5.324293,-5.4542933,-5.424293,-5.284293,-5.134293,-4.944293,-4.9542933,-5.0842934,-4.924293,-5.0642934,-5.344293,-4.924293,-4.974293,-5.2742934,-4.0442934,-3.9542933,-4.1042933,-3.6742933
-10.2142935,-10.864293,-10.754293,-10.134294,-10.054294,-10.364293,-10.284293,-11.004293,-11.4642935,-11.6742935,-11.904293,-11.804294,-11.274293,-11.024293,-10.974293,-11.024293,-10.834293,-10.474293,-10.814293,-11.244293,-11.064293,-10.644293,-10.204293,-9.934293,-9.814293,-9.584293,-9.194293,-7.744293,-7.5642934,-7.224293,-6.5442934,-6.6642933,-7.734293,-6.744293,-5.214293,-4.734293,-4.494293,-4.1642933,-4.0242934,-4.1042933,-4.344293,-4.494293,-4.5242934,-4.6842933,-4.574293,-4.534293,-4.484293,-4.594293,-4.534293,-4.304293,-4.304293,-4.134293,-3.8742933,-3.5842931,-3.2942932,-3.6642933,-2.7942932
-10.084293,-10.504293,-10.4242935,-10.534293,-10.594294,-10.4242935,-11.034293,-11.034293,-11.514294,-11.524293,-11.2142935,-11.294293,-11.534293,-11.274293,-10.874293,-10.704293,-10.494293,-11.024293,-11.2142935,-10.704293,-10.124293,-9.784293,-9.524293,-9.664293,-10.164293,-10.514294,-10.294293,-9.434293,-8.284293,-7.8942933,-7.324293,-7.094293,-7.324293,-7.9342933,-6.984293,-6.2542934,-6.3142934,-6.244293,-5.7742934,-5.014293,-4.4142933,-3.7242932,-3.114293,-2.9942932,-2.8342931,-2.7942932,-2.8342931,-3.094293,-3.4142933,-3.7442932,-3.9042933,-3.6342933,-2.9642932,-2.8042932,-2.8742933,-3.364293,-2.6242933
-10.374293,-10.354293,-10.414293,-10.274293,-10.254293,-10.804294,-11.024293,-11.034293,-11.764294,-11.874293,-11.504293,-11.824293,-12.004293,-11.794293,-11.624293,-11.604293,-11.554294,-10.9642935,-10.154293,-9.724293,-9.344294,-9.164293,-9.084293,-9.484293,-9.974293,-10.434293,-10.644293,-10.4642935,-9.754293,-8.954293,-8.224293,-7.444293,-7.2942934,-6.884293,-7.1442933,-6.724293,-6.0642934,-5.8142934,-5.7742934,-5.694293,-5.804293,-5.034293,-4.3342934,-4.0442934,-3.8942933,-3.344293,-2.8342931,-2.4842932,-2.4142933,-2.5442932,-2.8042932,-2.8242931,-2.4442933,-2.094293,-2.1942933,-2.2342932,-2.3942933
-10.274293,-10.324293,-10.524293,-10.544293,-10.6742935,-10.9642935,-10.914293,-10.734293,-10.544293,-10.884294,-11.554294,-11.784293,-11.894293,-11.864293,-11.704293,-10.994293,-10.114293,-9.444293,-8.9642935,-8.864293,-8.944293,-9.074293,-9.634294,-9.784293,-9.914293,-10.434293,-10.9642935,-10.974293,-10.554294,-9.804294,-9.074293,-8.454293,-8.034293,-7.654293,-7.1442933,-7.114293,-7.094293,-7.0442934,-7.194293,-7.134293,-6.304293,-5.5042934,-5.014293,-4.234293,-3.7642932,-3.6842933,-3.4542933,-3.0142932,-2.5042932,-2.1242933,-1.8842932,-1.7542932,-1.6342932,-1.5542932,-1.5542932,-1.2442932,-1.4342933
-10.034293,-10.1742935,-10.304294,-10.314293,-10.224293,-10.104293,-10.564293,-10.544293,-10.644293,-10.334293,-10.394293,-10.394293,-10.264294,-9.9242935,-9.704293,-9.364293,-9.254293,-9.354293,-9.914293,-9.684293,-9.624293,-9.814293,-10.044293,-10.324293,-10.774293,-11.484293,-11.4642935,-10.814293,-10.564293,-10.474293,-9.944293,-9.484293,-9.434293,-9.224293,-9.024293,-8.814293,-8.7142935,-8.814293,-8.524293,-9.084293,-8.544293,-6.864293,-5.614293,-4.824293,-4.444293,-4.1242933,-3.4942932,-2.844293,-2.4442933,-2.0342932,-1.5342932,-0.9842932,-0.5042932,-0.26429322,-0.4042932,-0.42429322,-0.53429323
-9.884294,-9.634294,-9.704293,-9.914293,-9.564293,-9.584293,-10.444293,-10.884294,-11.234293,-11.184293,-10.6742935,-10.344294,-10.054294,-9.804294,-9.784293,-9.794293,-9.744293,-9.894293,-10.344294,-10.444293,-10.4642935,-10.314293,-10.314293,-10.364293,-10.804294,-11.034293,-11.034293,-11.034293,-10.634294,-10.094294,-9.864293,-9.724293,-9.524293,-9.254293,-8.944293,-8.604293,-8.1742935,-7.6642933,-6.714293,-6.1842933,-6.4142933,-6.3942933,-5.614293,-5.284293,-5.224293,-5.154293,-4.614293,-3.6942933,-3.2942932,-2.6942933,-1.6942933,-0.90429324,-0.2042932,0.35570678,0.7557068,0.77570677,0.5057068
-9.824293,-9.564293,-9.444293,-9.954293,-9.894293,-9.644293,-10.084293,-10.614293,-10.784293,-11.094294,-11.164293,-11.084293,-10.804294,-10.414293,-10.524293,-10.584293,-10.184293,-10.514294,-10.474293,-10.354293,-10.294293,-10.234293,-10.324293,-10.694293,-10.914293,-10.824293,-10.794293,-10.724293,-10.764294,-10.854293,-10.594294,-10.094294,-9.584293,-9.1742935,-8.954293,-8.804294,-8.684293,-8.104293,-7.134293,-5.9342933,-5.4542933,-5.1042933,-5.1442933,-5.264293,-5.554293,-5.574293,-5.1242933,-4.234293,-4.0842934,-3.844293,-2.4442933,-1.0442932,0.045706786,0.9857068,1.4757068,1.7157068,1.7757068
-9.554294,-9.334293,-9.294293,-9.844294,-10.494293,-10.6742935,-10.034293,-9.7142935,-10.044293,-10.594294,-10.834293,-10.894293,-11.314293,-11.164293,-10.124293,-10.144293,-10.384294,-10.544293,-10.754293,-11.144293,-11.034293,-11.284293,-11.444293,-11.134294,-10.854293,-10.774293,-10.864293,-10.934293,-10.864293,-10.774293,-10.604293,-10.334293,-9.754293,-9.594294,-9.734293,-9.704293,-9.014294,-8.394293,-7.8342934,-6.8542933,-6.054293,-5.6842933,-5.364293,-5.384293,-5.974293,-5.7042933,-5.264293,-4.804293,-4.904293,-5.1842933,-3.8242931,-1.8342932,-0.5142932,0.90570676,1.6957068,2.0457067,2.2557068
-9.494293,-9.274293,-9.404293,-9.694293,-10.334293,-10.624293,-10.584293,-9.774293,-9.484293,-10.224293,-10.724293,-11.004293,-11.194293,-11.564293,-11.474293,-11.454293,-11.4242935,-11.364293,-11.334293,-11.264294,-11.374293,-11.334293,-11.084293,-10.984293,-10.914293,-11.054294,-10.894293,-10.644293,-10.724293,-10.544293,-10.094294,-9.944293,-10.014294,-10.194293,-9.974293,-9.434293,-8.534293,-7.804293,-7.134293,-6.764293,-6.444293,-6.444293,-6.404293,-6.3942933,-6.444293,-6.0442934,-5.2042933,-4.904293,-5.0442934,-5.194293,-4.714293,-3.3042932,-1.9042932,-0.5042932,1.0357068,2.1057067,2.2257068
-9.484293,-9.444293,-9.444293,-10.054294,-10.524293,-10.834293,-11.154293,-10.734293,-9.864293,-9.754293,-10.114293,-10.604293,-10.344294,-10.854293,-11.474293,-11.6742935,-11.654293,-11.654293,-11.7142935,-11.614293,-11.7142935,-11.594294,-11.334293,-11.1742935,-11.364293,-11.194293,-10.744293,-10.764294,-10.814293,-10.724293,-10.514294,-10.594294,-10.774293,-10.584293,-10.054294,-9.344294,-8.994293,-8.574293,-8.444293,-7.7742934,-7.694293,-7.1642933,-6.764293,-6.5242934,-6.364293,-6.2942934,-5.6642933,-5.074293,-4.9342933,-4.654293,-4.094293,-3.604293,-3.0142932,-1.6042932,0.055706788,1.2957067,2.2257068
-9.194293,-9.7142935,-10.094294,-10.534293,-10.684293,-11.074293,-11.474293,-11.254293,-11.034293,-10.534293,-10.414293,-10.824293,-10.784293,-10.414293,-10.774293,-11.164293,-11.4642935,-11.654293,-11.6742935,-11.7142935,-11.774293,-11.944293,-12.054294,-11.844294,-11.404293,-11.2142935,-11.154293,-11.4242935,-11.624293,-11.514294,-11.284293,-10.844294,-10.594294,-10.204293,-9.874293,-9.7142935,-9.244293,-8.784293,-7.974293,-7.5242934,-7.3542933,-7.2942934,-7.3942933,-7.1842933,-6.804293,-6.574293,-6.2542934,-5.864293,-5.3142934,-4.844293,-4.114293,-3.0342932,-2.4342933,-1.9142932,-1.1542932,0.1857068,1.5657067
-9.324293,-9.664293,-9.764294,-10.394293,-10.754293,-11.144293,-11.234293,-11.194293,-11.164293,-11.064293,-11.134294,-11.004293,-11.384294,-11.354293,-11.004293,-10.7142935,-10.724293,-11.324293,-11.544293,-11.784293,-12.224293,-12.324293,-12.574293,-12.784293,-12.894293,-12.434293,-12.124293,-11.764294,-11.394293,-11.194293,-11.304294,-11.304294,-11.014294,-10.534293,-9.884294,-9.314293,-9.1742935,-8.854293,-8.414293,-8.254293,-7.9542933,-7.3342934,-7.464293,-7.5842934,-7.3342934,-6.964293,-6.5642934,-6.1442933,-5.5842934,-4.944293,-4.2742934,-3.5542932,-2.7542932,-1.9642932,-1.0442932,-0.14429322,0.8157068
-9.434293,-9.834293,-9.804294,-9.694293,-10.264294,-10.554294,-10.864293,-11.124293,-11.254293,-11.334293,-11.894293,-12.034293,-11.884294,-11.864293,-12.004293,-12.164293,-12.274293,-12.264294,-12.204293,-11.874293,-12.034293,-12.404293,-12.414293,-12.374293,-12.414293,-12.404293,-12.104293,-11.834293,-11.634294,-11.524293,-11.514294,-11.314293,-11.014294,-10.604293,-10.194293,-9.894293,-9.534293,-9.534293,-9.344294,-8.844294,-8.444293,-8.014294,-7.574293,-7.384293,-6.994293,-6.4342933,-5.924293,-5.734293,-5.1242933,-4.694293,-4.2042933,-3.3742933,-2.4842932,-2.0142932,-1.6942933,-0.6442932,0.055706788
-9.314293,-9.594294,-9.814293,-9.704293,-9.684293,-10.074293,-10.664293,-10.884294,-11.154293,-11.254293,-11.514294,-12.134294,-12.264294,-12.254293,-12.414293,-12.194293,-12.084293,-12.244293,-12.524293,-12.624293,-12.724293,-13.114293,-13.084293,-12.764294,-12.194293,-11.914293,-12.104293,-12.184293,-11.9242935,-11.874293,-11.754293,-11.354293,-11.224293,-10.994293,-10.4242935,-10.044293,-9.894293,-9.824293,-9.484293,-8.724293,-8.204293,-7.884293,-7.5642934,-7.324293,-6.884293,-6.054293,-5.4142933,-5.014293,-4.5242934,-3.9542933,-3.614293,-3.0742931,-2.4842932,-1.6842933,-0.8942932,-0.3742932,0.26570678
-9.304294,-9.474293,-9.794293,-10.144293,-10.024293,-10.044293,-10.294293,-10.794293,-11.014294,-11.154293,-11.264294,-11.394293,-11.744293,-11.894293,-11.854293,-11.794293,-12.004293,-12.294293,-12.514294,-12.734293,-12.684293,-12.454293,-12.254293,-12.014294,-11.884294,-11.934293,-11.994293,-12.094294,-12.134294,-11.984293,-11.664293,-11.454293,-11.2142935,-10.984293,-10.614293,-10.374293,-10.224293,-10.034293,-9.814293,-9.334293,-8.7142935,-8.124293,-7.484293,-6.984293,-6.244293,-5.6242933,-5.234293,-4.8542933,-4.214293,-3.614293,-2.9842932,-2.2442932,-1.6942933,-1.6742932,-1.2142932,-0.10429321,0.65570676
-9.234293,-9.324293,-9.494293,-9.884294,-10.124293,-10.224293,-10.294293,-10.294293,-10.554294,-10.844294,-11.104293,-11.094294,-11.264294,-11.354293,-11.594294,-11.784293,-11.7142935,-11.494293,-11.494293,-11.604293,-11.6742935,-11.724293,-11.654293,-11.774293,-12.004293,-12.224293,-12.264294,-12.234293,-12.194293,-12.124293,-11.844294,-11.7142935,-11.624293,-11.504293,-11.1742935,-10.864293,-10.544293,-10.334293,-10.154293,-9.764294,-9.094294,-8.414293,-7.6442933,-7.0242934,-6.5242934,-5.9342933,-5.2742934,-4.444293,-3.7442932,-3.0642931,-2.3742933,-1.5842932,-0.5042932,-0.17429322,-0.65429324,-0.17429322,0.9357068
-9.184293,-9.334293,-9.4242935,-9.504293,-9.854293,-10.164293,-10.594294,-10.874293,-10.994293,-11.154293,-11.244293,-11.234293,-11.334293,-11.444293,-11.524293,-11.564293,-11.604293,-11.654293,-11.784293,-11.894293,-11.814293,-11.724293,-11.844294,-12.044293,-12.2142935,-12.234293,-12.404293,-12.544293,-12.544293,-12.364293,-12.164293,-12.194293,-12.034293,-11.694293,-11.394293,-11.114293,-10.994293,-10.754293,-10.584293,-10.134294,-9.4242935,-8.774293,-7.974293,-7.574293,-7.0042934,-6.2042933,-5.444293,-4.764293,-3.8242931,-2.9742932,-2.2442932,-1.3842932,-0.36429322,0.42570677,0.8357068,0.14570679,0.5457068
-9.014294,-9.184293,-9.354293,-9.474293,-9.604293,-9.904293,-10.144293,-10.554294,-10.794293,-10.944293,-11.054294,-11.194293,-11.114293,-10.954293,-10.9242935,-11.224293,-11.574293,-11.644293,-11.644293,-11.694293,-11.854293,-11.894293,-12.124293,-11.864293,-11.9642935,-12.184293,-12.344294,-12.4242935,-12.414293,-12.294293,-12.414293,-12.274293,-12.044293,-11.764294,-11.634294,-11.484293,-11.304294,-11.124293,-10.764294,-10.184293,-9.664293,-8.754293,-8.294293,-7.824293,-7.224293,-6.5242934,-5.784293,-5.0042934,-3.9642932,-3.0342932,-2.3042932,-1.3542932,-0.6342932,0.26570678,1.2157068,1.7057068,0.8257068
-9.064293,-9.184293,-9.324293,-9.494293,-9.694293,-9.894293,-10.224293,-10.584293,-10.944293,-11.254293,-11.404293,-11.614293,-11.704293,-11.824293,-11.854293,-11.664293,-11.7142935,-11.774293,-11.724293,-11.774293,-11.814293,-11.944293,-12.244293,-12.154293,-11.884294,-11.864293,-11.824293,-11.884294,-12.114293,-12.334293,-12.644293,-12.554294,-12.304294,-12.244293,-12.074293,-11.804294,-11.604293,-11.4242935,-10.944293,-10.484293,-9.864293,-9.4242935,-8.984293,-8.384294,-7.574293,-6.6042933,-5.614293,-4.994293,-4.514293,-3.5642931,-2.614293,-1.7142932,-0.8542932,0.5057068,0.7357068,2.2257068,1.3857068
-9.144293,-9.144293,-9.224293,-9.494293,-9.814293,-10.084293,-10.334293,-10.634294,-10.904293,-11.144293,-11.404293,-11.614293,-11.7142935,-11.914293,-12.034293,-12.034293,-12.004293,-12.114293,-12.154293,-12.134294,-12.084293,-12.144293,-12.184293,-12.024293,-11.644293,-11.314293,-11.294293,-11.384294,-12.034293,-12.624293,-12.824293,-12.754293,-12.684293,-12.654293,-12.384294,-12.104293,-11.844294,-11.624293,-11.194293,-10.704293,-10.444293,-10.114293,-9.644293,-9.034293,-8.134294,-7.1042933,-5.964293,-4.634293,-3.8942933,-3.4642932,-2.5642931,-1.8242933,-0.9342932,0.21570678,0.8157068,2.3757067,1.6557068
-8.914293,-9.014294,-9.224293,-9.554294,-9.844294,-10.064293,-10.264294,-10.484293,-10.854293,-11.204293,-11.414293,-11.624293,-11.724293,-11.614293,-11.814293,-11.944293,-12.124293,-12.154293,-12.1742935,-12.144293,-12.284293,-12.234293,-12.104293,-11.854293,-12.054294,-11.554294,-11.404293,-11.334293,-11.934293,-12.614293,-12.884294,-12.914293,-12.9242935,-12.954293,-12.764294,-12.484293,-12.264294,-11.754293,-11.334293,-11.004293,-10.9242935,-10.564293,-10.154293,-9.514294,-8.654293,-7.9142933,-6.924293,-5.284293,-3.5342932,-2.1742933,-0.90429324,-0.48429322,-0.17429322,0.16570678,1.0257068,2.2357068,2.6257067
-8.784293,-9.054294,-9.334293,-9.534293,-9.734293,-9.944293,-10.204293,-10.564293,-10.9642935,-11.354293,-11.534293,-11.6742935,-11.984293,-12.154293,-11.944293,-11.784293,-11.884294,-12.004293,-12.084293,-12.234293,-12.294293,-12.324293,-12.274293,-12.4242935,-12.534293,-11.854293,-11.494293,-11.394293,-11.7142935,-12.474293,-12.764294,-12.904293,-12.954293,-13.064293,-13.144293,-12.884294,-12.434293,-11.904293,-11.514294,-11.514294,-11.274293,-10.944293,-10.504293,-9.934293,-9.204293,-8.374293,-7.474293,-6.0842934,-3.7642932,-1.3642932,0.06570679,0.35570678,0.8957068,1.0457067,1.5157068,2.3157067,3.2357068
-8.7142935,-9.064293,-9.314293,-9.4242935,-9.684293,-10.074293,-10.384294,-10.6742935,-10.954293,-11.244293,-11.4242935,-11.664293,-11.864293,-11.6742935,-11.834293,-11.764294,-11.704293,-11.694293,-11.704293,-11.814293,-11.954293,-12.254293,-12.4642935,-12.614293,-12.684293,-12.244293,-11.734293,-11.614293,-11.694293,-12.054294,-12.154293,-12.514294,-12.884294,-13.084293,-13.064293,-12.9242935,-12.394293,-11.9242935,-11.824293,-12.014294,-11.9242935,-11.684293,-11.224293,-10.404293,-10.4242935,-9.244293,-8.054294,-7.994293,-6.0442934,-2.4742932,0.07570679,0.3757068,1.3257068,2.9957068,2.7557068,3.0357068,3.4457068
-8.544293,-8.824293,-9.094294,-9.4642935,-9.894293,-10.224293,-10.514294,-10.6742935,-10.824293,-11.124293,-11.494293,-11.774293,-11.9642935,-11.544293,-11.594294,-11.634294,-11.644293,-11.524293,-11.564293,-11.574293,-11.624293,-12.144293,-12.594294,-12.604293,-12.694293,-12.634294,-11.9242935,-11.824293,-11.834293,-11.934293,-11.974293,-12.044293,-12.234293,-12.504293,-12.544293,-12.584293,-12.374293,-12.274293,-12.544293,-12.814293,-12.844294,-12.334293,-11.984293,-11.644293,-11.554294,-9.6742935,-7.9542933,-8.394293,-8.054294,-5.404293,-0.8542932,1.1157068,1.6257068,3.135707,3.7557068,3.7557068,3.5657067
-8.444293,-8.704293,-8.994293,-9.394293,-9.724293,-9.9642935,-10.194293,-10.434293,-10.664293,-11.144293,-11.504293,-11.794293,-12.124293,-12.264294,-11.984293,-11.654293,-11.664293,-11.564293,-11.374293,-11.264294,-11.204293,-11.614293,-12.084293,-12.514294,-12.764294,-12.364293,-11.904293,-11.474293,-11.494293,-11.754293,-11.9642935,-12.074293,-12.264294,-12.404293,-12.584293,-12.794293,-12.774293,-12.954293,-13.304294,-13.454293,-13.184293,-13.084293,-13.064293,-13.114293,-12.504293,-11.254293,-7.9542933,-7.284293,-6.804293,-6.5842934,-4.264293,0.84570676,2.5257068,3.9357069,4.905707,5.575707,2.905707
