UV_10m_small_gfs.t12z.pgrb2.0p25.f027.json
{"header": { "discipline":0, "disciplineName":"Meteorological products", "gribEdition":2, "gribLength":17311, "center":7, "centerName":"US National Weather Service - NCEP(WMC)", "subcenter":0, "refTime":"2023-03-21T12:00:00.000Z", "significanceOfRT":1, "significanceOfRTName":"Start of forecast", "productStatus":0, "productStatusName":"Operational products", "productType":1, "productTypeName":"Forecast products", "productDefinitionTemplate":0, "productDefinitionTemplateName":"Analysis/forecast at horizontal level/layer at a point in time", "parameterCategory":2, "parameterCategoryName":"Momentum", "parameterNumber":3, "parameterNumberName":"V-component_of_wind", "parameterUnit":"m.s-1", "genProcessType":2, "genProcessTypeName":"Forecast", "forecastTime":27, "surface1Type":103, "surface1TypeName":"Specified height level above ground", "surface1Value":10.0, "surface2Type":255, "surface2TypeName":"Missing", "surface2Value":0.0, "gridDefinitionTemplate":0, "gridDefinitionTemplateName":"Latitude_Longitude", "numberPoints":11421, "shape":6, "shapeName":"Earth spherical with radius of 6,371,229.0 m", "gridUnits":"degrees", "resolution":48, "winds":"true", "scanMode":64, "nx":141, "ny":81, "basicAngle":0, "lo1":210.0, "la1":30.0, "lo2":245.0, "la2":50.0, "dx":0.25, "dy":0.25 }, "data":
[rows 50 to 74 of 81, columns 58 to 115 of 141]
-2.1107666,-2.3007667,-2.0207665,-2.0707667,-2.5607667,-3.3607666,-4.0807667,-4.5907664,-4.920767,-5.2507668,-5.6807666,-6.1407666,-6.5307665,-6.8707666,-7.3007665,-7.7707667,-8.220767,-8.680767,-9.170767,-9.590767,-9.890766,-10.160767,-10.340767,-10.150766,-10.130767,-10.150766,-10.040767,-10.120767,-10.180767,-10.500767,-10.680767,-10.940766,-10.920767,-10.700767,-10.820766,-10.880767,-11.080767,-11.2807665,-11.390766,-11.290767,-10.990767,-10.650766,-9.560766,-7.0607667,-0.6407666,0.6792334,0.5792334,0.7392334,0.3992334,0.1692334,-0.4807666,-0.1607666,0.8392334,0.5592334,-0.2307666,-0.2307666,-0.7707666,-0.5407666
-1.4907666,-2.2407665,-2.2007666,-1.8207666,-2.0707667,-2.9807665,-3.8407667,-4.3807664,-4.690767,-5.0107665,-5.4007664,-5.8707666,-6.3607664,-6.7507668,-7.170767,-7.6107664,-8.020766,-8.460767,-8.980766,-9.480766,-9.850766,-10.0307665,-10.340767,-10.260767,-10.130767,-10.080767,-10.040767,-10.040767,-10.020766,-10.130767,-10.460767,-10.730766,-10.7807665,-10.730766,-10.830767,-11.080767,-11.440766,-11.380767,-11.300767,-11.240767,-11.0307665,-10.420767,-9.460767,-7.1507664,-0.8907666,1.2592334,1.6292334,1.3692334,1.3892334,1.4692334,1.0292335,0.4292334,0.029233398,0.3692334,-0.9407666,-0.3007666,-0.0907666,-0.6907666
-0.8507666,-1.6707666,-2.3107667,-1.8207666,-1.4807667,-2.3207667,-3.3807666,-4.0907664,-4.4907665,-4.8307667,-5.2407665,-5.6607666,-6.1207666,-6.5507665,-6.9907665,-7.460767,-7.9307666,-8.320766,-8.760767,-9.300767,-9.790767,-10.040767,-10.2807665,-10.260767,-10.0307665,-10.050767,-9.930767,-9.800767,-9.460767,-9.350766,-9.840767,-10.250767,-10.510767,-10.630767,-10.880767,-11.080767,-11.290767,-11.170767,-10.970767,-11.060766,-10.880767,-10.460767,-9.850766,-8.180767,-1.7707666,1.3592334,1.3892334,1.3092334,1.3792334,0.8992334,0.7092334,0.7792334,0.3792334,0.5092334,0.3492334,-0.3207666,0.7092334,0.3292334
-0.5607666,-1.0007666,-2.0307665,-1.9807667,-1.1507666,-1.7407666,-2.8007667,-3.6407666,-4.190767,-4.6107664,-5.0307665,-5.460767,-5.8707666,-6.3007665,-6.8007665,-7.2707667,-7.7607665,-8.210767,-8.570766,-9.090767,-9.600766,-9.990767,-10.190766,-9.920767,-9.690766,-9.7807665,-9.810766,-9.710767,-9.510767,-9.050767,-9.210767,-9.730766,-10.130767,-10.440766,-10.670767,-10.920767,-10.800767,-10.460767,-10.560766,-10.730766,-10.630767,-10.270766,-9.860766,-8.830767,-3.2807665,1.0792334,0.9092334,1.1092334,1.0692334,0.6992334,0.7592334,0.7892334,0.8292334,1.1792334,1.0292335,-0.0907666,0.2692334,-0.050766602
-0.5707666,-0.7507666,-1.3407665,-1.9207666,-1.0507666,-1.2507666,-2.2207665,-3.1407666,-3.7907667,-4.2907667,-4.7407665,-5.1407666,-5.5607667,-6.0607667,-6.5907664,-7.0707664,-7.5107665,-8.000767,-8.420767,-8.930767,-9.480766,-9.880767,-9.930767,-9.490767,-9.350766,-9.590767,-9.860766,-9.700767,-9.500767,-9.150766,-9.060766,-9.130767,-9.550767,-10.150766,-10.5307665,-10.690766,-10.510767,-10.270766,-10.290767,-10.400766,-10.480766,-10.300767,-9.760767,-8.820766,-4.6207666,1.1792334,0.4992334,0.61923337,0.6692334,0.6792334,0.9892334,1.0192333,1.0392334,1.0492334,0.61923337,0.6992334,0.7792334,-0.3307666
-0.1407666,-0.6507666,-0.6107666,-1.4607666,-1.0607666,-0.8507666,-1.6907666,-2.6307666,-3.3307667,-3.8607666,-4.3307667,-4.8207664,-5.2707667,-5.8007665,-6.3407664,-6.8207664,-7.2907667,-7.8007665,-8.2807665,-8.680767,-9.2807665,-9.730766,-9.830767,-9.490767,-9.830767,-9.700767,-9.950767,-9.840767,-9.610766,-9.240767,-8.880767,-8.820766,-9.020766,-9.620767,-9.960767,-10.390766,-10.560766,-10.440766,-10.350766,-10.2807665,-10.330767,-10.310766,-9.870767,-8.740767,-5.0707664,0.3992334,0.4492334,0.3192334,0.18923339,0.3492334,0.9592334,1.3692334,1.1992334,1.0592334,0.8792334,0.3092334,0.2392334,-0.6107666
0.7792334,-0.5307666,-0.1707666,-0.7707666,-0.7107666,-0.4607666,-1.2607666,-2.1707666,-2.9007666,-3.4407666,-3.9307666,-4.4507666,-5.0007668,-5.5607667,-6.0707664,-6.480767,-6.960767,-7.480767,-8.090767,-8.560766,-8.930767,-9.330767,-9.630767,-9.840767,-9.880767,-10.040767,-10.370767,-10.190766,-9.680767,-9.010767,-8.710767,-8.500767,-8.720767,-9.200767,-9.640766,-10.060766,-10.5307665,-10.600766,-10.380767,-10.390766,-10.360766,-10.2807665,-10.070766,-9.130767,-5.5607667,0.7692334,0.2692334,0.1092334,0.029233398,0.3492334,0.5392334,0.5392334,0.5992334,1.1892334,1.5392334,-0.1807666,0.4492334,-0.2307666
1.5892334,0.4092334,0.2692334,-0.3907666,-0.1607666,0.009233398,-0.8107666,-1.7007666,-2.4807665,-3.0407667,-3.5407667,-4.0807667,-4.6807666,-5.2607665,-5.7507668,-6.190767,-6.7007666,-7.2507668,-7.8307667,-8.410767,-8.720767,-9.020766,-9.470767,-9.760767,-9.770766,-9.900766,-10.480766,-10.580767,-9.930767,-8.870767,-8.190766,-8.130767,-8.490767,-9.050767,-9.340767,-9.800767,-10.170767,-10.290767,-10.190766,-10.2807665,-10.260767,-10.140766,-9.930767,-9.430767,-7.1807666,-0.3707666,0.7592334,0.3092334,-7.666016E-4,0.0992334,0.9692334,0.9292334,0.7492334,0.039233398,-0.110766605,1.0392334,0.3392334,-0.3507666
2.0392334,1.2692333,0.7392334,-0.1207666,0.3092334,0.4992334,-0.2607666,-1.1907666,-2.0207665,-2.6407666,-3.1807666,-3.7407665,-4.3607664,-4.9507666,-5.420767,-5.8907666,-6.440767,-7.0007668,-7.5807667,-8.200767,-8.610766,-8.840767,-9.190766,-9.510767,-9.580767,-9.5307665,-10.080767,-10.520766,-10.070766,-9.080767,-7.8307667,-7.7907667,-8.2807665,-8.740767,-9.090767,-9.5307665,-9.800767,-9.830767,-9.900766,-10.110766,-10.340767,-10.410767,-10.110766,-9.230766,-7.5307665,-2.4507666,0.4992334,0.6792334,0.4692334,0.3392334,0.6792334,0.7092334,0.2492334,0.069233395,0.3892334,0.2992334,-0.20076661,0.2692334
2.1892333,1.6692334,1.1492333,0.2092334,0.5492334,0.9092334,0.2892334,-0.6407666,-1.5207666,-2.2307665,-2.8207667,-3.4007666,-4.0107665,-4.5807667,-5.1107664,-5.6207666,-6.1607666,-6.7407665,-7.3907666,-8.020766,-8.430767,-8.710767,-9.010767,-9.290767,-9.330767,-9.340767,-9.890766,-10.010767,-9.810766,-9.120767,-8.010767,-7.8407664,-8.070766,-8.410767,-8.880767,-9.190766,-9.400766,-9.450767,-9.570766,-9.860766,-10.170767,-10.210767,-10.140766,-9.560766,-7.8207664,-3.0107665,0.2692334,-0.1507666,-0.6807666,-0.1607666,0.009233398,0.5292334,0.4592334,-0.020766601,0.3692334,0.5592334,0.1392334,0.8292334
2.3492334,1.8892334,1.5692334,0.6692334,0.4092334,0.9992334,0.7492334,-0.0707666,-0.9807666,-1.7907666,-2.4407666,-3.0307665,-3.6407666,-4.2207665,-4.7807665,-5.3307667,-5.8707666,-6.4707665,-7.1207666,-7.730767,-8.190766,-8.5307665,-8.890766,-9.120767,-9.180767,-9.170767,-9.670767,-9.860766,-9.650766,-9.310766,-8.640766,-8.180767,-8.090767,-8.2807665,-8.570766,-9.080767,-9.240767,-9.230766,-9.220767,-9.360766,-9.360766,-9.190766,-9.330767,-9.190766,-8.000767,-4.8007665,-0.5407666,-0.2907666,-0.3107666,-0.6107666,-0.4807666,0.4592334,0.7692334,0.7792334,0.4692334,0.5792334,-0.050766602,1.0692334
2.6992333,2.2392335,2.0292335,1.3692334,0.3592334,0.7792334,1.1192334,0.4592334,-0.4307666,-1.2907666,-2.0407667,-2.6607666,-3.2407665,-3.8307667,-4.460767,-5.0407667,-5.6007667,-6.2707667,-6.940767,-7.480767,-7.9107666,-8.2807665,-8.700767,-8.990767,-9.070766,-9.230766,-9.600766,-9.910767,-9.570766,-9.450767,-9.160767,-8.740767,-8.430767,-8.410767,-8.500767,-8.830767,-9.020766,-9.0307665,-8.820766,-8.770766,-8.710767,-8.740767,-8.830767,-8.610766,-7.5407667,-5.0507665,0.039233398,0.2892334,-0.6907666,-0.8007666,-0.7107666,-0.3507666,0.7392334,1.4692334,1.3692334,0.2492334,0.2792334,0.9092334
3.3192334,2.7892334,2.3292334,2.1092334,0.7292334,0.6692334,1.4192334,0.9692334,0.1192334,-0.7407666,-1.5807666,-2.2607665,-2.8007667,-3.4207666,-4.1407666,-4.8007665,-5.3707666,-5.9907665,-6.690767,-7.210767,-7.6207666,-8.050767,-8.480766,-8.840767,-8.960767,-9.220767,-9.480766,-9.580767,-9.740767,-9.790767,-9.360766,-9.080767,-8.740767,-8.520766,-8.440766,-8.480766,-8.670767,-8.630767,-8.410767,-8.080767,-8.160767,-8.540767,-8.620767,-8.140766,-7.4007664,-5.5107665,-0.2507666,0.2492334,-0.7007666,-1.1307666,-0.8607666,-0.9607666,-0.4407666,0.3192334,0.4492334,0.7892334,0.7192334,0.1792334
3.7992334,3.3492334,2.5792334,2.6692333,1.4592334,1.0192333,1.7492334,1.4892334,0.6692334,-0.2107666,-1.1207666,-1.8907666,-2.4607666,-3.0607667,-3.7607665,-4.440767,-5.0807667,-5.730767,-6.3507667,-6.9007664,-7.3707666,-7.8207664,-8.240767,-8.620767,-8.860766,-9.010767,-9.2807665,-9.340767,-9.310766,-9.390766,-9.2807665,-9.130767,-8.900766,-8.600766,-8.340767,-8.290767,-8.220767,-8.250767,-8.120767,-8.130767,-8.250767,-8.360766,-8.010767,-7.4107666,-6.920767,-5.7807665,-2.1307666,-0.2207666,0.2492334,-0.8607666,-1.4807667,-0.9207666,0.1792334,-0.9007666,-1.2107666,-1.0207666,-1.2707666,-1.1007667
4.3392334,3.9892335,3.1692333,2.8992333,1.9292334,1.1992334,1.7892334,1.8892334,1.1392334,0.2392334,-0.6407666,-1.4807667,-2.1607666,-2.7107666,-3.3007667,-4.0107665,-4.7407665,-5.4507666,-6.0807667,-6.6207666,-7.1207666,-7.6307664,-8.120767,-8.440766,-8.710767,-8.890766,-9.0307665,-9.010767,-8.810766,-8.980766,-9.180767,-9.080767,-8.860766,-8.650766,-8.490767,-8.310766,-8.310766,-8.300767,-8.110766,-8.170767,-8.200767,-7.8807664,-7.5807667,-7.3507667,-6.5007668,-5.1107664,-1.9507666,-0.0307666,-0.2507666,-0.6807666,-1.2907666,-1.5107666,-1.2007666,-0.8107666,-0.2507666,-0.8307666,-1.6607666,-1.8007666
5.079233,4.5992336,3.8792334,3.4392333,2.5192335,1.4092335,1.4692334,2.0392334,1.5692334,0.6292334,-0.20076661,-1.0207666,-1.7807666,-2.3107667,-2.8207667,-3.5407667,-4.3407664,-5.1307664,-5.7407665,-6.2907667,-6.8207664,-7.3107667,-7.8007665,-8.190766,-8.480766,-8.650766,-8.710767,-8.540767,-8.580767,-8.830767,-9.130767,-9.250767,-9.050767,-8.730766,-8.580767,-8.420767,-8.470767,-8.460767,-8.240767,-7.8207664,-7.4007664,-7.0007668,-6.7707667,-6.5607667,-5.6007667,-3.2107666,-0.7407666,-0.8407666,-0.1707666,-0.5407666,-1.3807666,-1.0707666,-0.1207666,-0.2807666,-0.4007666,-0.110766605,-0.4907666,-1.7207665
5.6092334,5.1992335,4.3992333,3.9292333,3.2292335,1.9592334,1.2892334,1.9292334,1.9392334,0.9892334,0.2192334,-0.5007666,-1.3207666,-1.9507666,-2.4707665,-3.1507666,-3.9407666,-4.690767,-5.3607664,-5.9307666,-6.4907665,-7.0307665,-7.5207667,-7.920767,-8.260767,-8.440766,-8.560766,-8.400766,-8.340767,-8.620767,-8.950767,-9.170767,-9.090767,-8.790767,-8.630767,-8.500767,-8.400766,-8.250767,-7.730767,-7.0107665,-6.480767,-6.0407667,-5.5207667,-5.1207666,-4.1807666,-3.3007667,-0.8907666,-0.4607666,-0.5207666,-0.6007666,-0.7707666,-0.4307666,-0.3207666,0.3692334,0.4292334,0.2192334,0.4992334,-0.1707666
6.019233,5.8392334,4.9692335,4.4892335,3.9292333,2.6192334,1.3192334,1.6592335,2.2092333,1.4792334,0.6992334,0.009233398,-0.8907666,-1.6507666,-2.2007666,-2.8307667,-3.6107666,-4.3007665,-4.9307666,-5.5607667,-6.2007666,-6.7607665,-7.2207665,-7.6207666,-7.9907665,-8.320766,-8.540767,-8.410767,-8.190766,-8.330767,-8.730766,-9.0307665,-9.050767,-8.630767,-8.540767,-8.480766,-8.570766,-8.100766,-7.1607666,-6.4007664,-5.8007665,-5.2207665,-4.480767,-3.7007666,-2.1107666,-1.8907666,-1.3007666,-0.5407666,-0.1407666,-0.3407666,-0.5107666,0.009233398,0.5592334,1.0692334,-0.1307666,-1.3407665,-1.0707666,0.2092334
5.6692333,5.829233,5.1892333,4.9192333,4.519233,3.3092334,1.8492334,1.5392334,2.2792335,1.9492334,1.1892334,0.4892334,-0.4707666,-1.3807666,-2.0007665,-2.5707667,-3.2307665,-3.8607666,-4.460767,-5.1807666,-5.8807664,-6.460767,-6.940767,-7.3807664,-7.7907667,-8.170767,-8.500767,-8.340767,-7.9907665,-8.110766,-8.580767,-8.830767,-8.850766,-8.800767,-9.080767,-8.980766,-8.660767,-7.710767,-6.960767,-6.2607665,-5.5407667,-4.8407664,-3.9307666,-2.5207665,0.3192334,-0.5807666,-0.5707666,-0.3107666,-0.3807666,-0.6107666,-0.8407666,-0.2307666,0.5392334,0.7092334,1.2192334,2.0292335,1.8192334,1.1192334
5.3492336,5.7292333,5.5092335,5.3192334,5.0692334,4.079233,2.6692333,1.6792334,1.8892334,1.8992333,1.3892334,0.8892334,-0.050766602,-1.0507666,-1.7407666,-2.3107667,-2.8707666,-3.4807665,-4.1007667,-4.8207664,-5.5407667,-6.1307664,-6.6507664,-7.1207666,-7.5607667,-7.9707665,-8.400766,-8.110766,-7.9507666,-8.160767,-8.570766,-8.860766,-9.180767,-9.400766,-9.450767,-8.910767,-8.270766,-7.6307664,-7.0707664,-6.2607665,-5.3407664,-4.3907666,-3.3407667,-1.3307666,2.1192334,0.6092334,-0.1407666,-0.5407666,-0.9107666,-0.3907666,-0.3407666,-0.5207666,0.2692334,0.4992334,0.4992334,0.9992334,0.6392334,0.029233398
4.4092336,5.1992335,6.0092335,5.6692333,5.1792336,4.4492335,3.3892334,2.2692335,1.6292334,1.2092334,1.1992334,1.1792334,0.2992334,-0.6907666,-1.4307666,-2.0307665,-2.6307666,-3.3107667,-3.9707665,-4.5407667,-5.2007666,-5.8307667,-6.3907666,-6.8507667,-7.2707667,-7.7607665,-8.150766,-7.7507668,-7.730767,-8.070766,-8.580767,-9.120767,-9.540767,-9.600766,-9.400766,-8.620767,-8.270766,-7.7807665,-7.1607666,-6.1307664,-4.7807665,-3.7107666,-2.7407665,-0.3207666,2.3792334,0.5892334,0.1292334,-0.9007666,-1.9007666,-1.5707666,-0.4007666,-0.3507666,-0.4907666,0.1292334,0.5392334,0.6692334,0.059233397,-0.4607666
2.8292334,4.5992336,6.3392334,6.019233,5.1992335,4.3892336,3.5392334,2.7592335,1.9092335,1.0192333,1.1592335,1.2892334,0.5592334,-0.3507666,-1.1407666,-1.8307666,-2.5107665,-3.2007666,-3.7107666,-4.210767,-4.8407664,-5.5107665,-6.1207666,-6.6107664,-7.0207667,-7.6007667,-7.8107667,-7.5307665,-7.7207665,-8.130767,-8.620767,-9.110766,-9.390766,-9.5307665,-9.250767,-8.860766,-8.360766,-7.7007666,-6.8807664,-5.6207666,-3.9907665,-3.0807667,-1.8407665,0.7992334,1.4792334,0.15923339,-0.3407666,-0.9807666,-1.1007667,-1.1407666,-0.8407666,-0.010766601,-0.2807666,0.1292334,0.1092334,0.2492334,0.5092334,0.3492334
1.7692333,4.2292333,6.5292335,6.039233,5.1492333,4.2592335,3.4492333,3.0192335,2.3092334,1.4392334,1.4792334,1.4492334,0.7892334,-0.1407666,-1.0107666,-1.7107666,-2.3307667,-2.9107666,-3.4107666,-3.9107666,-4.5207667,-5.210767,-5.8307667,-6.3107667,-6.7007666,-7.3507667,-7.5307665,-7.4307666,-7.5707664,-8.020766,-8.490767,-8.910767,-9.180767,-9.180767,-8.910767,-8.680767,-8.390766,-7.5307665,-6.3307667,-4.940767,-3.1607666,-2.4707665,-1.3007666,1.1192334,0.2192334,-0.1707666,0.6792334,1.3992333,1.9992334,1.8492334,0.5292334,-0.5907666,-1.2207665,0.3692334,0.1192334,-0.5207666,-0.3107666,-0.3607666
2.5892334,4.289233,6.289233,6.1492333,5.3892336,4.3992333,3.4392333,3.1292334,2.7692335,1.9692334,1.6692334,1.5592334,0.9792334,-7.666016E-4,-0.8007666,-1.3607666,-2.0107665,-2.6607666,-3.1407666,-3.6007667,-4.210767,-4.9007664,-5.5607667,-6.0607667,-6.420767,-6.7707667,-7.1807666,-7.3107667,-7.5307665,-8.000767,-8.400766,-8.730766,-8.950767,-8.960767,-8.700767,-8.500767,-8.050767,-7.0807667,-5.7207665,-4.1607666,-1.9907666,-1.8907666,-1.6007667,0.2392334,0.4492334,0.9692334,-0.020766601,0.2892334,-0.6707666,-0.9507666,-2.4407666,-1.8807666,-0.0707666,-0.050766602,-0.6507666,-0.4007666,0.5492334,0.6392334
3.3792334,4.579233,6.7092333,6.6192336,5.6892333,4.5892334,3.6992333,3.3892334,3.0992334,2.2792335,1.6892334,1.5192333,0.9792334,0.1292334,-0.5207666,-1.0807666,-1.7307667,-2.3507667,-2.8207667,-3.2807665,-3.8907666,-4.5807667,-5.2607665,-5.8307667,-6.3007665,-6.6207666,-6.8807664,-7.1007667,-7.4507666,-7.9907665,-8.330767,-8.600766,-8.750767,-8.660767,-8.360766,-8.060766,-7.2907667,-5.8907666,-4.7507668,-2.8107667,-1.3507667,-1.5507666,-0.4707666,-0.4407666,-0.6407666,-0.7707666,-1.1507666,-1.0707666,-1.1107666,-2.9407666,-2.4907665,-0.6007666,0.0792334,-0.27076662,-0.050766602,-0.4607666,-0.5207666,0.18923339
