UV_10m_small_gfs.t12z.pgrb2.0p25.f042.json
{"header": { "discipline":0, "disciplineName":"Meteorological products", "gribEdition":2, "gribLength":17311, "center":7, "centerName":"US National Weather Service - NCEP(WMC)", "subcenter":0, "refTime":"2023-03-21T12:00:00.000Z", "significanceOfRT":1, "significanceOfRTName":"Start of forecast", "productStatus":0, "productStatusName":"Operational products", "productType":1, "productTypeName":"Forecast products", "productDefinitionTemplate":0, "productDefinitionTemplateName":"Analysis/forecast at horizontal level/layer at a point in time", "parameterCategory":2, "parameterCategoryName":"Momentum", "parameterNumber":3, "parameterNumberName":"V-component_of_wind", "parameterUnit":"m.s-1", "genProcessType":2, "genProcessTypeName":"Forecast", "forecastTime":42, "surface1Type":103, "surface1TypeName":"Specified height level above ground", "surface1Value":10.0, "surface2Type":255, "surface2TypeName":"Missing", "surface2Value":0.0, "gridDefinitionTemplate":0, "gridDefinitionTemplateName":"Latitude_Longitude", "numberPoints":11421, "shape":6, "shapeName":"Earth spherical with radius of 6,371,229.0 m", "gridUnits":"degrees", "resolution":48, "winds":"true", "scanMode":64, "nx":141, "ny":81, "basicAngle":0, "lo1":210.0, "la1":30.0, "lo2":245.0, "la2":50.0, "dx":0.25, "dy":0.25 }, "data":
[rows 0 to 25 of 81, columns 60 to 119 of 141]
-5.077666,-5.227666,-5.467666,-5.547666,-5.277666,-5.357666,-5.727666,-6.077666,-6.237666,-6.297666,-6.457666,-6.547666,-6.6176662,-6.667666,-6.657666,-6.597666,-6.627666,-6.907666,-7.277666,-7.637666,-7.777666,-7.807666,-7.8676662,-8.147666,-8.417666,-8.517666,-8.847666,-8.077666,-7.537666,-7.677666,-7.897666,-8.367666,-8.787666,-9.017666,-9.167666,-9.087666,-8.867666,-8.697666,-8.577666,-8.747666,-8.877666,-8.857666,-8.647666,-8.507666,-8.267666,-7.947666,-7.727666,-7.507666,-7.307666,-7.157666,-6.977666,-6.877666,-6.627666,-6.407666,-6.257666,-6.227666,-6.047666,-5.847666,-5.717666,-5.597666
-5.047666,-5.1176662,-5.287666,-5.417666,-5.337666,-5.307666,-5.657666,-5.8676662,-6.057666,-6.317666,-6.507666,-6.667666,-6.687666,-6.657666,-6.667666,-6.877666,-7.027666,-7.087666,-7.287666,-7.477666,-7.677666,-7.887666,-8.017666,-8.257666,-8.617666,-9.077666,-9.247666,-9.387666,-9.167666,-8.717666,-8.277666,-7.957666,-7.977666,-8.457666,-8.937666,-9.067666,-9.027666,-8.967666,-8.837666,-8.787666,-8.827666,-8.787666,-8.547666,-8.327666,-8.167666,-8.047666,-7.8676662,-7.687666,-7.507666,-7.437666,-7.297666,-6.997666,-6.697666,-6.457666,-6.217666,-5.857666,-5.577666,-5.3676662,-5.217666,-5.027666
-4.917666,-4.837666,-5.027666,-5.307666,-5.467666,-5.537666,-5.707666,-5.737666,-5.947666,-6.327666,-6.427666,-6.477666,-6.537666,-6.507666,-6.607666,-6.877666,-7.187666,-7.417666,-7.547666,-7.637666,-7.717666,-7.827666,-8.077666,-8.327666,-8.457666,-8.637666,-8.937666,-8.887666,-9.067666,-9.347666,-9.007666,-8.717666,-8.047666,-8.307666,-8.657666,-8.807666,-8.947666,-9.107666,-8.887666,-8.467666,-8.467666,-8.497666,-8.567666,-8.517666,-8.377666,-8.117666,-7.8676662,-7.747666,-7.657666,-7.477666,-7.217666,-6.827666,-6.407666,-6.1176662,-5.697666,-5.297666,-5.287666,-5.137666,-4.887666,-4.717666
-4.987666,-4.927666,-4.827666,-5.087666,-5.507666,-5.587666,-5.547666,-5.727666,-5.887666,-6.217666,-6.267666,-6.347666,-6.547666,-6.557666,-6.547666,-6.657666,-6.827666,-6.977666,-7.147666,-7.307666,-7.547666,-7.817666,-7.997666,-8.217666,-8.347666,-8.427666,-8.577666,-8.917666,-9.017666,-9.177666,-9.267666,-9.437666,-9.397666,-8.247666,-8.237666,-8.807666,-9.067666,-8.787666,-8.817666,-8.577666,-8.397666,-8.247666,-8.377666,-8.447666,-8.287666,-8.157666,-8.007666,-7.827666,-7.697666,-7.327666,-6.887666,-6.857666,-6.517666,-6.177666,-6.1176662,-6.197666,-5.837666,-5.477666,-5.147666,-4.897666
-4.8676662,-5.027666,-5.167666,-5.337666,-5.407666,-5.417666,-5.397666,-5.667666,-5.8676662,-6.007666,-6.147666,-6.137666,-6.3676662,-6.577666,-6.687666,-6.727666,-6.837666,-6.947666,-7.047666,-7.197666,-7.347666,-7.557666,-7.787666,-7.927666,-8.097666,-8.217666,-8.487666,-8.617666,-8.687666,-9.007666,-8.977666,-8.737666,-9.097666,-9.147666,-8.427666,-8.487666,-9.017666,-9.037666,-8.697666,-8.667666,-8.617666,-8.567666,-8.417666,-8.467666,-8.287666,-8.037666,-7.877666,-7.787666,-7.6176662,-7.407666,-7.347666,-7.017666,-6.857666,-6.767666,-6.507666,-6.137666,-5.917666,-5.717666,-5.387666,-4.907666
-4.737666,-4.747666,-4.887666,-5.007666,-5.137666,-5.237666,-5.207666,-5.177666,-5.447666,-5.647666,-5.977666,-6.037666,-6.057666,-6.247666,-6.557666,-6.8676662,-7.017666,-7.107666,-7.257666,-7.397666,-7.567666,-7.717666,-7.827666,-7.927666,-8.067666,-8.327666,-8.397666,-8.677666,-8.687666,-9.047666,-9.467666,-9.177666,-8.927666,-8.987666,-8.817666,-8.697666,-9.067666,-9.107666,-8.697666,-8.567666,-8.647666,-8.657666,-8.717666,-8.517666,-8.357666,-8.117666,-7.887666,-7.727666,-7.627666,-7.657666,-7.737666,-7.597666,-7.337666,-6.887666,-6.637666,-6.477666,-6.267666,-5.887666,-5.667666,-5.487666
-5.007666,-4.887666,-4.807666,-4.807666,-5.037666,-5.237666,-5.307666,-5.167666,-5.307666,-5.337666,-5.777666,-6.177666,-6.277666,-6.297666,-6.497666,-6.747666,-6.977666,-7.127666,-7.257666,-7.397666,-7.547666,-7.667666,-7.777666,-7.967666,-8.107666,-8.277666,-8.377666,-8.577666,-8.717666,-9.137666,-9.297666,-9.167666,-8.897666,-8.867666,-8.617666,-8.707666,-8.847666,-8.837666,-8.687666,-8.767666,-8.827666,-8.707666,-8.817666,-8.707666,-8.437666,-8.187666,-7.907666,-7.837666,-7.777666,-7.727666,-7.497666,-7.157666,-6.997666,-6.907666,-6.767666,-6.627666,-6.327666,-5.797666,-5.327666,-4.977666
-5.067666,-5.057666,-5.187666,-5.297666,-5.187666,-5.247666,-5.467666,-5.447666,-5.427666,-5.317666,-5.537666,-5.877666,-6.237666,-6.447666,-6.527666,-6.647666,-6.797666,-6.947666,-7.077666,-7.207666,-7.357666,-7.587666,-7.837666,-8.127666,-8.307666,-8.347666,-8.377666,-8.527666,-8.677666,-8.837666,-8.947666,-9.037666,-8.897666,-8.607666,-8.567666,-8.957666,-8.817666,-8.407666,-8.187666,-8.287666,-8.757666,-9.017666,-8.997666,-8.827666,-8.647666,-8.357666,-8.157666,-8.127666,-8.047666,-7.757666,-7.457666,-7.207666,-7.097666,-6.897666,-6.637666,-6.487666,-6.257666,-5.797666,-5.227666,-4.777666
-4.727666,-5.027666,-4.947666,-4.947666,-4.817666,-4.827666,-5.087666,-5.337666,-5.427666,-5.347666,-5.497666,-5.707666,-5.937666,-6.207666,-6.387666,-6.497666,-6.647666,-6.807666,-6.987666,-7.177666,-7.357666,-7.597666,-7.787666,-7.947666,-8.137666,-8.307666,-8.457666,-8.627666,-8.937666,-9.037666,-9.077666,-8.897666,-9.017666,-8.397666,-8.617666,-9.067666,-9.087666,-8.867666,-8.697666,-8.447666,-8.387666,-8.857666,-8.957666,-8.877666,-8.667666,-8.457666,-8.387666,-8.267666,-8.087666,-7.727666,-7.6176662,-7.427666,-7.197666,-7.097666,-6.827666,-6.527666,-6.197666,-5.687666,-5.137666,-4.667666
-4.477666,-4.717666,-4.897666,-4.807666,-4.807666,-4.787666,-4.747666,-4.887666,-5.227666,-5.3676662,-5.497666,-5.657666,-5.917666,-6.157666,-6.337666,-6.447666,-6.597666,-6.787666,-7.007666,-7.197666,-7.307666,-7.447666,-7.607666,-7.737666,-7.897666,-8.137666,-8.367666,-8.547666,-8.817666,-9.017666,-9.017666,-9.027666,-9.117666,-8.677666,-8.437666,-9.067666,-9.107666,-9.077666,-8.597666,-8.607666,-8.637666,-8.897666,-8.907666,-8.897666,-8.667666,-8.497666,-8.507666,-8.237666,-7.757666,-7.567666,-7.767666,-7.687666,-7.487666,-7.457666,-7.077666,-6.587666,-6.097666,-5.607666,-5.087666,-4.447666
-4.887666,-4.687666,-4.777666,-4.817666,-4.937666,-5.057666,-5.1176662,-5.067666,-5.197666,-5.387666,-5.577666,-5.747666,-5.797666,-5.847666,-5.977666,-6.157666,-6.327666,-6.527666,-6.727666,-6.917666,-7.057666,-7.197666,-7.387666,-7.647666,-7.8676662,-8.047666,-8.267666,-8.427666,-8.577666,-8.807666,-9.047666,-9.157666,-9.097666,-9.227666,-8.457666,-8.457666,-8.777666,-8.767666,-8.997666,-8.787666,-8.857666,-9.017666,-9.027666,-9.067666,-8.877666,-8.697666,-8.577666,-8.307666,-7.977666,-7.907666,-7.787666,-7.627666,-7.637666,-7.507666,-7.187666,-6.677666,-6.167666,-5.6176662,-4.957666,-4.337666
-5.317666,-5.267666,-4.917666,-4.857666,-5.207666,-5.277666,-5.207666,-5.187666,-5.197666,-5.297666,-5.437666,-5.557666,-5.647666,-5.757666,-5.897666,-6.017666,-6.147666,-6.327666,-6.517666,-6.687666,-6.8676662,-7.077666,-7.307666,-7.527666,-7.707666,-7.847666,-8.087666,-8.437666,-8.437666,-8.787666,-9.007666,-9.117666,-9.237666,-9.257666,-9.167666,-8.727666,-8.787666,-8.837666,-9.177666,-9.147666,-9.027666,-9.177666,-9.337666,-9.157666,-9.007666,-8.957666,-8.757666,-8.417666,-8.367666,-8.377666,-8.097666,-7.737666,-7.787666,-7.537666,-7.297666,-6.777666,-6.267666,-5.6176662,-5.077666,-4.407666
-4.977666,-5.247666,-5.327666,-5.257666,-5.157666,-5.287666,-5.267666,-5.257666,-5.247666,-5.287666,-5.357666,-5.457666,-5.567666,-5.747666,-5.917666,-6.097666,-6.257666,-6.377666,-6.477666,-6.597666,-6.737666,-6.927666,-7.167666,-7.347666,-7.527666,-7.737666,-7.947666,-8.287666,-8.597666,-8.887666,-9.047666,-9.057666,-9.337666,-9.397666,-9.447666,-8.957666,-8.997666,-8.937666,-9.417666,-9.397666,-9.177666,-9.287666,-9.597666,-9.557666,-9.277666,-9.277666,-9.187666,-8.807666,-8.817666,-8.647666,-8.397666,-8.087666,-7.877666,-7.627666,-7.137666,-6.787666,-6.437666,-5.707666,-5.687666,-5.307666
-3.937666,-5.087666,-5.287666,-5.287666,-5.147666,-5.217666,-5.297666,-5.217666,-5.197666,-5.317666,-5.487666,-5.697666,-5.887666,-6.027666,-6.127666,-6.217666,-6.347666,-6.487666,-6.557666,-6.657666,-6.717666,-6.877666,-7.067666,-7.247666,-7.447666,-7.627666,-7.907666,-8.137666,-8.437666,-8.757666,-9.007666,-9.157666,-9.217666,-9.317666,-9.507666,-8.917666,-8.837666,-8.907666,-9.367666,-9.617666,-9.507666,-9.477666,-9.637666,-9.557666,-9.577666,-9.407666,-9.327666,-9.087666,-8.967666,-8.767666,-8.547666,-8.487666,-7.877666,-7.567666,-7.077666,-6.817666,-6.577666,-5.967666,-6.607666,-6.447666
-2.577666,-3.967666,-4.957666,-5.557666,-5.247666,-5.137666,-5.407666,-5.497666,-5.407666,-5.387666,-5.517666,-5.717666,-5.927666,-6.097666,-6.227666,-6.317666,-6.397666,-6.497666,-6.597666,-6.677666,-6.757666,-6.807666,-6.957666,-7.187666,-7.397666,-7.567666,-7.727666,-8.057666,-8.147666,-8.337666,-8.747666,-9.087666,-9.147666,-9.157666,-9.447666,-9.087666,-8.607666,-8.707666,-9.287666,-9.457666,-9.557666,-9.557666,-9.687666,-9.687666,-9.717666,-9.517666,-9.477666,-9.247666,-9.177666,-8.907666,-8.727666,-8.397666,-7.707666,-7.6176662,-7.427666,-6.987666,-6.737666,-6.377666,-6.997666,-7.137666
-3.887666,-3.607666,-3.787666,-4.787666,-5.447666,-5.337666,-5.277666,-5.377666,-5.357666,-5.467666,-5.467666,-5.487666,-5.627666,-5.767666,-5.897666,-6.047666,-6.197666,-6.287666,-6.377666,-6.517666,-6.677666,-6.817666,-6.917666,-7.067666,-7.227666,-7.477666,-7.627666,-7.957666,-7.997666,-8.077666,-8.607666,-8.957666,-9.027666,-9.057666,-9.247666,-9.487666,-8.837666,-8.577666,-9.107666,-9.437666,-9.637666,-9.657666,-9.737666,-9.707666,-9.697666,-9.647666,-9.527666,-9.327666,-9.147666,-8.797666,-8.647666,-8.207666,-7.707666,-7.917666,-7.847666,-7.337666,-6.767666,-6.337666,-6.947666,-7.387666
-4.357666,-4.787666,-4.447666,-3.787666,-4.107666,-4.877666,-5.357666,-5.507666,-5.557666,-5.767666,-5.817666,-5.467666,-5.357666,-5.467666,-5.657666,-5.827666,-5.997666,-6.127666,-6.297666,-6.497666,-6.687666,-6.877666,-7.077666,-7.237666,-7.267666,-7.357666,-7.487666,-7.787666,-8.277666,-8.477666,-8.627666,-8.917666,-9.097666,-9.287666,-9.277666,-9.437666,-9.377666,-8.597666,-9.047666,-9.457666,-9.667666,-9.757666,-9.777666,-9.427666,-9.257666,-9.147666,-8.947666,-8.887666,-8.707666,-8.607666,-8.637666,-8.047666,-7.627666,-7.827666,-7.987666,-7.267666,-6.647666,-6.327666,-6.8676662,-7.317666
-4.187666,-4.327666,-4.677666,-4.747666,-4.177666,-3.507666,-3.667666,-4.997666,-5.927666,-5.817666,-5.737666,-5.887666,-5.887666,-5.817666,-5.8676662,-6.017666,-6.087666,-6.167666,-6.227666,-6.397666,-6.607666,-6.707666,-6.877666,-7.127666,-7.267666,-7.347666,-7.427666,-7.567666,-7.917666,-8.207666,-8.447666,-8.877666,-9.097666,-9.307666,-9.277666,-9.207666,-9.447666,-9.017666,-8.997666,-9.347666,-9.647666,-9.737666,-9.747666,-9.477666,-9.357666,-8.937666,-9.017666,-9.007666,-9.067666,-8.877666,-8.787666,-7.967666,-7.467666,-7.657666,-7.747666,-7.237666,-6.747666,-6.597666,-6.997666,-5.567666
-3.897666,-3.967666,-4.217666,-4.877666,-4.937666,-4.277666,-3.797666,-4.167666,-4.757666,-5.657666,-6.257666,-5.977666,-5.947666,-6.107666,-6.227666,-6.287666,-6.217666,-6.167666,-6.197666,-6.237666,-6.447666,-6.567666,-6.727666,-6.937666,-7.077666,-7.227666,-7.397666,-7.377666,-7.507666,-7.967666,-8.467666,-8.747666,-9.107666,-9.087666,-8.797666,-8.937666,-9.207666,-9.387666,-9.647666,-9.457666,-9.647666,-9.657666,-9.537666,-9.477666,-9.467666,-9.427666,-9.247666,-9.137666,-9.307666,-9.257666,-8.867666,-7.777666,-7.417666,-7.807666,-8.027666,-7.397666,-6.667666,-6.667666,-4.8676662,-1.457666
-4.337666,-4.347666,-4.417666,-4.487666,-5.267666,-4.997666,-4.217666,-4.407666,-4.437666,-4.967666,-6.167666,-6.1176662,-6.157666,-6.107666,-6.077666,-6.177666,-6.247666,-6.467666,-6.487666,-6.417666,-6.497666,-6.647666,-6.637666,-6.797666,-6.967666,-7.047666,-7.267666,-7.467666,-7.637666,-7.907666,-8.357666,-8.527666,-8.877666,-9.107666,-8.857666,-8.767666,-8.947666,-9.167666,-9.647666,-9.607666,-9.647666,-9.397666,-9.257666,-9.387666,-9.507666,-9.537666,-9.557666,-9.607666,-9.667666,-9.167666,-8.677666,-7.917666,-7.837666,-8.257666,-8.277666,-7.287666,-6.607666,-6.307666,-2.767666,0.37233397
-4.257666,-4.147666,-4.547666,-4.497666,-4.507666,-5.267666,-4.917666,-4.347666,-4.3676662,-4.577666,-5.097666,-5.647666,-5.977666,-6.327666,-6.217666,-6.147666,-6.037666,-6.307666,-6.627666,-6.727666,-6.507666,-6.447666,-6.467666,-6.537666,-6.717666,-6.977666,-7.177666,-7.407666,-7.737666,-7.987666,-8.247666,-8.297666,-8.627666,-8.837666,-8.747666,-8.807666,-8.857666,-8.867666,-9.337666,-9.317666,-8.867666,-9.107666,-9.147666,-9.157666,-9.397666,-9.467666,-9.617666,-9.817666,-9.697666,-9.497666,-8.707666,-8.177666,-8.197666,-8.357666,-7.907666,-7.1176662,-6.917666,-5.257666,-0.637666,0.682334
-3.817666,-4.057666,-4.1176662,-4.687666,-4.657666,-4.647666,-5.187666,-4.987666,-4.417666,-4.227666,-4.577666,-5.017666,-5.007666,-5.557666,-6.047666,-6.457666,-6.297666,-6.007666,-6.527666,-6.767666,-6.697666,-6.527666,-6.297666,-6.3676662,-6.577666,-6.907666,-7.087666,-7.347666,-7.667666,-7.937666,-8.117666,-8.157666,-8.487666,-8.617666,-8.567666,-8.677666,-8.787666,-8.477666,-8.607666,-8.737666,-8.557666,-8.997666,-9.067666,-9.117666,-9.207666,-9.257666,-9.477666,-9.617666,-9.677666,-9.577666,-9.077666,-8.457666,-8.467666,-8.177666,-7.277666,-7.357666,-6.037666,-2.157666,0.23233399,0.34233397
-2.977666,-3.257666,-3.627666,-3.817666,-4.327666,-4.567666,-4.687666,-5.057666,-4.947666,-4.427666,-4.397666,-4.777666,-4.757666,-4.317666,-4.637666,-4.967666,-5.347666,-5.587666,-6.297666,-6.577666,-6.717666,-6.637666,-6.437666,-6.317666,-6.447666,-6.6176662,-6.897666,-7.177666,-7.517666,-7.637666,-7.8676662,-8.067666,-8.437666,-8.417666,-8.407666,-8.597666,-8.807666,-8.297666,-8.387666,-8.497666,-8.597666,-9.087666,-9.107666,-9.137666,-8.907666,-8.777666,-9.077666,-9.307666,-9.617666,-9.517666,-9.327666,-8.767666,-8.637666,-8.347666,-7.767666,-5.067666,-2.307666,-1.5576661,-0.16766602,0.252334
-2.367666,-2.647666,-2.917666,-3.377666,-3.587666,-3.857666,-4.097666,-4.237666,-4.577666,-4.697666,-4.547666,-4.667666,-4.987666,-4.887666,-4.407666,-3.9876661,-4.327666,-5.097666,-5.847666,-6.467666,-6.547666,-6.637666,-6.487666,-6.467666,-6.477666,-6.417666,-6.547666,-6.757666,-7.097666,-7.437666,-7.807666,-8.087666,-8.457666,-8.327666,-8.307666,-8.677666,-8.707666,-8.357666,-8.427666,-8.547666,-9.047666,-9.247666,-9.077666,-9.187666,-9.027666,-8.717666,-8.777666,-8.877666,-9.247666,-9.237666,-9.057666,-8.847666,-9.067666,-9.107666,-5.3676662,-1.467666,-1.417666,-1.507666,-0.31766602,-0.52766603
-2.157666,-2.467666,-2.667666,-2.927666,-3.267666,-3.567666,-3.787666,-4.067666,-4.327666,-4.527666,-4.547666,-4.587666,-4.847666,-5.007666,-4.597666,-4.057666,-3.837666,-4.447666,-5.6176662,-6.007666,-6.207666,-6.227666,-6.587666,-6.447666,-6.427666,-6.407666,-6.417666,-6.547666,-6.707666,-7.307666,-7.707666,-7.837666,-8.027666,-8.167666,-8.297666,-8.827666,-8.717666,-8.467666,-8.367666,-9.197666,-9.487666,-9.217666,-9.087666,-9.107666,-8.807666,-8.627666,-8.847666,-8.947666,-8.917666,-8.727666,-8.707666,-8.337666,-9.677666,-6.757666,-1.407666,-1.317666,-1.787666,-1.407666,-0.737666,-1.777666
-1.737666,-2.117666,-2.447666,-2.617666,-2.857666,-3.057666,-3.317666,-3.637666,-4.047666,-4.477666,-4.607666,-4.717666,-4.6176662,-4.997666,-5.167666,-4.1176662,-3.547666,-4.197666,-5.127666,-5.557666,-6.127666,-6.137666,-6.127666,-6.037666,-6.087666,-6.157666,-6.277666,-6.477666,-6.797666,-7.007666,-7.547666,-7.937666,-8.047666,-8.007666,-8.227666,-8.677666,-8.697666,-8.417666,-8.587666,-8.897666,-9.097666,-9.117666,-9.057666,-8.907666,-8.697666,-8.767666,-9.157666,-9.197666,-8.957666,-8.667666,-8.577666,-8.407666,-8.997666,-2.2376661,-0.83766603,-1.657666,-2.217666,-0.857666,-0.95766604,-1.607666
