UV_10m_small_gfs.t12z.pgrb2.0p25.f024.json
{"header": { "discipline":0, "disciplineName":"Meteorological products", "gribEdition":2, "gribLength":17311, "center":7, "centerName":"US National Weather Service - NCEP(WMC)", "subcenter":0, "refTime":"2023-03-21T12:00:00.000Z", "significanceOfRT":1, "significanceOfRTName":"Start of forecast", "productStatus":0, "productStatusName":"Operational products", "productType":1, "productTypeName":"Forecast products", "productDefinitionTemplate":0, "productDefinitionTemplateName":"Analysis/forecast at horizontal level/layer at a point in time", "parameterCategory":2, "parameterCategoryName":"Momentum", "parameterNumber":3, "parameterNumberName":"V-component_of_wind", "parameterUnit":"m.s-1", "genProcessType":2, "genProcessTypeName":"Forecast", "forecastTime":24, "surface1Type":103, "surface1TypeName":"Specified height level above ground", "surface1Value":10.0, "surface2Type":255, "surface2TypeName":"Missing", "surface2Value":0.0, "gridDefinitionTemplate":0, "gridDefinitionTemplateName":"Latitude_Longitude", "numberPoints":11421, "shape":6, "shapeName":"Earth spherical with radius of 6,371,229.0 m", "gridUnits":"degrees", "resolution":48, "winds":"true", "scanMode":64, "nx":141, "ny":81, "basicAngle":0, "lo1":210.0, "la1":30.0, "lo2":245.0, "la2":50.0, "dx":0.25, "dy":0.25 }, "data":
[rows 26 to 51 of 81, columns 57 to 113 of 141]
-8.354293,-8.654293,-9.014294,-9.344294,-9.604293,-9.844294,-10.014294,-10.224293,-10.494293,-10.884294,-11.264294,-11.634294,-12.074293,-12.474293,-12.4642935,-12.094294,-11.984293,-11.914293,-11.814293,-11.904293,-12.124293,-12.154293,-12.324293,-12.764294,-12.954293,-12.264294,-12.1742935,-11.784293,-11.634294,-11.9242935,-12.164293,-12.404293,-12.514294,-12.664293,-12.824293,-13.044293,-13.164293,-13.444293,-13.704293,-13.574293,-13.514294,-13.4642935,-13.484293,-12.9242935,-12.554294,-11.944293,-9.764294,-7.974293,-6.5842934,-4.744293,-3.9442933,-1.9042932,3.1757069,5.8757067,7.1857066,8.275707,1.5057068
-8.264294,-8.564293,-8.864293,-9.164293,-9.454293,-9.744293,-10.004293,-10.254293,-10.444293,-10.744293,-11.164293,-11.434293,-11.884294,-12.364293,-12.654293,-12.574293,-11.954293,-12.144293,-12.354293,-12.544293,-12.694293,-12.954293,-13.094294,-13.114293,-13.084293,-12.614293,-12.694293,-12.304294,-12.144293,-12.304294,-12.544293,-12.664293,-12.744293,-12.804294,-12.9642935,-13.204293,-13.4642935,-13.784293,-13.814293,-13.624293,-13.774293,-13.944293,-14.144293,-12.084293,-11.164293,-11.774293,-11.154293,-9.184293,-5.034293,-2.864293,-0.7742932,-2.4542933,1.8957068,7.345707,7.7057066,9.195706,1.8157067
-8.194293,-8.444293,-8.694293,-8.954293,-9.274293,-9.584293,-9.874293,-10.194293,-10.474293,-10.804294,-11.094294,-11.324293,-11.504293,-11.9242935,-12.334293,-12.6742935,-12.644293,-13.104293,-13.364293,-13.094294,-12.884294,-12.9242935,-13.4242935,-13.444293,-13.334293,-12.814293,-12.744293,-12.354293,-12.394293,-12.684293,-12.844294,-13.064293,-13.094294,-13.054294,-13.144293,-13.344294,-13.624293,-13.934293,-13.884294,-13.664293,-13.814293,-14.054294,-14.274293,-13.744293,-12.534293,-13.744293,-14.254293,-12.544293,-6.114293,0.03570679,2.1957068,-0.7442932,1.5057068,8.365706,5.715707,5.235707,1.6157068
-8.064293,-8.354293,-8.594294,-8.834293,-9.104293,-9.4242935,-9.724293,-10.154293,-10.544293,-10.864293,-11.104293,-11.354293,-11.504293,-11.704293,-12.094294,-12.514294,-12.654293,-12.854293,-13.264294,-13.494293,-13.494293,-13.534293,-13.644293,-13.534293,-13.294293,-12.894293,-12.824293,-12.574293,-12.584293,-12.854293,-13.064293,-13.304294,-13.314293,-13.234293,-13.294293,-13.434293,-13.654293,-13.794293,-13.864293,-13.854293,-13.834293,-13.844294,-14.014294,-13.014294,-12.704293,-15.084293,-16.554293,-14.514294,-7.324293,1.7457068,2.5257068,0.03570679,1.1457068,7.6057067,1.6457068,2.1857069,2.6257067
-7.9142933,-8.184293,-8.414293,-8.664293,-8.994293,-9.294293,-9.614293,-10.034293,-10.404293,-10.694293,-10.984293,-11.364293,-11.694293,-11.914293,-12.1742935,-12.514294,-12.934293,-12.634294,-12.534293,-13.184293,-13.534293,-13.604293,-13.684293,-13.804294,-13.484293,-13.044293,-13.164293,-12.9642935,-12.854293,-13.004293,-13.1742935,-13.374293,-13.444293,-13.384294,-13.384294,-13.454293,-13.664293,-13.754293,-13.874293,-13.984293,-13.864293,-13.614293,-13.564293,-11.614293,-12.044293,-14.364293,-15.204293,-12.334293,-5.594293,-0.9442932,-0.8642932,0.39570677,1.8057067,2.3057067,2.155707,1.7057068,2.2757068
-7.8142934,-8.034293,-8.314293,-8.564293,-8.854293,-9.204293,-9.534293,-9.884294,-10.164293,-10.524293,-10.864293,-11.194293,-11.474293,-11.7142935,-12.014294,-12.334293,-12.664293,-12.894293,-12.604293,-12.754293,-13.194293,-13.244293,-13.314293,-13.844294,-13.9242935,-13.334293,-13.494293,-13.594294,-13.374293,-13.204293,-13.2142935,-13.4642935,-13.544293,-13.504293,-13.474293,-13.474293,-13.7142935,-13.7142935,-13.724293,-13.764294,-13.594294,-13.204293,-13.064293,-9.944293,-10.484293,-12.384294,-13.644293,-10.284293,-6.8342934,-4.2042933,-2.3742933,-1.0042932,2.405707,2.9857068,2.3657067,0.45570678,0.06570679
-7.7042933,-7.964293,-8.264294,-8.584293,-8.804294,-9.084293,-9.434293,-9.794293,-10.144293,-10.544293,-10.904293,-11.204293,-11.434293,-11.564293,-11.824293,-12.2142935,-12.684293,-12.954293,-12.824293,-12.504293,-12.754293,-12.894293,-13.244293,-13.694293,-14.164293,-13.724293,-13.834293,-14.054294,-13.644293,-13.314293,-13.2142935,-13.364293,-13.484293,-13.504293,-13.504293,-13.524293,-13.634294,-13.684293,-13.564293,-13.394293,-13.1742935,-12.814293,-12.044293,-8.344294,-7.7542934,-9.354293,-11.104293,-10.644293,-6.904293,-5.734293,-4.6842933,-3.4442933,-1.7042933,0.4757068,-0.6142932,0.025706787,3.5457067
-7.5642934,-7.904293,-8.204293,-8.474293,-8.764294,-9.024293,-9.334293,-9.6742935,-10.084293,-10.484293,-10.864293,-11.164293,-11.454293,-11.724293,-11.884294,-12.114293,-12.404293,-12.724293,-12.864293,-12.884294,-12.9242935,-13.064293,-12.974293,-13.454293,-13.9242935,-14.004293,-14.104293,-14.004293,-13.6742935,-13.154293,-13.114293,-13.354293,-13.514294,-13.564293,-13.624293,-13.574293,-13.504293,-13.484293,-13.344294,-13.074293,-12.774293,-12.704293,-11.684293,-8.204293,-4.764293,-5.4342933,-7.614293,-8.114293,-6.844293,-6.1042933,-5.1642933,-3.1542933,-1.6942933,-0.8942932,0.4957068,2.6957068,4.385707
-7.4542933,-7.7942934,-8.094294,-8.4242935,-8.654293,-8.914293,-9.204293,-9.574293,-9.954293,-10.334293,-10.6742935,-10.974293,-11.274293,-11.604293,-11.884294,-12.094294,-12.394293,-12.734293,-13.064293,-13.154293,-13.144293,-13.024293,-13.074293,-13.224293,-13.604293,-13.724293,-13.594294,-13.324293,-12.9242935,-12.934293,-13.154293,-13.354293,-13.474293,-13.564293,-13.684293,-13.604293,-13.304294,-13.434293,-13.324293,-12.704293,-12.264294,-12.314293,-11.364293,-10.504293,-5.694293,-3.1742933,-3.6742933,-5.224293,-5.7042933,-5.2742934,-2.7842932,-2.2042933,-1.6842933,-0.8642932,-0.29429322,1.9357067,3.8657067
-7.3342934,-7.694293,-7.994293,-8.294293,-8.594294,-8.814293,-9.074293,-9.384294,-9.744293,-10.134294,-10.514294,-10.834293,-11.124293,-11.444293,-11.804294,-12.054294,-12.444293,-12.884294,-13.224293,-13.594294,-13.264294,-12.894293,-12.894293,-13.124293,-13.054294,-12.704293,-12.504293,-12.314293,-12.534293,-12.864293,-13.2142935,-13.434293,-13.494293,-13.534293,-13.544293,-13.564293,-13.344294,-13.594294,-13.224293,-12.494293,-11.954293,-12.044293,-11.344294,-10.2142935,-8.394293,-2.7142932,-1.5742933,-2.7342932,-3.2942932,-3.3842933,-2.4942932,-1.7642932,-1.7542932,-1.1142932,-0.7542932,1.0157068,1.3457068
-7.014293,-7.3142934,-7.674293,-8.104293,-8.504293,-8.824293,-9.074293,-9.304294,-9.524293,-9.854293,-10.304294,-10.6742935,-10.994293,-11.264294,-11.604293,-11.994293,-12.364293,-12.784293,-13.374293,-13.314293,-13.044293,-12.814293,-12.574293,-12.4642935,-12.184293,-12.114293,-12.194293,-12.044293,-12.324293,-12.634294,-13.004293,-13.2142935,-13.394293,-13.394293,-13.354293,-13.494293,-13.384294,-13.334293,-13.1742935,-12.484293,-11.784293,-11.844294,-11.694293,-10.444293,-9.274293,-5.264293,-1.0642933,-1.0442932,-1.4842932,-1.5242932,-1.1342932,-1.6242932,-1.9442933,-1.9842932,-1.6842933,-1.7342932,-2.1642933
-7.014293,-7.404293,-7.5842934,-7.694293,-7.984293,-8.394293,-8.774293,-9.044293,-9.314293,-9.614293,-10.034293,-10.4642935,-10.814293,-11.054294,-11.394293,-11.784293,-12.184293,-12.654293,-13.224293,-12.954293,-12.844294,-12.654293,-12.204293,-12.024293,-11.994293,-12.1742935,-12.284293,-12.164293,-12.314293,-12.474293,-12.754293,-12.984293,-13.284293,-13.324293,-13.274293,-13.304294,-13.2142935,-13.194293,-13.1742935,-12.474293,-11.644293,-11.524293,-11.784293,-10.614293,-9.284293,-7.134293,-0.8242932,1.1357068,0.045706786,-0.21429321,-0.5542932,-0.6242932,-1.2942932,-2.7842932,-3.7242932,-2.7642932,-2.0542932
-6.7042933,-7.2042933,-7.6042933,-7.994293,-8.244293,-8.264294,-8.244293,-8.524293,-8.9642935,-9.394293,-9.824293,-10.304294,-10.694293,-10.9242935,-11.204293,-11.534293,-11.944293,-12.434293,-13.024293,-12.704293,-12.634294,-12.154293,-11.864293,-11.934293,-11.984293,-12.064293,-12.144293,-12.204293,-12.414293,-12.4642935,-12.604293,-12.834293,-13.084293,-13.224293,-13.114293,-13.044293,-12.884294,-13.034293,-13.194293,-12.324293,-11.634294,-11.124293,-11.394293,-10.4642935,-9.014294,-7.534293,-2.7542932,1.1657068,-0.094293214,-1.3942932,-0.9442932,-0.9842932,-0.8542932,-1.3742932,-2.6542933,-2.344293,-2.114293
-6.444293,-6.9142933,-7.2542934,-7.534293,-7.8942933,-8.324293,-8.734293,-9.044293,-9.164293,-9.184293,-9.514294,-9.974293,-10.4242935,-10.754293,-11.014294,-11.364293,-11.754293,-12.004293,-12.744293,-12.444293,-12.454293,-11.874293,-11.734293,-11.914293,-12.024293,-11.944293,-11.884294,-12.024293,-12.294293,-12.374293,-12.534293,-12.734293,-12.914293,-13.014294,-13.014294,-12.934293,-12.814293,-12.624293,-13.354293,-12.444293,-11.484293,-10.904293,-10.584293,-10.194293,-8.554294,-7.284293,-3.9142933,-1.2342932,-1.0242932,-0.7542932,-1.0242932,-1.1242932,-0.7042932,-0.034293212,-1.2042933,-1.2442932,-1.6542932
-6.154293,-6.5842934,-6.824293,-7.1242933,-7.514293,-7.9142933,-8.274293,-8.654293,-9.094294,-9.494293,-9.744293,-9.884294,-10.064293,-10.4642935,-10.854293,-11.234293,-11.644293,-11.994293,-12.154293,-12.084293,-12.264294,-11.874293,-11.664293,-11.724293,-11.954293,-12.014294,-11.864293,-11.974293,-12.124293,-12.324293,-12.484293,-12.604293,-12.7142935,-12.844294,-12.914293,-12.784293,-12.724293,-12.484293,-12.654293,-12.894293,-11.834293,-10.664293,-10.114293,-9.664293,-8.544293,-7.4142933,-2.8842933,-2.3942933,-0.034293212,-0.2542932,-0.48429322,-1.0242932,-0.33429322,0.085706785,-0.4742932,-0.30429322,-0.8642932
-5.8542933,-6.194293,-6.464293,-6.8542933,-7.264293,-7.694293,-8.064293,-8.364293,-8.584293,-8.864293,-9.204293,-9.664293,-10.154293,-10.514294,-10.834293,-11.104293,-11.434293,-11.864293,-11.874293,-11.824293,-12.134294,-11.824293,-11.654293,-11.704293,-11.844294,-12.064293,-12.004293,-12.014294,-12.044293,-12.194293,-12.274293,-12.404293,-12.534293,-12.614293,-12.784293,-12.784293,-12.594294,-12.494293,-12.474293,-12.704293,-12.124293,-11.474293,-10.194293,-9.784293,-8.504293,-7.0042934,-2.2542932,-0.024293212,0.59570676,-0.9442932,-0.5642932,0.3157068,-0.5642932,0.13570678,-1.3042932,-0.05429321,-0.034293212
-5.654293,-5.964293,-6.214293,-6.5642934,-6.984293,-7.404293,-7.8542933,-8.224293,-8.514294,-8.754293,-9.054294,-9.4242935,-9.844294,-10.234293,-10.634294,-11.004293,-11.254293,-11.414293,-11.584293,-11.614293,-12.014294,-12.134294,-11.754293,-11.684293,-11.694293,-11.894293,-11.954293,-11.9642935,-11.984293,-12.084293,-12.084293,-12.224293,-12.414293,-12.434293,-12.534293,-12.774293,-12.804294,-12.554294,-12.364293,-12.694293,-12.094294,-11.534293,-10.724293,-9.484293,-8.334293,-6.3342934,-0.4342932,0.26570678,-0.33429322,0.32570678,0.96570677,1.1757067,1.1957068,1.2157068,-0.17429322,0.4957068,0.29570678
-5.5642934,-5.804293,-6.014293,-6.3142934,-6.744293,-7.1642933,-7.594293,-7.9342933,-8.244293,-8.594294,-8.954293,-9.294293,-9.6742935,-10.024293,-10.274293,-10.654293,-10.914293,-11.254293,-11.634294,-11.654293,-12.014294,-12.254293,-12.074293,-11.694293,-11.704293,-11.974293,-11.904293,-11.824293,-11.9642935,-12.024293,-11.934293,-11.9642935,-12.224293,-12.374293,-12.364293,-12.444293,-12.684293,-12.694293,-12.504293,-13.054294,-12.514294,-11.934293,-11.154293,-9.544293,-7.634293,-6.114293,-0.17429322,0.53570676,0.3457068,0.90570676,0.3757068,-0.8942932,0.1857068,-0.2742932,-0.9242932,0.6757068,0.71570677
-5.284293,-5.6642933,-5.884293,-6.194293,-6.554293,-6.944293,-7.3942933,-7.7942934,-8.124293,-8.434293,-8.754293,-9.064293,-9.384294,-9.754293,-10.044293,-10.494293,-10.814293,-11.124293,-11.534293,-11.784293,-12.074293,-12.324293,-12.334293,-12.074293,-11.934293,-12.134294,-11.974293,-11.834293,-11.894293,-11.9642935,-11.844294,-11.734293,-12.024293,-12.224293,-12.314293,-12.294293,-12.364293,-12.494293,-12.544293,-12.814293,-13.044293,-12.654293,-11.884294,-10.624293,-8.454293,-6.1642933,1.2757068,0.5657068,0.7257068,0.42570677,0.8157068,0.2557068,-0.8542932,-1.4842932,-1.6342932,-0.7442932,0.45570678
-4.944293,-5.3942933,-5.734293,-6.0442934,-6.3542933,-6.764293,-7.194293,-7.6042933,-7.964293,-8.264294,-8.594294,-8.904293,-9.194293,-9.564293,-9.934293,-10.4642935,-10.914293,-11.124293,-11.384294,-11.594294,-11.834293,-11.984293,-12.054294,-11.994293,-11.934293,-12.134294,-11.944293,-11.904293,-11.864293,-11.884294,-11.814293,-11.574293,-11.744293,-12.024293,-12.134294,-12.234293,-12.274293,-12.324293,-12.514294,-12.654293,-13.244293,-13.084293,-12.554294,-11.514294,-10.054294,-4.984293,4.7957067,0.9257068,-0.4742932,0.7257068,0.3657068,1.5657067,1.7557068,0.9257068,-1.1842933,-1.2942932,-0.35429323
-4.6042933,-5.0642934,-5.554293,-5.924293,-6.194293,-6.554293,-6.974293,-7.3942933,-7.784293,-8.124293,-8.404293,-8.7142935,-9.024293,-9.374293,-9.764294,-10.144293,-10.604293,-10.904293,-11.224293,-11.454293,-11.574293,-11.664293,-11.794293,-11.894293,-11.9242935,-11.944293,-11.7142935,-11.794293,-11.754293,-11.614293,-11.394293,-11.294293,-11.484293,-11.684293,-11.9642935,-12.1742935,-12.354293,-12.374293,-12.344294,-12.684293,-13.4642935,-12.9242935,-12.604293,-12.034293,-10.684293,-2.6742933,4.275707,0.45570678,-0.7342932,-0.84429324,0.41570678,1.0757068,1.8757068,1.8957068,1.3557068,0.8057068,-0.14429322
-4.444293,-4.864293,-5.344293,-5.744293,-6.054293,-6.404293,-6.804293,-7.214293,-7.614293,-7.984293,-8.314293,-8.604293,-8.914293,-9.284293,-9.6742935,-10.004293,-10.434293,-10.894293,-11.114293,-11.184293,-11.154293,-11.444293,-11.704293,-11.704293,-11.744293,-11.684293,-11.584293,-11.454293,-11.804294,-11.554294,-11.2142935,-11.134294,-11.374293,-11.514294,-11.724293,-11.904293,-12.144293,-12.324293,-12.294293,-12.544293,-13.064293,-12.314293,-11.804294,-11.884294,-10.084293,-1.6142932,1.6157068,0.025706787,0.8357068,-0.8342932,1.0957068,0.6157068,0.07570679,-0.8842932,0.6957068,1.0757068,1.6657068
-4.2542934,-4.7542934,-5.234293,-5.6042933,-5.8742933,-6.1642933,-6.554293,-7.0042934,-7.4542933,-7.8342934,-8.154293,-8.444293,-8.774293,-9.114293,-9.454293,-9.814293,-10.184293,-10.654293,-11.064293,-11.324293,-11.194293,-10.844294,-10.944293,-11.364293,-11.654293,-11.454293,-11.264294,-11.2142935,-11.534293,-11.364293,-11.004293,-11.034293,-11.244293,-11.334293,-11.584293,-11.824293,-12.024293,-12.144293,-12.104293,-12.1742935,-12.334293,-12.284293,-11.694293,-11.2142935,-9.554294,-1.5342932,0.26570678,-0.4342932,0.7557068,1.6357068,0.6057068,1.3957068,0.015706787,-1.5642933,0.32570678,-0.14429322,-0.8642932
-3.7342932,-4.3142934,-4.864293,-5.3142934,-5.634293,-5.9342933,-6.2942934,-6.744293,-7.214293,-7.6042933,-7.924293,-8.264294,-8.584293,-8.934293,-9.334293,-9.724293,-10.044293,-10.4642935,-11.084293,-11.314293,-11.284293,-11.164293,-11.054294,-11.454293,-11.584293,-11.314293,-11.034293,-10.994293,-11.084293,-10.9642935,-10.854293,-10.954293,-11.244293,-11.314293,-11.404293,-11.624293,-12.004293,-12.084293,-11.894293,-12.014294,-12.2142935,-12.264294,-11.944293,-10.724293,-8.034293,-1.0142932,-0.13429321,0.45570678,0.45570678,1.1857067,1.5557067,1.3557068,2.7957067,1.4957068,-1.2342932,-1.7542932,-1.7742932
-3.0442932,-3.7442932,-4.3942933,-4.9342933,-5.3742933,-5.694293,-6.014293,-6.404293,-6.864293,-7.304293,-7.714293,-8.074293,-8.434293,-8.764294,-9.104293,-9.514294,-9.974293,-10.374293,-10.874293,-10.994293,-10.9642935,-11.314293,-11.204293,-11.4642935,-11.634294,-11.304294,-10.954293,-10.794293,-10.754293,-10.574293,-10.534293,-10.764294,-11.204293,-11.344294,-11.414293,-11.544293,-11.934293,-12.144293,-11.994293,-11.894293,-11.874293,-11.824293,-11.754293,-11.044293,-8.484293,-1.0742933,0.8257068,0.65570676,0.7457068,0.44570678,0.13570678,-0.5442932,-0.13429321,0.7357068,0.1857068,-0.7642932,-0.96429324
-2.1642933,-2.9942932,-3.7742932,-4.444293,-4.9542933,-5.3542933,-5.6842933,-6.054293,-6.5442934,-7.0642934,-7.5242934,-7.8942933,-8.274293,-8.604293,-8.934293,-9.294293,-9.704293,-10.204293,-10.624293,-10.684293,-10.894293,-11.324293,-11.264294,-11.314293,-11.394293,-11.324293,-11.6742935,-11.254293,-10.614293,-10.204293,-10.414293,-10.864293,-11.194293,-11.244293,-11.404293,-11.594294,-11.9642935,-12.2142935,-12.104293,-11.944293,-11.914293,-11.844294,-11.624293,-10.894293,-8.684293,-1.8042932,0.5857068,0.9757068,1.0457067,1.1757067,1.1057068,0.7557068,-0.2042932,-0.4642932,0.03570679,-1.8242933,-1.2642932
