UV_10m_small_gfs.t12z.pgrb2.0p25.f045.json
{"header": { "discipline":0, "disciplineName":"Meteorological products", "gribEdition":2, "gribLength":17311, "center":7, "centerName":"US National Weather Service - NCEP(WMC)", "subcenter":0, "refTime":"2023-03-21T12:00:00.000Z", "significanceOfRT":1, "significanceOfRTName":"Start of forecast", "productStatus":0, "productStatusName":"Operational products", "productType":1, "productTypeName":"Forecast products", "productDefinitionTemplate":0, "productDefinitionTemplateName":"Analysis/forecast at horizontal level/layer at a point in time", "parameterCategory":2, "parameterCategoryName":"Momentum", "parameterNumber":3, "parameterNumberName":"V-component_of_wind", "parameterUnit":"m.s-1", "genProcessType":2, "genProcessTypeName":"Forecast", "forecastTime":45, "surface1Type":103, "surface1TypeName":"Specified height level above ground", "surface1Value":10.0, "surface2Type":255, "surface2TypeName":"Missing", "surface2Value":0.0, "gridDefinitionTemplate":0, "gridDefinitionTemplateName":"Latitude_Longitude", "numberPoints":11421, "shape":6, "shapeName":"Earth spherical with radius of 6,371,229.0 m", "gridUnits":"degrees", "resolution":48, "winds":"true", "scanMode":64, "nx":141, "ny":81, "basicAngle":0, "lo1":210.0, "la1":30.0, "lo2":245.0, "la2":50.0, "dx":0.25, "dy":0.25 }, "data":
[rows 0 to 25 of 81, columns 0 to 57 of 141]
5.8326416,5.8926415,5.3126416,4.7526417,4.5326414,3.8626416,3.0726416,2.7126417,2.7026415,2.5926416,2.6826415,2.5926416,2.3626416,2.3226416,1.9826416,1.6726416,1.4226416,1.0626416,0.7326416,0.5426416,0.4626416,0.5026416,0.2826416,-0.077358395,-0.6473584,-0.2273584,0.23264161,0.012641601,0.5726416,0.8526416,0.2526416,0.4326416,0.1426416,-1.5973583,-2.7373583,-1.7773584,-0.7073584,-0.2673584,-0.0873584,-0.6773584,-0.7773584,-0.6273584,-0.5873584,-1.1373584,-1.4073584,-1.6973584,-1.9273584,-1.8773584,-2.0073583,-2.2173584,-2.7673583,-3.0473585,-3.2073584,-3.2073584,-3.3373585,-3.4873583,-3.5973585,-3.6373584
6.1026416,5.4726415,4.8126416,4.2626414,3.6326416,3.2326417,3.2426417,3.1326416,2.6526415,2.4626417,2.6126416,2.6726415,2.5826416,2.2526417,1.9326416,1.5726416,1.2826416,1.4026417,1.1026416,0.7626416,0.8326416,0.6026416,0.3526416,0.2026416,0.3726416,-0.1373584,-0.047358397,-0.1473584,-0.3673584,-0.1473584,0.6326416,0.5926416,-0.1973584,-1.0073584,-1.8773584,-2.5773585,-1.3773584,-1.1073585,-0.4373584,-0.4673584,-0.9873584,-1.3373584,-1.4473584,-1.6673584,-1.7873584,-1.8273584,-2.0973585,-2.5273583,-2.7973585,-2.9473584,-3.0373583,-3.1573584,-3.3173585,-3.3073585,-3.3773584,-3.6273584,-3.6373584,-3.5773585
5.4126415,4.882642,4.342642,4.0026417,3.9626417,3.8826416,3.7926416,3.4126415,3.2426417,3.0926416,2.9326415,2.7126417,2.5626416,2.4026415,2.0326416,1.2126416,0.9926416,1.3226416,1.4226416,0.8526416,0.3526416,0.5826416,0.5426416,0.1726416,0.0726416,0.5226416,-0.0573584,-0.3873584,0.042641602,-0.3373584,-0.5173584,0.1426416,0.1826416,-0.4173584,-0.9373584,-1.5773584,-1.4973584,-0.9673584,-1.2273583,-0.5873584,-0.6273584,-1.0073584,-1.1873584,-1.4773583,-1.7073584,-1.9973584,-2.2673583,-2.6573584,-2.6873584,-2.7473583,-3.0273583,-3.0373583,-3.2073584,-3.2973585,-3.2273583,-3.6873584,-3.8773584,-3.7973585
4.902642,4.382642,4.132642,4.0526414,3.7026415,3.4326415,3.0926416,2.9826417,3.0926416,2.9926417,2.8526416,2.7926416,2.4626417,2.1826415,1.8426416,1.4526416,1.5026416,1.5226417,0.9326416,0.2426416,-0.2873584,-0.3373584,0.2726416,0.4126416,0.022641601,0.0326416,0.1426416,-0.1973584,-0.5973584,-0.2573584,0.1326416,-0.6273584,0.0926416,-0.12735839,-1.4173584,-2.2973585,-1.8373584,0.4626416,-0.1473584,-0.1573584,-0.8273584,-1.0773584,-1.4173584,-1.9073584,-1.8273584,-1.9373584,-2.1873584,-2.7573583,-3.2173584,-3.0173583,-3.3373585,-3.4973583,-3.3373585,-3.5873585,-3.5173583,-3.3873584,-3.6073585,-3.8373585
4.8526416,4.7426414,4.7326417,4.652642,4.402642,3.8026416,3.4626417,3.3026416,2.9426415,2.8526416,2.6026416,2.4326415,2.3526416,2.3326416,2.2026415,1.8426416,1.5126415,1.2726417,1.1526417,0.7326416,0.2526416,0.0326416,0.0826416,0.1326416,-0.017358398,-0.0673584,0.0326416,-0.2873584,-0.2973584,-0.3773584,-0.4773584,-0.2673584,-0.047358397,-0.30735838,-2.2373583,-2.8173585,-2.5473585,-0.4073584,-0.8673584,-0.4973584,-1.2173584,-1.1873584,-1.9073584,-2.5073583,-2.6573584,-2.5973585,-2.5573585,-2.8573585,-3.5973585,-3.4473584,-3.3573585,-3.5473585,-3.3673584,-3.3973584,-3.4873583,-3.6073585,-3.5473585,-3.6273584
5.0726414,4.7926416,4.5026417,4.7026415,4.382642,4.2326417,4.1926417,3.8426416,3.4126415,3.1026416,3.1626415,3.0226417,2.8626416,2.6526415,2.2626417,1.9626416,1.6526417,1.3226416,1.3126416,1.3826416,1.0126415,0.6226416,0.2626416,0.0526416,-0.017358398,-0.0673584,-0.047358397,-0.12735839,-0.3673584,-0.1773584,-0.2473584,-0.2473584,-0.0573584,-1.1873584,-2.4573584,-3.3173585,-1.7773584,-1.3873584,-2.2373583,-1.7873584,-1.7273583,-1.9573584,-2.1973584,-2.3273585,-2.4573584,-2.6273584,-2.8773584,-2.9973583,-3.3973584,-3.8373585,-3.5073583,-3.4773583,-3.6173584,-3.6473584,-3.3873584,-3.2873583,-3.5473585,-3.6173584
4.9326415,4.2426414,3.6926415,4.0826416,4.9126415,5.1826415,5.0126414,4.592642,4.1026416,3.5026417,3.3526416,3.1226416,2.9926417,2.7526417,2.6426415,2.1326416,1.6026416,1.4826416,1.3526416,1.3626416,1.5526416,1.1726416,0.6826416,0.4926416,0.3026416,-0.0873584,-0.2273584,0.102641605,-0.107358396,-0.5573584,-0.8473584,-0.3573584,-0.3873584,-1.0473584,-1.6773584,-2.5373583,-1.8873584,-1.3473583,-1.4873585,-1.8473583,-2.1673584,-2.2673583,-2.6473584,-2.5273583,-2.7873583,-3.1873584,-3.4473584,-3.4673584,-3.5173583,-3.8173585,-3.7173584,-3.3573585,-3.3873584,-3.6873584,-3.8273585,-3.6873584,-3.2673583,-3.3673584
5.382642,4.862642,4.2626414,3.5926416,3.5726416,4.4126415,4.9126415,4.2526417,3.6926415,3.4126415,3.4026415,3.2626417,3.2726417,2.6726415,2.4326415,2.1126416,1.6726416,1.5726416,1.2726417,0.9726416,1.2426416,1.4526416,1.2426416,1.0926416,0.7726416,0.2926416,-0.1973584,-0.2973584,-0.1773584,-0.3573584,-0.5573584,-0.6873584,-0.6673584,-0.7573584,-1.0873584,-1.9473584,-2.1573584,-1.7273583,-1.5673584,-1.5673584,-1.8973584,-2.0373583,-2.2173584,-2.3873584,-2.5773585,-2.9073584,-3.1073585,-3.0073583,-3.2173584,-3.5873585,-3.9073584,-4.0273585,-4.0173583,-3.9473584,-3.9273584,-4.157358,-4.347358,-3.8773584
5.9126415,5.3926415,5.0626416,4.4626417,4.0526414,3.9426415,4.0226417,3.8226416,3.3226416,2.9826417,2.6326416,2.6226416,2.8926415,2.6826415,2.3126416,1.8326416,1.7726417,1.6826416,1.6126416,1.1126416,0.6726416,0.6026416,0.6226416,0.8626416,0.8726416,0.5126416,0.0726416,-0.3373584,-0.5373584,-0.5473584,-0.4573584,-0.5773584,-0.7873584,-1.0173584,-1.3073584,-1.7173584,-2.3073585,-2.0073583,-2.6273584,-2.7473583,-2.2873583,-2.3773584,-2.3473585,-2.1773584,-2.2573583,-2.4973583,-2.5873585,-2.5573585,-3.2173584,-3.3273585,-3.4773583,-3.6573584,-4.0373583,-4.2173586,-4.157358,-4.2473583,-4.657358,-5.137358
5.3726416,5.152642,5.1426415,4.9226418,4.6026416,4.2726417,4.0526414,3.9226415,3.7726417,2.9226415,2.2426417,2.6526415,2.4826417,2.1326416,1.7726417,1.6126416,1.4126416,1.2526416,0.7526416,0.2526416,0.0526416,-0.027358398,0.042641602,0.0726416,0.5926416,0.7426416,0.44264162,-0.107358396,-0.5273584,-0.4773584,-0.5173584,-0.6273584,-0.7773584,-1.0073584,-1.1973584,-1.4673584,-1.9673584,-2.5873585,-2.7973585,-2.9473584,-3.3173585,-3.6673584,-3.7073584,-3.3173585,-3.1173584,-3.3273585,-2.5873585,-2.0073583,-2.5173583,-2.9473584,-3.1773584,-3.2873583,-3.4673584,-3.5973585,-3.8273585,-4.0073586,-4.2073584,-4.4273586
5.2026415,5.2226415,4.9826417,4.7926416,4.4726415,4.0626416,3.8926415,3.6926415,3.3326416,2.6826415,2.2826416,2.3126416,2.1026416,2.3226416,2.2426417,1.9426416,1.8126416,1.5726416,1.0526416,0.6426416,0.4926416,0.3026416,0.1126416,-0.3373584,-0.3173584,-0.1373584,0.2126416,0.5126416,0.1926416,-0.027358398,-0.1673584,-0.5873584,-1.1173584,-1.0573584,-0.9873584,-1.1073585,-1.5173584,-2.1973584,-2.7073584,-2.9173584,-2.9673584,-3.2973585,-3.7973585,-4.3073583,-4.4573584,-4.367358,-4.4273586,-4.3173585,-3.3673584,-3.0673585,-3.0573585,-3.3173585,-2.4873583,-2.4373584,-3.1773584,-3.4973583,-3.6373584,-3.7273583
5.2626414,5.4226418,5.2726417,5.0026417,4.7326417,4.3026414,3.9226415,3.6526415,3.5126417,3.8626416,3.5326416,2.9126415,2.7526417,2.7526417,2.9126415,3.0726416,3.0826416,2.6526415,2.0826416,1.5026416,1.0826416,0.7426416,0.4926416,0.2226416,-0.1373584,-0.3273584,-0.3973584,-0.1873584,0.4226416,0.3526416,0.0326416,-0.1773584,-0.7073584,-1.0973583,-1.2173584,-1.4473584,-1.8373584,-2.0873585,-2.4473584,-2.5473585,-2.6973584,-3.0173583,-3.3073585,-3.5973585,-3.7773583,-3.9773583,-4.2873583,-4.5073586,-4.8573585,-4.8173585,-4.9473586,-5.1473584,-4.2773585,-3.3573585,-2.8773584,-2.8973584,-2.9573584,-2.9173584
5.2426414,5.2026415,4.8226414,4.5026417,4.2726417,4.2626414,4.2026415,3.8726416,3.6926415,3.6326416,2.8726416,2.1526415,1.9226416,2.2126417,2.8326416,2.7126417,2.6026416,2.5026417,2.4326415,2.1826415,1.8126416,1.2926416,0.9226416,0.7226416,0.5226416,0.1726416,-0.1373584,-0.2473584,-0.1973584,-0.2073584,-0.0673584,-0.0873584,-0.3773584,-0.8473584,-1.2073584,-1.5473584,-2.0273583,-2.3573585,-2.4873583,-2.4473584,-2.2273583,-2.3873584,-2.7573583,-2.9573584,-3.0673585,-3.0673585,-3.2473583,-3.4573584,-3.8673584,-3.9473584,-4.0473585,-4.2773585,-4.3373585,-4.3073583,-3.8473585,-3.3673584,-3.0773585,-3.0273583
4.902642,4.5326414,4.3926415,4.2726417,4.3726416,4.132642,3.5126417,2.8426416,2.3826416,2.0026417,1.6226416,1.5826416,1.4526416,1.5826416,2.7726417,2.7226417,1.9826416,1.8626416,2.1526415,2.0926416,2.1026416,1.7426416,1.4426416,1.2826416,0.9726416,0.6526416,0.2226416,0.0526416,0.0026416015,-0.017358398,0.022641601,-0.0673584,-0.23735839,-0.5273584,-0.8673584,-1.1173584,-1.4873585,-1.9173584,-2.1873584,-2.5073583,-2.6573584,-2.6173584,-2.6873584,-2.8373585,-2.8973584,-2.8773584,-2.9473584,-3.1273584,-3.2673583,-3.4973583,-3.7073584,-3.9273584,-4.0873585,-4.1273584,-4.2073584,-4.6273584,-4.6973586,-4.657358
4.6026416,4.7526417,4.8026414,4.4826417,3.9326415,3.3526416,2.8526416,2.2626417,2.0526416,2.0126417,1.4326416,0.8526416,0.9226416,1.0126415,1.2626415,1.5826416,1.2226416,0.6426416,1.0026416,1.5926416,2.0326416,2.1326416,1.8526416,1.5326416,1.3926415,1.2426416,1.0426416,0.8226416,0.4626416,0.0826416,0.0326416,0.1626416,0.5826416,0.9126416,0.6026416,0.3226416,0.0626416,-0.5973584,-1.1873584,-1.6073585,-2.2373583,-2.5973585,-2.6873584,-2.8173585,-2.8973584,-2.9873583,-3.0773585,-3.1073585,-3.2473583,-3.4873583,-3.6673584,-3.6773584,-3.6473584,-3.7673583,-3.7173584,-3.8173585,-3.9773583,-4.157358
4.7426414,5.0226417,4.8326416,4.0226417,3.3726416,2.7826416,1.7426416,1.2126416,1.5326416,1.5126415,0.9326416,0.6326416,0.6926416,0.4126416,0.2926416,0.042641602,-0.5973584,-0.6573584,-0.1773584,0.7526416,1.4526416,1.8526416,2.1726415,1.7426416,1.6026416,1.4326416,1.2026416,1.1226416,0.8526416,0.5826416,0.5326416,0.44264162,0.4526416,0.6726416,0.7126416,0.6326416,0.5926416,0.6926416,0.5826416,0.5026416,0.0626416,-0.8573584,-1.4773583,-1.8573585,-2.2273583,-2.5173583,-2.6873584,-2.7273583,-2.7573583,-2.9873583,-3.2573583,-3.3373585,-3.2973585,-3.2473583,-3.2973585,-3.3073585,-3.7073584,-3.6173584
4.4926414,4.5726414,3.9426415,3.3126416,2.8226416,1.9826416,1.5726416,1.6826416,2.1226416,3.4426415,2.4626417,1.7826416,0.7426416,0.0026416015,-0.69735837,-1.0673584,-1.8573585,-1.7073584,-1.3573585,-1.0273584,-0.4173584,-0.0873584,0.6226416,0.5026416,0.4126416,0.80264163,0.7526416,0.7926416,0.4126416,0.4626416,-0.1573584,-0.7973584,-0.6273584,-0.027358398,0.44264162,0.6026416,0.5126416,0.4326416,0.2726416,0.1426416,0.9626416,0.8726416,0.4326416,-0.1173584,-0.7373584,-1.3473583,-1.7173584,-2.0173583,-2.2373583,-2.5373583,-2.8673584,-3.1273584,-3.1773584,-3.2573583,-3.3273585,-3.4473584,-3.4773583,-3.6473584
4.1026416,4.0526414,3.9926417,3.5626416,3.3326416,2.8426416,1.9426416,2.3126416,2.1926415,3.7526417,2.6626415,1.4626416,0.2926416,-0.7873584,-1.3273584,-1.1573584,-0.8973584,-0.8573584,-0.9873584,-1.1273584,-1.2673584,-1.2973584,-1.1973584,-1.1173584,-0.9373584,-0.8773584,-0.8873584,-0.6273584,-0.6673584,-0.7673584,-1.2673584,-1.7973584,-2.2873583,-2.2473583,-1.1273584,0.4526416,1.2826416,1.1726416,0.8726416,-0.0673584,-0.4573584,0.022641601,0.2126416,0.4826416,0.5926416,0.3426416,-0.2273584,-0.9373584,-1.4673584,-1.6373584,-1.8673584,-1.9273584,-1.9073584,-2.1673584,-2.5273583,-2.8273585,-3.1473584,-3.2873583
4.132642,4.5426416,4.2526417,4.2526417,3.6526415,2.4626417,2.0726416,2.1526415,2.0626416,1.9426416,1.2226416,0.3326416,-0.3673584,-0.0373584,0.2426416,0.1826416,0.042641602,-0.1773584,-0.3173584,-0.5273584,-0.7173584,-1.1573584,-1.5973583,-1.8973584,-2.1173584,-1.9373584,-1.7173584,-1.6473584,-1.5273584,-1.3373584,-1.4073584,-1.6873584,-2.3973584,-3.1873584,-3.2973585,-1.7273583,-0.047358397,0.4926416,0.3926416,0.4026416,0.3526416,0.4026416,0.3326416,0.0626416,0.012641601,0.1626416,0.4826416,0.55264163,0.2126416,-0.1173584,-0.2673584,-0.5673584,-0.9873584,-1.2473584,-1.5473584,-1.9873585,-2.3173585,-2.7273583
2.6826415,3.0026417,3.4126415,3.7626417,3.1026416,2.3026416,1.7426416,1.2326416,0.7826416,0.4826416,-0.027358398,-0.047358397,0.4026416,0.9526416,0.6926416,0.2126416,0.0726416,-0.3173584,-0.1973584,-0.3173584,-0.6273584,-0.9073584,-1.1473584,-1.2573584,-1.3273584,-1.1973584,-1.1973584,-1.3673584,-1.5873584,-1.9373584,-2.0873585,-1.9873585,-1.9573584,-2.3073585,-3.0373583,-2.7473583,-1.8973584,-1.3373584,-1.0373584,-1.1273584,-1.2273583,-0.8673584,-0.9373584,-0.6173584,-0.4073584,-0.3873584,-0.2673584,0.0826416,0.3526416,0.3926416,-0.0073583983,-0.4273584,-0.7273584,-0.8873584,-1.1673584,-1.5273584,-1.7673584,-1.8573585
2.4726417,2.1526415,1.9626416,1.7726417,1.5426416,1.3226416,1.0626416,0.7626416,0.4126416,0.0926416,0.4326416,0.7926416,0.5926416,0.5726416,0.3426416,-0.2573584,-0.4373584,-0.2873584,-0.2073584,-0.69735837,-1.1973584,-1.4773583,-1.4173584,-1.2273583,-0.6573584,-0.6773584,-1.0573584,-1.6573584,-2.4773583,-3.0173583,-3.5473585,-3.9173584,-3.6973584,-3.5173583,-3.7673583,-3.7473583,-3.8173585,-3.9873583,-4.137358,-4.1273584,-4.1473584,-3.8873584,-3.4173584,-2.4673584,-1.9373584,-2.2373583,-2.4173584,-1.5773584,-0.7773584,-0.9773584,-1.3473583,-1.6373584,-2.0273583,-2.3373585,-2.3573585,-2.1373584,-1.9973584,-1.8873584
1.8226416,1.2526416,1.2426416,1.4526416,1.6326416,1.8126416,1.9826416,2.0126417,1.7826416,1.4626416,1.2126416,0.7526416,0.3226416,0.012641601,-0.1173584,-0.1473584,-0.027358398,-0.30735838,-0.3973584,-0.6273584,-0.7673584,-0.9973584,-1.1973584,-0.8173584,-0.7173584,-0.9373584,-1.5573584,-2.1773584,-2.9873583,-3.7173584,-4.1973586,-4.4373584,-4.3773584,-4.5273585,-4.5373583,-4.4773583,-4.3773584,-4.387358,-4.5573583,-4.6973586,-4.7773585,-4.9573584,-5.1773586,-5.367358,-5.137358,-4.6973586,-4.6673584,-4.8073583,-3.6773584,-2.7373583,-2.5773585,-2.9973583,-3.5573585,-3.8173585,-4.0273585,-4.157358,-3.9573584,-2.9773583
2.1126416,2.2026415,2.4826417,2.7026415,2.8726416,3.1226416,3.0726416,2.8726416,2.3626416,1.6326416,1.0726416,0.6326416,0.44264162,0.0726416,-0.0873584,0.102641605,-0.2473584,-0.6373584,-0.4273584,-0.1773584,-0.0073583983,-0.017358398,-0.6073584,-1.5173584,-1.2773584,-1.3173584,-1.9373584,-3.0773585,-3.6373584,-3.8073585,-4.0373583,-4.3373585,-4.2073584,-4.2973585,-4.5773582,-4.7573586,-4.8273582,-4.7273583,-4.6873584,-4.867358,-5.1273584,-5.3073583,-5.5573583,-5.8773584,-6.1673584,-5.7573586,-4.8773584,-4.617358,-4.6973586,-4.5573583,-4.0573583,-3.9973583,-4.2373586,-4.2573586,-4.4773583,-4.7273583,-4.907358,-5.0173583
2.6126416,2.9926417,3.1426415,3.1926415,2.8826416,2.9026415,3.0426416,2.6726415,2.2726417,1.3026416,0.7626416,0.5626416,0.5426416,0.5426416,0.2526416,-0.0373584,-0.047358397,-0.0673584,-0.017358398,-0.017358398,-0.1873584,-0.2073584,-0.4573584,-1.4273584,-1.7273583,-1.7273583,-2.1873584,-2.7673583,-3.0373583,-3.2773583,-3.5273583,-3.7273583,-4.0073586,-4.2773585,-4.5473585,-4.617358,-4.617358,-4.4973583,-4.5373583,-4.597358,-4.7073584,-4.8373585,-4.9273586,-5.157358,-5.5173583,-5.847358,-5.8173585,-5.4473586,-5.2973585,-5.0873585,-4.7973585,-4.6073585,-4.3773584,-4.2673583,-4.4673586,-4.8973584,-5.2473583,-5.1973586
2.9726417,3.1726415,3.0326416,2.8426416,2.1726415,2.1426415,1.9026417,1.6226416,1.6826416,1.4226416,1.2326416,1.2326416,1.1226416,0.8826416,0.8926416,0.8826416,0.8726416,0.9926416,0.2226416,-0.1973584,-0.4773584,-0.7973584,-1.0373584,-1.5973583,-1.7973584,-2.0473585,-2.1473584,-2.1473584,-2.1673584,-2.2373583,-2.6673584,-3.1773584,-3.5573585,-3.8173585,-4.0473585,-4.0873585,-4.0373583,-4.097358,-4.1073585,-4.137358,-4.117358,-4.0873585,-4.1673584,-4.387358,-4.6673584,-4.9873586,-5.387358,-5.6873584,-5.7773585,-5.6973586,-5.4473586,-4.9973583,-4.6873584,-4.5373583,-4.5173583,-4.637358,-4.6273584,-4.867358
3.2326417,2.9226415,2.7126417,2.3626416,1.8526416,1.1526417,0.9226416,1.0826416,1.0426416,1.1826416,1.4126416,1.2826416,1.0926416,0.9026416,1.0326416,0.9426416,0.6726416,1.0226417,0.8826416,0.4226416,0.0026416015,-0.4073584,-0.5473584,-0.9173584,-1.2373585,-1.4773583,-1.7373585,-2.0573585,-2.2773583,-2.4573584,-2.8973584,-3.0673585,-3.2873583,-3.6573584,-3.8773584,-3.7173584,-3.3573585,-3.2873583,-3.5373583,-3.6173584,-3.5773585,-3.5673585,-3.6673584,-3.8473585,-4.0573583,-4.2273583,-4.5073586,-4.9173584,-5.2773585,-5.4173584,-5.5273585,-5.6473584,-5.597358,-5.3573585,-5.117358,-5.0273585,-4.907358,-5.1473584
