UV_10m_small_gfs.t12z.pgrb2.0p25.f048.json
{"header": { "discipline":0, "disciplineName":"Meteorological products", "gribEdition":2, "gribLength":17311, "center":7, "centerName":"US National Weather Service - NCEP(WMC)", "subcenter":0, "refTime":"2023-03-21T12:00:00.000Z", "significanceOfRT":1, "significanceOfRTName":"Start of forecast", "productStatus":0, "productStatusName":"Operational products", "productType":1, "productTypeName":"Forecast products", "productDefinitionTemplate":0, "productDefinitionTemplateName":"Analysis/forecast at horizontal level/layer at a point in time", "parameterCategory":2, "parameterCategoryName":"Momentum", "parameterNumber":3, "parameterNumberName":"V-component_of_wind", "parameterUnit":"m.s-1", "genProcessType":2, "genProcessTypeName":"Forecast", "forecastTime":48, "surface1Type":103, "surface1TypeName":"Specified height level above ground", "surface1Value":10.0, "surface2Type":255, "surface2TypeName":"Missing", "surface2Value":0.0, "gridDefinitionTemplate":0, "gridDefinitionTemplateName":"Latitude_Longitude", "numberPoints":11421, "shape":6, "shapeName":"Earth spherical with radius of 6,371,229.0 m", "gridUnits":"degrees", "resolution":48, "winds":"true", "scanMode":64, "nx":141, "ny":81, "basicAngle":0, "lo1":210.0, "la1":30.0, "lo2":245.0, "la2":50.0, "dx":0.25, "dy":0.25 }, "data":
[rows 26 to 51 of 81, columns 0 to 58 of 141]
3.7592602,3.5992603,3.3292603,3.1692603,3.3592603,3.4992602,3.3992603,3.2392602,3.1492603,3.2892601,3.3092604,3.0692604,2.9592602,2.1892602,1.2492603,0.53926027,0.23926026,0.039260253,0.30926025,0.029260254,-0.36073974,-0.56073976,-0.55073977,-0.61073977,-0.9707397,-1.2707398,-1.3007398,-1.2607398,-1.3207397,-1.3307397,-1.7507397,-2.2207398,-2.3507397,-2.3407397,-2.2907398,-2.7707398,-3.4407396,-3.8607397,-4.1107397,-4.26074,-4.37074,-4.2507396,-4.3407397,-4.85074,-5.0907397,-5.0207396,-4.74074,-4.3807397,-4.72074,-5.35074,-5.74074,-5.7107396,-5.74074,-5.5607395,-5.18074,-5.18074,-5.22074,-5.1107397,-5.1507397
3.9192603,3.7692602,3.3492603,3.1992602,3.2292602,3.1792603,3.1792603,3.0092602,2.9192603,3.1092603,2.7192602,2.4292603,2.0892603,1.1592603,0.37926024,0.16926025,-0.060739744,-0.55073977,-0.41073975,-0.17073974,0.029260254,0.039260253,-0.020739745,-0.33073974,-0.96073973,-0.99073976,-0.68073976,-0.69073975,-0.99073976,-1.4707397,-1.7907398,-1.6507398,-1.4707397,-1.8107398,-2.4607399,-3.1507397,-3.5907397,-3.7607398,-3.9307396,-4.3207397,-4.45074,-4.22074,-4.4207397,-4.5407395,-4.60074,-4.60074,-4.91074,-5.1107397,-5.1907396,-5.1107397,-4.9007397,-4.91074,-5.03074,-5.0707397,-4.5707397,-4.33074,-4.2107396,-3.9807398,-3.8907397
4.21926,3.6392603,3.3092604,2.9392602,2.4492602,2.1192603,1.7792603,1.6692603,1.4892602,1.4892602,1.3592602,0.88926023,0.49926025,0.42926025,0.47926027,0.34926024,0.14926025,-0.20073974,-0.58073974,-0.6607397,-0.83073974,-0.93073976,-1.2707398,-1.7807398,-2.3507397,-2.7307398,-2.8607397,-3.1407397,-3.2607398,-3.2807398,-3.3107398,-3.0907397,-2.1507397,-0.87073976,-1.5007397,-1.5407398,-1.4707397,-1.8207397,-2.2807398,-2.2707398,-2.4907398,-2.6507397,-3.1707397,-3.7207398,-3.9507399,-3.9707398,-4.08074,-4.12074,-4.1707397,-4.16074,-4.3607397,-4.49074,-4.4807396,-4.2707396,-3.3107398,-2.8407397,-3.0907397,-3.4507399,-3.4607399
3.3592603,2.8192604,1.9492602,1.6792603,1.7292602,1.5792602,1.4092603,1.3392602,1.1792603,1.1292603,1.0092603,0.6592603,0.30926025,0.10926025,-7.397461E-4,-0.17073974,-0.28073975,-0.41073975,-0.71073973,-1.0707397,-1.4007398,-1.7207397,-2.1607397,-2.7007399,-3.1407397,-3.3407397,-3.4707398,-3.7007399,-3.9607399,-3.9607399,-4.0207396,-4.18074,-3.9207397,-3.5107398,-3.4607399,-3.7507398,-4.05074,-3.9307396,-3.5307398,-3.4707398,-3.4707398,-3.7407398,-3.7207398,-3.8707397,-4.2507396,-4.45074,-4.2907395,-4.4207397,-4.78074,-4.89074,-4.78074,-4.55074,-4.2107396,-3.7407398,-3.1307397,-2.7007399,-2.7807398,-3.2907398,-3.4707398
2.3592603,1.8592602,2.0192602,2.1192603,1.8492602,1.7792603,1.6792603,1.2992603,1.0292603,0.91926026,0.5992603,0.23926026,0.039260253,0.009260254,0.039260253,0.069260255,-0.0107397465,-0.18073975,-0.43073976,-0.76073974,-1.0907397,-1.4007398,-1.9807397,-2.6407397,-2.9907398,-3.3007398,-3.8907397,-4.5407395,-4.72074,-4.5707397,-4.5907397,-4.87074,-5.28074,-5.5707397,-5.6307397,-5.70074,-5.68074,-5.7307396,-5.9807396,-6.14074,-6.22074,-6.08074,-6.0007396,-6.16074,-6.35074,-6.43074,-6.62074,-6.6307397,-6.55074,-6.4207397,-6.35074,-6.0207396,-5.53074,-5.0707397,-4.4207397,-3.9907398,-4.03074,-4.18074,-3.8807397
1.9892602,2.1392603,2.5092602,2.3492603,2.1092603,1.9192603,1.5092603,1.1792603,0.97926027,0.55926025,0.11926025,-0.24073975,-0.5407398,-0.7307398,-0.9007397,-1.2107397,-1.5907397,-1.8407397,-1.9607397,-2.1207397,-2.3507397,-2.5107398,-2.9507399,-3.3007398,-3.4507399,-3.6307397,-4.1307397,-5.26074,-5.64074,-5.9007397,-5.9207397,-6.16074,-6.4407396,-6.6907396,-6.7907395,-6.7507396,-6.62074,-6.60074,-6.8107395,-7.0707397,-7.18074,-7.2707396,-7.74074,-7.80074,-7.7307396,-7.80074,-8.16074,-8.390739,-8.44074,-8.470739,-8.74074,-8.96074,-8.82074,-8.640739,-8.24074,-7.24074,-6.35074,-5.60074,-5.24074
2.8192604,3.3192604,2.9992602,2.4092603,1.9792602,1.4492602,1.0092603,0.8392603,0.50926024,-7.397461E-4,-0.5407398,-0.9707397,-1.1707398,-1.3707397,-1.4607397,-1.7307397,-2.0107398,-2.3207397,-2.3107398,-2.2207398,-2.2807398,-2.2907398,-2.2107399,-2.2807398,-2.8207397,-3.3107398,-3.7607398,-4.6107397,-5.4607396,-6.0407395,-6.5407395,-6.9207397,-6.97074,-6.97074,-7.03074,-7.0907397,-7.24074,-7.24074,-7.12074,-7.30074,-7.49074,-7.41074,-7.6307397,-8.02074,-8.15074,-8.46074,-8.82074,-9.03074,-9.32074,-9.470739,-9.510739,-9.5607395,-9.800739,-9.98074,-9.88074,-9.720739,-9.32074,-8.57074,-7.68074
3.1192603,2.4192603,1.8092602,1.4592602,1.1392603,1.0892602,1.1092602,0.72926027,-0.040739745,-0.69073975,-1.0707397,-1.6707398,-2.3007398,-2.5907397,-2.6807396,-2.4807398,-2.4407396,-2.3207397,-2.1807396,-2.1907396,-2.4907398,-2.9007397,-3.3707397,-3.7107399,-3.6907396,-3.8907397,-4.51074,-4.9207397,-5.6107397,-6.16074,-6.4407396,-6.45074,-6.53074,-6.7107396,-6.9607396,-7.37074,-7.47074,-7.1507397,-6.3607397,-6.41074,-7.1907396,-7.7507396,-7.72074,-7.62074,-7.51074,-8.28074,-8.65074,-8.970739,-9.08074,-9.3107395,-9.36074,-9.510739,-9.890739,-10.1007395,-10.21074,-10.23074,-10.15074,-9.98074,-9.720739
1.7292602,1.8392602,1.7792603,1.5192603,0.7092602,-0.030739747,-0.47073975,-0.64073974,-0.74073976,-0.88073975,-1.1307397,-1.5407398,-1.8307397,-1.8807397,-1.8607397,-2.0407398,-2.2807398,-2.3907397,-2.3207397,-2.2607398,-2.4307396,-2.9507399,-3.7607398,-4.70074,-5.24074,-5.1507397,-5.0707397,-5.0607395,-5.35074,-5.85074,-5.9807396,-6.0607395,-6.3107395,-6.5207396,-6.7107396,-6.87074,-7.10074,-7.2107396,-6.64074,-6.4607396,-7.01074,-7.51074,-7.83074,-7.8607397,-7.6507397,-7.6907396,-7.8807397,-7.9407396,-8.29074,-8.62074,-8.67074,-9.00074,-9.28074,-9.180739,-9.53074,-9.67074,-9.800739,-9.890739,-9.82074
1.5392603,1.4692602,0.98926026,0.40926024,0.099260256,-0.080739744,-0.26073974,-0.5907397,-1.0007397,-1.3107398,-1.5607398,-1.8907398,-2.1007397,-2.2207398,-2.3207397,-2.4607399,-2.6507397,-2.8707397,-3.0607398,-3.0907397,-3.0207398,-3.1707397,-3.7407398,-4.26074,-4.58074,-4.5607395,-4.51074,-4.7307396,-4.99074,-5.1907396,-5.45074,-5.76074,-6.0207396,-6.26074,-6.47074,-6.53074,-6.76074,-7.1907396,-7.1307397,-7.01074,-7.2707396,-7.4007397,-7.4607396,-7.1107397,-6.66074,-6.78074,-7.12074,-7.3807397,-7.6307397,-8.09074,-8.49074,-8.70074,-8.640739,-8.79074,-9.40074,-9.54074,-9.69074,-9.71074,-9.430739
0.80926025,0.81926024,0.67926025,0.49926025,0.15926026,-0.27073973,-0.67073977,-1.1407398,-1.5607398,-1.8007398,-1.9507397,-2.0607398,-2.2107399,-2.4807398,-2.7007399,-2.8407397,-2.9907398,-3.0807397,-3.1707397,-3.2607398,-3.4007397,-3.5207398,-3.5007398,-3.4407396,-3.5607398,-3.9107397,-4.3607397,-4.91074,-5.2507396,-5.30074,-5.4007397,-5.55074,-5.6907396,-5.9007397,-6.1907396,-6.39074,-6.5007396,-6.7107396,-6.9007397,-7.01074,-7.0407395,-7.1307397,-7.3407397,-7.45074,-7.3107395,-7.1107397,-7.0207396,-6.97074,-7.1507397,-7.35074,-7.51074,-7.5207396,-7.66074,-7.80074,-8.0607395,-8.53074,-8.94074,-9.08074,-8.91074
0.9092603,0.7692602,0.5292603,0.19926025,-0.21073975,-0.63073975,-0.9807398,-1.3407397,-1.6307397,-1.8207397,-1.9707397,-2.1007397,-2.2907398,-2.6107397,-2.9907398,-3.1907396,-3.1507397,-3.0307398,-2.9307396,-2.9407396,-3.1407397,-3.3007398,-3.2907398,-3.3107398,-3.4907398,-3.7307398,-4.01074,-4.20074,-4.2307396,-4.28074,-4.47074,-4.85074,-5.4607396,-5.9807396,-6.28074,-6.3607397,-6.26074,-5.9607396,-5.70074,-5.6707397,-5.8207397,-6.0907397,-6.51074,-6.7907395,-6.7907395,-6.97074,-7.10074,-7.22074,-7.3207397,-7.51074,-7.8207397,-8.28074,-8.57074,-8.46074,-8.03074,-7.85074,-7.9807396,-8.25074,-8.49074
1.0692602,0.75926024,0.42926025,0.099260256,-0.12073974,-0.36073974,-0.75073975,-1.2107397,-1.6807398,-2.0507398,-2.2007399,-2.2507398,-2.3307397,-2.4607399,-2.4907398,-2.5207398,-2.5307398,-2.4707398,-2.6007397,-2.8507397,-3.0807397,-3.2307398,-3.3807397,-3.6007397,-3.7407398,-3.8707397,-4.1507397,-4.49074,-4.8107395,-5.1307397,-5.49074,-5.7907395,-5.89074,-6.01074,-6.1907396,-6.43074,-6.68074,-6.8607397,-6.89074,-6.8207397,-6.6107397,-6.33074,-6.1707397,-6.1907396,-6.4407396,-6.5207396,-6.30074,-6.26074,-6.3807397,-6.66074,-7.08074,-7.51074,-7.5907397,-7.78074,-8.050739,-8.27074,-8.71074,-9.03074,-9.00074
0.75926024,0.43926024,0.19926025,0.049260255,-0.19073975,-0.61073977,-1.1707398,-1.5707397,-1.8307397,-2.0207398,-2.1907396,-2.3007398,-2.2707398,-2.2507398,-2.2107399,-2.2707398,-2.4607399,-2.6507397,-2.8207397,-2.8907397,-2.9307396,-2.9407396,-2.9507399,-3.1607397,-3.5307398,-3.9507399,-4.3807397,-4.70074,-4.91074,-5.14074,-5.2107396,-5.28074,-5.41074,-5.64074,-5.8807397,-6.01074,-6.1907396,-6.4807396,-6.7107396,-6.7907395,-6.53074,-5.97074,-5.64074,-5.83074,-6.41074,-6.78074,-7.28074,-7.68074,-7.9407396,-7.78074,-7.70074,-7.53074,-7.7507396,-8.13074,-8.6007395,-8.77074,-8.94074,-9.220739,-9.470739
0.7092602,0.7192603,0.57926023,0.21926026,-0.29073974,-0.80073977,-1.1907398,-1.5807397,-1.8107398,-1.8507397,-1.8907398,-1.9007398,-1.8507397,-1.8707397,-2.0507398,-2.1807396,-2.4107397,-2.7107399,-2.8807397,-3.0507398,-3.2607398,-3.4107397,-3.5807397,-3.7407398,-3.8307397,-3.9307396,-4.0207396,-4.20074,-4.51074,-4.8407397,-5.12074,-5.28074,-5.41074,-5.58074,-5.76074,-5.9607396,-6.12074,-6.2307396,-6.2507396,-6.45074,-6.9207397,-7.26074,-7.30074,-6.99074,-6.4007397,-6.01074,-5.91074,-6.03074,-6.7707396,-7.0607395,-7.1507397,-7.33074,-7.6707397,-8.12074,-8.58074,-8.88074,-8.970739,-9.07074,-9.20074
1.1292603,0.8992603,0.42926025,-0.020739745,-0.51073974,-1.0307398,-1.3807397,-1.4407398,-1.3907398,-1.4007398,-1.4507397,-1.5607398,-1.7507397,-1.9807397,-2.1307397,-2.2807398,-2.4107397,-2.5407398,-2.7507398,-2.9207397,-3.1007397,-3.2607398,-3.4007397,-3.5707397,-3.8707397,-4.2707396,-4.68074,-5.0007396,-5.1507397,-5.1907396,-5.2707396,-5.4407396,-5.5907397,-5.6907396,-5.78074,-5.87074,-6.05074,-6.20074,-6.33074,-6.4607396,-6.5207396,-6.5907397,-6.58074,-6.5207396,-6.60074,-6.74074,-6.9407396,-7.0607395,-6.87074,-6.62074,-6.76074,-7.0407395,-7.6907396,-8.12074,-8.050739,-8.20074,-8.57074,-8.92074,-9.13074
0.7092602,0.34926024,-0.17073974,-0.67073977,-0.9107397,-0.94073975,-0.88073975,-0.86073977,-0.95073974,-1.0607398,-1.1907398,-1.4207398,-1.6807398,-1.9407398,-2.1507397,-2.2907398,-2.4907398,-2.7207398,-2.9607399,-3.1807396,-3.4007397,-3.6707397,-3.9207397,-4.05074,-4.1107397,-4.1707397,-4.33074,-4.5607395,-4.80074,-5.01074,-5.30074,-5.6107397,-5.83074,-5.93074,-5.95074,-6.0207396,-6.0607395,-6.0707397,-6.16074,-6.26074,-6.28074,-6.1507397,-6.1107397,-6.33074,-6.5607395,-6.60074,-6.6707397,-7.4207397,-8.180739,-8.010739,-7.3607397,-7.41074,-8.21074,-8.17074,-7.87074,-7.74074,-7.47074,-7.64074,-8.25074
-0.10073975,-0.41073975,-0.5907397,-0.57073975,-0.44073975,-0.38073975,-0.46073973,-0.67073977,-0.92073977,-1.2107397,-1.5407398,-1.8607397,-2.1607397,-2.4007397,-2.5607398,-2.7207398,-2.8607397,-2.9607399,-3.0807397,-3.2107399,-3.3607397,-3.5207398,-3.7207398,-3.9307396,-4.14074,-4.3207397,-4.45074,-4.60074,-4.87074,-5.2507396,-5.53074,-5.6507397,-5.6307397,-5.58074,-5.5607395,-5.60074,-5.68074,-5.7107396,-5.68074,-5.6507397,-5.6307397,-5.66074,-5.78074,-5.9207397,-6.0407395,-6.28074,-6.6107397,-6.93074,-7.0607395,-7.16074,-7.4007397,-7.24074,-7.2307396,-7.3407397,-7.1107397,-7.1707397,-7.49074,-7.87074,-8.15074
-0.020739745,-7.397461E-4,0.019260254,-0.050739747,-0.18073975,-0.36073974,-0.5307397,-0.7307398,-1.0207398,-1.3707397,-1.7607398,-2.1207397,-2.3707397,-2.5607398,-2.7707398,-2.9007397,-2.9007397,-2.8907397,-2.9607399,-3.1307397,-3.3907397,-3.6607397,-3.9307396,-4.24074,-4.5207396,-4.6707397,-4.7507396,-4.9007397,-5.1507397,-5.35074,-5.39074,-5.35074,-5.3807397,-5.51074,-5.60074,-5.66074,-5.6907396,-5.6907396,-5.66074,-5.70074,-5.89074,-6.1107397,-6.12074,-6.03074,-6.0707397,-6.18074,-6.3607397,-6.62074,-6.8107395,-6.83074,-7.1107397,-7.3107395,-7.4207397,-7.5907397,-8.02074,-8.5607395,-8.8107395,-8.5607395,-8.45074
0.33926025,0.17926025,0.029260254,-0.14073974,-0.34073976,-0.5407398,-0.74073976,-1.0107398,-1.4107398,-1.8307397,-2.0807397,-2.1807396,-2.2507398,-2.3507397,-2.4707398,-2.6307397,-2.8707397,-3.1907396,-3.5007398,-3.7707398,-4.0007396,-4.2307396,-4.43074,-4.5207396,-4.5207396,-4.5607395,-4.78074,-5.0207396,-5.10074,-5.05074,-4.9807396,-5.0007396,-5.16074,-5.37074,-5.5007396,-5.5707397,-5.5907397,-5.6307397,-5.80074,-5.91074,-6.0007396,-6.12074,-6.28074,-6.39074,-6.6107397,-6.91074,-7.0707397,-7.24074,-7.37074,-7.37074,-7.5207396,-7.8407397,-8.08074,-8.08074,-8.04074,-8.220739,-8.50074,-8.65074,-8.46074
0.20926026,0.099260256,-0.09073975,-0.36073974,-0.6507397,-0.99073976,-1.4007398,-1.7207397,-1.8207397,-1.7807398,-1.8007398,-1.9307398,-2.1407397,-2.3507397,-2.5407398,-2.8307397,-3.1907396,-3.5207398,-3.7907398,-4.05074,-4.2707396,-4.4607396,-4.5407395,-4.5607395,-4.6307397,-4.80074,-4.97074,-4.9807396,-4.9007397,-4.83074,-4.85074,-5.0007396,-5.2507396,-5.5207396,-5.76074,-5.8607397,-5.8607397,-5.8607397,-5.83074,-6.0007396,-6.3107395,-6.51074,-6.5907397,-6.76074,-7.05074,-7.2107396,-7.05074,-7.01074,-7.12074,-7.2307396,-7.37074,-7.76074,-8.12074,-8.04074,-8.00074,-8.00074,-7.5907397,-7.2307396,-7.1907396
0.30926025,-0.040739745,-0.43073976,-0.86073977,-1.2507397,-1.4607397,-1.4907397,-1.4607397,-1.5207398,-1.6707398,-1.8407397,-1.9907397,-2.2107399,-2.5407398,-2.9607399,-3.3507397,-3.6607397,-3.9007397,-4.0407395,-4.14074,-4.24074,-4.2907395,-4.37074,-4.5907397,-4.7907395,-4.8107395,-4.6907396,-4.5207396,-4.43074,-4.66074,-5.0407395,-5.30074,-5.43074,-5.6107397,-5.8107395,-5.85074,-5.76074,-5.80074,-6.0207396,-6.18074,-6.3207397,-6.4007397,-6.39074,-6.3607397,-6.58074,-6.87074,-6.89074,-7.0707397,-7.2907395,-7.28074,-7.26074,-7.22074,-6.9007397,-6.7907395,-6.80074,-6.8207397,-7.22074,-7.53074,-7.8607397
-0.41073975,-0.75073975,-0.93073976,-0.93073976,-0.8507397,-0.93073976,-1.2007397,-1.5707397,-1.8407397,-1.9907397,-2.1607397,-2.4307396,-2.7407398,-3.0307398,-3.2507398,-3.4207397,-3.6607397,-3.8907397,-4.0607395,-4.1707397,-4.24074,-4.39074,-4.47074,-4.4607396,-4.4207397,-4.33074,-4.26074,-4.51074,-4.8807397,-5.01074,-5.1307397,-5.3107395,-5.4207397,-5.55074,-5.66074,-5.66074,-5.76074,-6.1307397,-6.24074,-6.3607397,-6.4007397,-6.5607395,-6.7307396,-6.5707397,-6.39074,-6.3807397,-6.5707397,-6.80074,-7.1307397,-7.35074,-7.1107397,-6.80074,-6.7707396,-7.0707397,-7.47074,-7.74074,-7.8207397,-7.7707396,-7.64074
-0.070739746,-0.12073974,-0.25073975,-0.51073974,-0.9107397,-1.3107398,-1.6107397,-1.7707398,-1.9307398,-2.1907396,-2.4907398,-2.7607398,-2.9307396,-2.9507399,-2.9607399,-3.1207397,-3.3407397,-3.2507398,-3.3507397,-3.5707397,-3.8207397,-4.01074,-4.12074,-4.14074,-4.3207397,-4.45074,-4.4207397,-4.4407396,-4.5907397,-4.7707396,-4.8807397,-5.03074,-5.2107396,-5.37074,-5.4807396,-5.4407396,-5.4807396,-5.74074,-6.0907397,-6.0607395,-5.99074,-6.1507397,-6.1907396,-6.01074,-6.0607395,-6.2107396,-6.0607395,-6.1107397,-6.5707397,-6.8807397,-6.99074,-7.0007396,-7.03074,-7.20074,-7.4607396,-7.7707396,-7.95074,-7.7707396,-7.43074
-0.09073975,-0.38073975,-0.71073973,-1.0407398,-1.3407397,-1.5907397,-1.8107398,-2.0107398,-2.1507397,-2.2907398,-2.4807398,-2.6907396,-2.8307397,-3.0107398,-3.2107399,-3.4007397,-3.3707397,-3.3307397,-3.3807397,-3.4207397,-3.4707398,-3.7607398,-4.2507396,-4.4807396,-4.33074,-4.2507396,-4.39074,-4.62074,-5.0007396,-5.35074,-5.49074,-5.5907397,-5.6307397,-5.5007396,-5.49074,-5.7107396,-5.85074,-5.66074,-5.3207397,-5.5007396,-5.93074,-6.12074,-6.1907396,-5.99074,-5.3807397,-5.1507397,-5.3807397,-5.70074,-5.99074,-6.0707397,-6.0407395,-6.0407395,-6.26074,-6.78074,-7.2507396,-7.41074,-7.45074,-7.5007396,-7.4807396
-0.18073975,-0.52073973,-0.82073975,-1.0507398,-1.2807398,-1.5207398,-1.7207397,-1.9007398,-2.1907396,-2.6107397,-2.7507398,-2.7007399,-2.6907396,-2.8207397,-3.0107398,-3.1407397,-3.1907396,-3.3707397,-3.6507397,-4.0007396,-4.1307397,-4.08074,-3.9907398,-4.1507397,-4.72074,-5.1907396,-5.41074,-5.5207396,-5.4607396,-5.39074,-5.5907397,-5.76074,-5.6907396,-5.4407396,-5.5407395,-5.8207397,-5.7507396,-5.64074,-5.87074,-6.0907397,-6.0407395,-5.85074,-5.8607397,-6.10074,-5.95074,-5.4207397,-5.24074,-5.4007397,-5.83074,-6.0407395,-5.89074,-5.76074,-5.9607396,-6.2907395,-6.4407396,-6.47074,-6.4807396,-6.7107396,-7.0907397
