UV_10m_small_gfs.t12z.pgrb2.0p25.f048.json
{"header": { "discipline":0, "disciplineName":"Meteorological products", "gribEdition":2, "gribLength":17311, "center":7, "centerName":"US National Weather Service - NCEP(WMC)", "subcenter":0, "refTime":"2023-03-21T12:00:00.000Z", "significanceOfRT":1, "significanceOfRTName":"Start of forecast", "productStatus":0, "productStatusName":"Operational products", "productType":1, "productTypeName":"Forecast products", "productDefinitionTemplate":0, "productDefinitionTemplateName":"Analysis/forecast at horizontal level/layer at a point in time", "parameterCategory":2, "parameterCategoryName":"Momentum", "parameterNumber":3, "parameterNumberName":"V-component_of_wind", "parameterUnit":"m.s-1", "genProcessType":2, "genProcessTypeName":"Forecast", "forecastTime":48, "surface1Type":103, "surface1TypeName":"Specified height level above ground", "surface1Value":10.0, "surface2Type":255, "surface2TypeName":"Missing", "surface2Value":0.0, "gridDefinitionTemplate":0, "gridDefinitionTemplateName":"Latitude_Longitude", "numberPoints":11421, "shape":6, "shapeName":"Earth spherical with radius of 6,371,229.0 m", "gridUnits":"degrees", "resolution":48, "winds":"true", "scanMode":64, "nx":141, "ny":81, "basicAngle":0, "lo1":210.0, "la1":30.0, "lo2":245.0, "la2":50.0, "dx":0.25, "dy":0.25 }, "data":
[rows 52 to 77 of 81, columns 59 to 117 of 141]
-7.1107397,-7.4807396,-7.70074,-7.76074,-7.6907396,-7.5207396,-7.28074,-7.0407395,-7.03074,-7.4007397,-7.74074,-7.4807396,-6.7907395,-5.87074,-5.5207396,-5.9207397,-6.41074,-6.5907397,-6.4207397,-6.01074,-6.9407396,-7.4607396,-7.05074,-6.80074,-7.2907395,-7.2307396,-6.89074,-6.83074,-7.08074,-6.22074,-3.5507398,-0.69073975,0.12926026,1.5092603,4.0792603,6.5792603,7.89926,8.28926,8.17926,7.79926,7.37926,7.50926,7.7892604,7.04926,1.9192603,1.5192603,1.1092602,1.3092602,0.88926023,0.25926027,0.54926026,0.53926027,0.56926024,0.25926027,0.9692603,2.2592602,1.3792603,1.6792603,1.3292602
-7.16074,-7.4207397,-7.51074,-7.60074,-7.6307397,-7.5407395,-7.3407397,-7.30074,-7.4407396,-7.1307397,-6.7707396,-6.58074,-6.6307397,-6.8407397,-7.2907395,-7.4007397,-7.20074,-6.85074,-6.58074,-6.1707397,-6.1707397,-6.7907395,-6.9207397,-6.3407397,-6.39074,-6.7507396,-6.66074,-6.66074,-7.16074,-6.10074,-4.39074,-4.0907397,-3.0407398,-0.33073974,3.5592604,5.8092604,7.6592603,9.33926,8.80926,8.49926,8.12926,7.9792604,7.89926,7.2892604,2.3992603,1.5992602,1.6092602,1.3092602,1.0592602,0.88926023,0.87926024,1.0792602,0.57926023,-0.030739747,0.45926026,0.85926026,1.0792602,1.4092603,1.1192603
-7.24074,-7.3407397,-7.2707396,-7.20074,-7.1907396,-7.49074,-8.010739,-8.02074,-7.3407397,-6.76074,-6.6907396,-6.9407396,-7.35074,-7.16074,-6.8607397,-6.9207397,-6.95074,-6.93074,-7.0907397,-6.85074,-6.3407397,-6.28074,-6.45074,-6.4007397,-6.2907395,-6.3807397,-6.55074,-6.4807396,-6.20074,-6.3207397,-5.1707397,-3.8607397,-4.9607396,-3.6307397,1.6592603,4.46926,7.3092604,9.61926,10.00926,9.46926,8.819261,8.4392605,8.1892605,7.66926,5.6192603,1.9692602,1.7792603,1.4892602,1.0392603,1.5592602,1.3392602,1.0192603,0.5192602,0.7192603,0.99926025,0.63926023,-0.51073974,0.15926026,0.82926023
-6.83074,-6.9607396,-7.0607395,-7.2507396,-7.74074,-7.6907396,-7.01074,-6.7907395,-7.53074,-7.99074,-7.4807396,-6.68074,-6.66074,-6.9207397,-6.76074,-6.5907397,-6.62074,-6.2307396,-5.8607397,-5.85074,-5.9807396,-5.97074,-6.0907397,-6.35074,-6.26074,-6.4207397,-6.5907397,-6.37074,-6.2707396,-5.6907396,-5.5907397,-3.8707397,-4.72074,-6.3807397,-0.5907397,4.2492604,7.56926,9.51926,9.779261,9.489261,9.24926,9.029261,8.76926,8.11926,7.02926,1.9392602,1.9392602,1.9792602,1.8892603,2.0192602,1.6292603,1.0192603,0.7092602,0.46926025,0.24926025,0.099260256,0.81926024,0.25926027,-0.36073974
-6.8107395,-6.9607396,-7.4007397,-7.87074,-7.64074,-7.41074,-7.5707397,-7.4007397,-7.03074,-6.68074,-6.39074,-6.26074,-6.08074,-5.9207397,-5.70074,-5.5907397,-5.68074,-5.74074,-5.5407395,-5.51074,-5.6907396,-5.7507396,-5.80074,-6.0007396,-6.1907396,-5.95074,-6.0407395,-5.78074,-5.97074,-5.3807397,-5.26074,-4.7907395,-3.3307397,-7.18074,-3.4207397,4.8892603,7.4592605,9.069261,9.76926,9.22926,9.199261,9.42926,9.25926,8.569261,7.7892604,2.1692603,1.9992603,2.2592602,2.7692602,1.7892603,1.2192602,1.4792602,0.99926025,0.029260254,0.40926024,2.4592602,3.6892602,3.2892601,1.8792603
-6.3407397,-6.5407395,-6.64074,-6.53074,-6.62074,-6.7507396,-6.5707397,-6.5707397,-6.8407397,-6.9207397,-6.91074,-6.99074,-6.8107395,-6.53074,-6.3207397,-5.9807396,-5.7507396,-5.6507397,-5.60074,-5.4407396,-5.4407396,-5.6107397,-5.6307397,-5.6107397,-5.97074,-5.64074,-5.70074,-5.3607397,-5.53074,-5.1307397,-4.6907396,-4.4007397,-2.8307397,-5.66074,-5.62074,3.8192604,7.69926,9.859261,10.13926,9.76926,9.49926,9.55926,9.529261,9.069261,8.54926,2.9892602,1.6592603,1.8592602,3.5192602,2.9292603,1.7992603,1.3092602,1.4292603,2.1892602,1.9192603,0.88926023,-0.70073974,-0.40073976,0.48926026
-5.99074,-6.0007396,-6.2707396,-6.70074,-7.08074,-7.22074,-7.03074,-6.68074,-6.62074,-6.85074,-6.8807397,-6.80074,-6.45074,-6.0607395,-5.6507397,-5.41074,-5.3407397,-5.53074,-5.74074,-5.58074,-5.30074,-5.3407397,-5.51074,-5.4407396,-5.6907396,-5.47074,-5.6307397,-4.78074,-5.01074,-4.76074,-4.49074,-4.5007396,-2.7207398,-5.1707397,-6.9007397,2.8292603,8.699261,10.069261,10.45926,10.45926,9.76926,9.66926,9.67926,9.29926,9.04926,4.06926,2.1092603,1.5892602,3.1492603,3.6892602,2.5892603,1.6292603,1.1792603,0.40926024,0.22926025,1.4692602,2.0792603,1.3692603,1.0792602
-5.8207397,-6.41074,-6.8107395,-6.91074,-7.0407395,-7.2107396,-7.3807397,-7.4007397,-7.1507397,-6.7707396,-6.3607397,-6.1707397,-6.03074,-5.87074,-5.6907396,-5.6107397,-5.60074,-5.51074,-5.6107397,-5.51074,-5.5907397,-5.39074,-5.2907395,-5.18074,-5.1707397,-5.05074,-5.33074,-4.72074,-4.62074,-4.5607395,-3.5707397,-4.2707396,-2.0007398,-3.4207397,-7.6107397,2.6692603,8.529261,9.42926,10.55926,10.569261,10.109261,9.87926,9.70926,9.449261,9.20926,4.21926,1.6692603,1.5592602,2.1192603,3.0892603,3.4992602,1.8592602,1.2192602,1.2992603,0.85926026,0.6492603,1.2292602,3.1692603,3.8992603
-5.85074,-6.03074,-6.18074,-6.47074,-6.55074,-6.7907395,-6.93074,-6.8607397,-6.5407395,-6.35074,-6.2307396,-6.1107397,-6.01074,-6.0907397,-5.8207397,-5.7307396,-5.55074,-5.3207397,-5.37074,-5.14074,-5.3807397,-5.1307397,-4.83074,-4.7707396,-4.64074,-4.7107396,-4.85074,-4.80074,-3.8807397,-4.5407395,-3.4607399,-4.08074,-2.2707398,-0.32073975,-7.12074,-0.30073974,7.7292604,9.66926,11.09926,11.26926,10.99926,10.62926,10.08926,9.59926,9.489261,5.25926,2.7092602,1.7492603,2.3492603,3.0392601,3.8392603,2.6092603,1.1892602,0.8492603,0.5892603,0.67926025,0.74926025,0.9092603,1.2692603
-5.2907395,-5.80074,-6.49074,-6.64074,-6.55074,-6.72074,-6.93074,-6.83074,-6.3807397,-6.0007396,-5.95074,-5.9607396,-6.0007396,-6.0707397,-5.7107396,-5.53074,-5.1107397,-4.70074,-5.0007396,-4.80074,-5.08074,-4.8607397,-4.7107396,-4.58074,-4.37074,-4.3407397,-4.49074,-4.8207397,-3.6507397,-4.37074,-3.9707398,-4.03074,-3.0007398,-0.57073975,-6.26074,-0.9007397,7.58926,10.239261,11.47926,10.87926,10.87926,11.09926,10.489261,9.79926,9.25926,7.10926,1.5292603,1.3492602,1.5292603,2.2892601,2.9892602,3.3492603,1.9592602,-0.27073973,-1.0807397,-0.45073974,2.0592604,4.77926,3.4592602
-5.39074,-5.4007397,-5.76074,-5.9607396,-6.10074,-6.33074,-6.58074,-6.3207397,-5.83074,-5.5007396,-5.7707396,-5.95074,-5.89074,-5.8407397,-5.5607395,-5.26074,-4.8107395,-4.41074,-4.37074,-4.18074,-4.6107397,-4.26074,-4.3107395,-4.0607395,-4.03074,-4.14074,-4.24074,-4.47074,-3.4907398,-4.26074,-3.9107397,-4.4007397,-2.7407398,-1.4507397,-7.10074,0.37926024,7.75926,10.72926,11.22926,10.75926,11.08926,11.319261,10.66926,9.949261,9.529261,7.9092603,2.0092602,1.8092602,1.3792603,1.9292603,2.4292603,2.8692603,2.8792603,2.0892603,1.7392602,-0.43073976,-2.5607398,-2.6807396,-0.6607397
-4.95074,-5.26074,-5.5407395,-5.53074,-5.72074,-6.03074,-6.01074,-5.7907395,-5.51074,-5.4407396,-5.55074,-5.5707397,-5.47074,-5.5007396,-5.3207397,-5.12074,-4.87074,-4.6307397,-4.1307397,-3.8607397,-4.0007396,-3.6807396,-4.08074,-3.9607399,-4.1107397,-4.37074,-4.10074,-4.37074,-3.0007398,-3.8407397,-3.0207398,-4.22074,-3.6507397,-0.28073975,-6.1907396,2.4892602,9.4392605,11.53926,12.08926,11.6892605,11.47926,11.46926,10.92926,10.26926,9.90926,8.609261,2.9992602,2.4792602,1.5292603,1.4992603,1.5892602,2.0192602,1.8292602,1.2292602,0.19926025,-0.16073975,-0.070739746,0.24926025,-0.040739745
-5.0207396,-5.4207397,-5.51074,-5.51074,-5.93074,-6.24074,-6.0407395,-5.74074,-5.5007396,-5.3807397,-5.68074,-5.87074,-5.66074,-5.4407396,-5.28074,-5.10074,-4.91074,-4.6907396,-4.18074,-3.8607397,-3.6707397,-3.5507398,-4.28074,-4.1107397,-4.39074,-4.1707397,-3.6907396,-3.9907398,-2.8107398,-3.6207397,-3.3007398,-3.1807396,-4.9207397,0.61926025,-5.08074,2.4892602,9.95926,12.36926,12.25926,11.6492605,11.58926,11.71926,11.16926,10.609261,10.36926,8.72926,2.3292603,1.8292602,1.7492603,1.6292603,1.5392603,1.2592603,1.2292602,0.5992603,0.11926025,0.099260256,2.0592604,2.4192603,1.8792603
-5.1107397,-5.4607396,-5.39074,-5.5207396,-6.01074,-6.24074,-5.95074,-5.55074,-5.4807396,-5.6307397,-5.7907395,-5.66074,-5.33074,-4.9207397,-4.8807397,-4.99074,-4.91074,-4.70074,-4.18074,-3.4707398,-3.2507398,-3.7407398,-4.3107395,-3.9607399,-3.8207397,-3.2007399,-3.2807398,-3.4107397,-2.3407397,-3.5307398,-3.4607399,-2.4907398,-4.22074,1.5892602,-3.8307397,3.6992602,11.12926,11.41926,11.45926,11.49926,11.57926,11.6892605,11.16926,10.65926,10.42926,9.40926,4.3692603,2.0392601,1.7392602,1.6592603,1.9392602,1.7692603,1.4592602,1.1692603,1.6492603,0.55926025,-0.47073975,2.3792603,3.8692603
-5.0607395,-5.08074,-5.0707397,-5.5007396,-6.0007396,-5.97074,-5.62074,-5.6307397,-5.7507396,-5.91074,-5.93074,-5.7907395,-5.4407396,-5.10074,-5.0207396,-4.9807396,-4.93074,-4.43074,-3.6407397,-3.0807397,-3.0907397,-3.6507397,-3.9107397,-4.0607395,-3.8507397,-3.1007397,-3.1007397,-2.7507398,-2.0707397,-3.8207397,-2.9107397,-2.0507398,-2.3707397,0.47926027,-4.6307397,2.4292603,11.83926,11.62926,11.449261,11.53926,11.61926,11.53926,11.029261,10.609261,10.489261,9.49926,3.2192602,2.8592603,2.5192602,1.8192602,1.5792602,1.4192603,0.5892603,-0.6507397,-0.67073977,-0.42073974,-0.42073974,-0.33073974,0.11926025
-5.3207397,-5.1107397,-5.2507396,-5.80074,-6.01074,-5.80074,-5.6907396,-5.93074,-6.10074,-6.2307396,-6.0007396,-5.5707397,-5.4407396,-5.3407397,-5.0407395,-5.22074,-4.85074,-3.8207397,-3.4407396,-3.0407398,-2.9307396,-3.4707398,-4.03074,-4.0607395,-3.2707398,-2.7507398,-2.5807397,-2.2907398,-2.1307397,-4.08074,-2.4707398,-1.9007398,-3.2307398,-0.77073973,-5.47074,0.26926026,10.449261,11.49926,11.30926,11.529261,11.72926,11.42926,10.90926,10.45926,10.069261,7.39926,3.6192603,2.4592602,2.1292603,2.0292602,2.5992603,2.9092603,1.8492602,0.73926026,0.9092603,1.3092602,0.94926023,0.14926025,-1.3007398
-4.80074,-4.9807396,-5.4807396,-5.99074,-6.12074,-5.93074,-6.1507397,-6.3807397,-6.3607397,-6.1707397,-5.8607397,-5.6907396,-5.49074,-5.35074,-5.2507396,-4.91074,-4.08074,-4.2107396,-3.6807396,-2.7707398,-2.8907397,-3.6607397,-3.9707398,-3.2807398,-2.7107399,-2.5507398,-2.0007398,-1.9807397,-2.6507397,-3.4207397,-1.1007397,-2.3807397,-4.3407397,0.78926027,-4.8207397,2.3192604,11.09926,11.92926,11.87926,12.13926,11.859261,11.239261,10.739261,10.15926,8.88926,4.23926,1.7492603,1.5592602,1.8992603,2.1592603,2.4392602,2.6592603,3.1892602,1.8492602,0.21926026,-0.24073975,-0.6607397,-1.3207397,-2.5907397
-4.95074,-5.26074,-5.5707397,-5.8607397,-5.93074,-6.10074,-6.58074,-6.53074,-6.20074,-5.9407396,-5.80074,-5.6307397,-5.47074,-5.49074,-5.0607395,-4.80074,-4.51074,-3.6807396,-2.6207397,-2.9207397,-3.4307396,-3.2907398,-2.7407398,-2.1207397,-2.7007399,-2.0207398,-1.5507398,-2.4007397,-3.0807397,-2.5207398,0.37926024,-2.8907397,-2.7907398,0.94926023,-3.7307398,7.1392603,12.15926,11.61926,11.74926,12.03926,11.50926,10.8992605,10.3992605,9.70926,6.9992604,1.6292603,0.5992603,0.37926024,1.4092603,2.3292603,2.7592602,3.0392601,3.1492603,2.0792603,-1.2007397,-1.8707397,-1.7207397,-1.7507397,-1.4807397
-4.8407397,-5.24074,-5.58074,-5.8607397,-6.22074,-6.26074,-6.26074,-6.1507397,-6.18074,-6.30074,-6.0707397,-5.78074,-5.5207396,-5.30074,-5.08074,-4.68074,-3.6507397,-3.1407397,-3.4807398,-3.3107398,-2.6307397,-2.8007398,-2.3907397,-2.6707397,-2.3207397,-1.3307397,-1.9707397,-3.1107397,-3.2007399,0.07926025,0.029260254,-3.7207398,-1.4907397,-0.110739745,-2.5607398,8.67926,11.32926,11.29926,11.95926,11.6892605,11.28926,10.819261,10.20926,9.13926,3.2092602,1.0192603,1.1092602,1.2292602,1.4492602,4.0392604,5.02926,5.23926,4.4592605,3.2392602,1.1692603,0.30926025,0.49926025,0.54926026,0.75926024
-5.1907396,-5.53074,-5.5407395,-5.80074,-6.0207396,-6.1707397,-6.3607397,-6.41074,-6.2107396,-5.83074,-5.5907397,-5.5007396,-5.2907395,-5.22074,-4.95074,-4.2907395,-4.0707397,-3.6907396,-3.2207398,-3.3007398,-3.5307398,-3.2907398,-2.5307398,-2.1707397,-1.5107398,-1.3307397,-2.2407398,-3.6107397,-2.2407398,1.3092602,-1.4107398,-3.5407398,0.099260256,-1.2607398,-3.0407398,8.42926,12.37926,12.38926,12.09926,11.66926,11.22926,10.75926,10.59926,7.85926,2.8892603,1.8492602,2.0992603,2.3292603,1.0092603,0.67926025,3.4692602,6.4992604,5.6392603,4.19926,2.4292603,0.87926024,0.16926025,-0.36073974,-1.0407398
-5.43074,-5.6507397,-5.9407396,-6.26074,-6.45074,-6.3207397,-5.95074,-5.51074,-5.2307396,-5.35074,-5.4007397,-5.39074,-5.4607396,-5.4807396,-4.99074,-4.66074,-3.8907397,-4.2307396,-4.76074,-4.4007397,-3.4707398,-2.5807397,-2.3107398,-2.2107399,-1.0107398,-1.3307397,-4.3807397,-4.0607395,-0.69073975,1.7292602,-3.0407398,-2.7707398,1.8292602,-2.3907397,1.9892602,11.37926,12.489261,12.20926,12.00926,11.699261,11.17926,10.83926,10.1492605,4.4992604,4.44926,2.9492602,2.6692603,2.6292603,2.1192603,0.039260253,0.11926025,6.5992603,5.3092604,4.50926,2.3092604,0.97926027,0.7692602,0.75926024,0.10926025
-5.6907396,-5.9007397,-6.1107397,-6.1907396,-6.22074,-6.0407395,-5.8207397,-5.64074,-5.60074,-5.64074,-5.70074,-5.5207396,-5.5207396,-5.4207397,-5.1307397,-4.5407395,-4.68074,-4.62074,-3.7807398,-3.0007398,-2.6807396,-2.3307397,-1.9007398,-1.1007397,-2.0907397,-3.9207397,-2.2507398,0.009260254,1.4492602,1.5492603,-4.2307396,2.7292602,-0.5907397,3.4992602,10.07926,10.6892605,11.57926,12.00926,11.70926,11.08926,10.63926,10.36926,8.949261,3.5892603,3.7792602,2.2392602,-0.89073974,-1.1007397,-0.40073976,-0.44073975,-1.0207398,2.6992602,4.4392605,3.7392602,1.9392602,1.6492603,0.82926023,0.42926025,0.18926026
-5.5207396,-5.7107396,-5.8107395,-5.6107397,-5.4607396,-5.55074,-5.85074,-6.0907397,-5.95074,-5.7507396,-5.7307396,-5.49074,-5.4607396,-5.45074,-5.16074,-5.0207396,-4.8207397,-3.3807397,-2.1907396,-2.2907398,-2.4207397,-1.8607397,-1.9507397,-2.5207398,-1.9607397,0.34926024,1.3292602,1.1992602,1.3292602,-1.2407397,0.27926025,2.5592604,0.28926027,10.78926,11.97926,12.359261,12.1892605,11.1892605,10.1892605,9.74926,9.71926,9.1492605,7.4792604,3.6592603,2.2592602,1.9992603,1.3392602,0.79926026,0.72926027,0.16926025,0.8992603,0.82926023,2.0892603,2.2992601,1.1792603,1.4292603,1.4592602,0.8992603,0.57926023
-5.7107396,-5.7707396,-5.4807396,-5.43074,-5.4407396,-5.7307396,-6.0407395,-5.83074,-5.4807396,-5.6507397,-5.55074,-5.2307396,-5.2507396,-5.14074,-5.16074,-5.3607397,-4.5007396,-3.7007399,-3.5507398,-2.6907396,-2.1007397,-1.6807398,-1.0707397,-0.29073974,0.31926024,0.75926024,0.13926025,0.40926024,0.23926026,-0.32073975,2.2892601,-1.3207397,5.9292603,11.59926,11.83926,11.40926,10.11926,8.97926,8.819261,8.95926,8.22926,4.71926,2.9492602,1.7892603,1.3392602,1.0892602,1.4692602,1.5492603,1.8792603,2.4992602,4.0592604,2.2792602,1.0392603,1.5892602,1.7792603,1.4092603,1.4292603,0.9592602,0.46926025
-5.7107396,-5.6507397,-5.5907397,-5.5407395,-5.2507396,-5.5407395,-5.4807396,-5.22074,-5.24074,-5.3207397,-5.16074,-5.08074,-4.99074,-4.85074,-5.1507397,-5.30074,-4.7507396,-5.08074,-3.5907397,-2.1607397,-1.3207397,-0.20073974,0.7692602,1.0292603,0.009260254,-1.2207397,-1.4407398,-1.1807398,-0.51073974,0.93926024,-0.12073974,2.0092602,9.51926,10.80926,10.11926,9.26926,8.819261,9.07926,6.79926,2.4692602,3.7692602,1.3792603,1.6092602,1.6792603,1.5192603,1.3392602,1.5192603,3.4592602,3.5292602,2.5192602,3.8292603,2.9392602,2.5792603,0.6592603,-0.14073974,0.35926026,1.1192603,1.4792602,1.8192602
-5.10074,-5.1307397,-5.2307396,-4.74074,-4.80074,-5.0407395,-4.64074,-4.7307396,-5.0207396,-5.10074,-4.9607396,-4.7307396,-4.60074,-4.97074,-5.2107396,-5.5007396,-5.8207397,-4.8207397,-1.9407398,-0.63073975,0.33926025,1.2692603,0.93926024,-0.24073975,-1.1207397,-1.3107398,-1.4907397,-2.4807398,-1.8507397,0.059260253,2.2892601,9.38926,10.08926,9.67926,9.6492605,9.609261,8.07926,5.79926,0.66926026,0.8492603,1.2492603,1.6792603,2.1792603,2.4592602,2.4192603,1.7792603,1.7992603,2.2092602,1.6592603,0.30926025,1.1392603,1.8692603,2.1592603,1.9592602,1.2692603,0.43926024,1.1392603,1.7092602,1.5492603
