UV_10m_small_gfs.t12z.pgrb2.0p25.f012.json
{"header": { "discipline":0, "disciplineName":"Meteorological products", "gribEdition":2, "gribLength":17311, "center":7, "centerName":"US National Weather Service - NCEP(WMC)", "subcenter":0, "refTime":"2023-03-21T12:00:00.000Z", "significanceOfRT":1, "significanceOfRTName":"Start of forecast", "productStatus":0, "productStatusName":"Operational products", "productType":1, "productTypeName":"Forecast products", "productDefinitionTemplate":0, "productDefinitionTemplateName":"Analysis/forecast at horizontal level/layer at a point in time", "parameterCategory":2, "parameterCategoryName":"Momentum", "parameterNumber":3, "parameterNumberName":"V-component_of_wind", "parameterUnit":"m.s-1", "genProcessType":2, "genProcessTypeName":"Forecast", "forecastTime":12, "surface1Type":103, "surface1TypeName":"Specified height level above ground", "surface1Value":10.0, "surface2Type":255, "surface2TypeName":"Missing", "surface2Value":0.0, "gridDefinitionTemplate":0, "gridDefinitionTemplateName":"Latitude_Longitude", "numberPoints":11421, "shape":6, "shapeName":"Earth spherical with radius of 6,371,229.0 m", "gridUnits":"degrees", "resolution":48, "winds":"true", "scanMode":64, "nx":141, "ny":81, "basicAngle":0, "lo1":210.0, "la1":30.0, "lo2":245.0, "la2":50.0, "dx":0.25, "dy":0.25 }, "data":
[rows 50 to 74 of 81, columns 57 to 113 of 141]
-10.703967,-10.993967,-11.163967,-11.403967,-11.713967,-12.053967,-12.403967,-12.543967,-12.343967,-12.333967,-12.413967,-12.333967,-12.083967,-12.053967,-11.923967,-12.313968,-12.673967,-12.693967,-12.713967,-13.053967,-13.463967,-13.323967,-13.053967,-13.113967,-13.023968,-13.243967,-13.603968,-13.913967,-14.273968,-14.693967,-15.133967,-15.233967,-15.093967,-15.153967,-15.593967,-15.963967,-16.203968,-16.333967,-16.473967,-16.733967,-16.753967,-16.663967,-16.413967,-16.373968,-16.953968,-10.543967,-3.0639672,-2.9839673,-2.9239674,-0.8139673,-0.20396729,-1.1839672,-1.8939673,-0.65396726,-0.22396728,-2.0239673,-2.1639674
-10.483967,-10.783967,-11.033967,-11.333967,-11.573967,-11.723968,-11.963967,-12.283967,-12.443967,-12.633967,-12.973968,-13.173967,-12.713967,-12.423967,-12.053967,-11.523968,-11.813968,-12.283967,-12.403967,-12.383967,-12.553967,-12.523968,-12.443967,-12.653967,-12.673967,-12.733967,-12.993967,-13.363967,-13.773968,-14.213967,-14.703967,-14.993967,-14.843967,-14.823967,-14.863967,-15.103968,-15.433968,-15.653967,-15.823967,-16.023968,-16.183968,-15.983967,-15.803967,-15.5139675,-15.573967,-9.363967,-3.4439673,-2.3039672,-2.5039673,-2.4639673,-2.4639673,-1.0939673,-0.6739673,-0.78396726,0.11603271,-1.0739673,-1.3839673
-10.303967,-10.603968,-10.823967,-11.103968,-11.523968,-11.783967,-11.963967,-12.123967,-12.193967,-12.343967,-12.593967,-13.0139675,-13.163967,-13.303967,-13.323967,-12.663967,-11.703967,-11.573967,-12.0139675,-12.053967,-11.863967,-11.463967,-11.333967,-11.613967,-12.063968,-12.293967,-12.443967,-12.843967,-13.323967,-13.713967,-14.093967,-14.453967,-14.433968,-14.583967,-14.683968,-14.783967,-15.023968,-15.173967,-15.233967,-15.353968,-15.493967,-15.293967,-14.923967,-14.703967,-14.543967,-12.673967,-4.083967,-3.1139672,-2.6539674,-2.2939672,-1.1139673,-1.2039673,-1.2239673,-0.9739673,-0.59396726,-1.2039673,-1.8139672
-10.093967,-10.433968,-10.7639675,-10.983967,-11.193967,-11.503967,-11.783967,-12.053967,-12.063968,-12.063968,-12.383967,-12.983967,-13.183968,-13.283967,-13.473968,-13.643968,-12.973968,-11.773968,-11.343967,-11.473968,-11.323967,-11.033967,-10.583967,-10.443967,-11.143968,-11.703967,-11.823967,-11.993967,-12.533967,-13.143968,-13.543967,-13.873967,-14.023968,-14.193967,-14.423967,-14.593967,-14.823967,-14.943967,-15.0139675,-14.963967,-14.943967,-14.933968,-14.453967,-13.813968,-13.443967,-12.483967,-5.0339675,-3.5939672,-3.5739672,-3.4239674,-2.9839673,-1.5039673,-1.5339673,-1.6539673,-1.1139673,-0.7239673,-1.4139673
-9.883967,-10.163967,-10.5139675,-10.853968,-11.063968,-11.313968,-11.573967,-11.933968,-12.123967,-11.903967,-11.833967,-12.083967,-12.573967,-13.073967,-13.113967,-13.193967,-13.333967,-11.983967,-10.653967,-10.653967,-10.673967,-10.473968,-10.403967,-9.803967,-9.863967,-10.843967,-11.473968,-11.493967,-11.713967,-12.193967,-12.663967,-13.153967,-13.453967,-13.583967,-13.783967,-13.973968,-14.213967,-14.373967,-14.473968,-14.5139675,-14.493967,-14.463967,-14.243967,-13.653967,-12.993967,-12.873967,-8.063968,-3.7739673,-3.8739672,-3.7339673,-2.2039673,-0.84396726,-0.023967285,-0.6739673,-0.9539673,-0.9139673,-1.5039673
-9.683968,-10.043967,-10.353968,-10.643968,-10.943967,-11.183968,-11.423967,-11.663967,-11.943967,-12.023968,-12.063968,-11.923967,-12.023968,-12.573967,-12.923967,-12.463967,-12.973968,-12.613967,-10.383967,-10.113967,-10.173967,-10.293967,-10.223968,-9.823967,-9.073967,-9.443967,-10.563968,-11.023968,-11.173967,-11.5139675,-11.913967,-12.303967,-12.613967,-12.933968,-13.203967,-13.333967,-13.613967,-13.873967,-14.093967,-14.283967,-14.313968,-14.233967,-14.163967,-13.933968,-13.593967,-13.383967,-9.463967,-2.6939673,-3.2739673,-4.083967,-3.6139672,-2.5839672,-1.0339673,-0.38396728,0.30603272,0.3460327,0.23603271
-9.503967,-9.813968,-10.213967,-10.5139675,-10.743967,-10.993967,-11.2639675,-11.523968,-11.873967,-12.023968,-11.993967,-11.933968,-11.823967,-11.783967,-11.863967,-12.363967,-12.023968,-12.403967,-10.903967,-10.053967,-9.843967,-9.833967,-10.033967,-10.023968,-9.313968,-9.233967,-9.893968,-10.413967,-10.773968,-10.903967,-10.943967,-11.343967,-11.793967,-12.223968,-12.643968,-12.903967,-13.193967,-13.593967,-13.873967,-13.863967,-13.993967,-14.193967,-14.053967,-13.753967,-13.443967,-13.413967,-10.943967,-2.7439673,-3.4639673,-4.0939674,-4.143967,-1.5239673,0.42603272,0.4760327,0.5860327,-0.7239673,-1.8439673
-9.363967,-9.633967,-9.933968,-10.293967,-10.613967,-10.873967,-11.113967,-11.373967,-11.633967,-11.913967,-12.053967,-12.003967,-11.653967,-11.743967,-11.283967,-11.663967,-11.943967,-11.873967,-11.683968,-10.333967,-9.453967,-9.443967,-9.633967,-9.673967,-9.293967,-9.143968,-9.473968,-9.983967,-10.293967,-10.583967,-10.483967,-10.863967,-11.323967,-11.693967,-12.213967,-12.523968,-12.723968,-13.043967,-13.343967,-13.593967,-13.943967,-14.123967,-13.953967,-13.5139675,-13.033967,-12.953967,-11.533967,-3.1339674,-2.9239674,-4.393967,-6.8239675,-3.1639674,-0.9139673,-1.9039673,-2.2039673,-1.4239672,-2.1539674
-9.203967,-9.503967,-9.7639675,-10.083967,-10.413967,-10.703967,-10.943967,-11.233967,-11.463967,-11.7639675,-12.133967,-12.0139675,-11.273968,-10.853968,-11.193967,-11.373967,-11.843967,-11.703967,-11.653967,-11.113967,-9.643968,-8.833967,-9.063968,-9.233967,-9.0139675,-8.603968,-8.793967,-9.293967,-9.463967,-9.563968,-9.673967,-10.043967,-10.583967,-10.973968,-11.413967,-11.913967,-12.2639675,-12.563968,-12.873967,-13.073967,-13.433968,-13.593967,-13.403967,-13.073967,-12.723968,-12.523968,-11.783967,-3.9539673,-2.4139674,-3.2439673,-5.1339674,-4.0539675,-1.6839672,-0.6339673,-0.2539673,-0.6339673,-1.7439673
-9.023968,-9.363967,-9.643968,-9.913967,-10.213967,-10.543967,-10.843967,-11.133967,-11.383967,-11.643968,-11.963967,-11.813968,-11.373967,-11.113967,-11.223968,-11.293967,-11.633967,-11.783967,-11.483967,-11.2639675,-10.153967,-8.583967,-8.503967,-8.873967,-8.833967,-8.023968,-8.243967,-8.693967,-8.953967,-8.853968,-8.833967,-9.153967,-9.7639675,-10.333967,-10.743967,-11.223968,-11.693967,-11.953967,-12.143968,-12.283967,-12.413967,-12.603968,-12.823967,-12.813968,-12.2639675,-11.803967,-11.593967,-4.243967,-2.6239672,-3.3439672,-3.7839673,-3.6539674,-2.2139673,-1.2839673,-1.5239673,-1.3339673,-1.7539673
-8.773968,-9.123967,-9.463967,-9.743967,-9.993967,-10.323967,-10.623967,-10.913967,-11.173967,-11.423967,-11.713967,-11.913967,-11.193967,-11.153967,-11.213967,-11.133967,-11.473968,-11.543967,-11.463967,-11.133967,-10.103968,-8.403967,-8.053967,-8.213967,-8.183968,-7.913967,-7.9039674,-8.183968,-8.393968,-8.483967,-8.453967,-8.673967,-9.163967,-9.7639675,-10.233967,-10.613967,-11.083967,-11.373967,-11.653967,-11.793967,-11.883967,-12.213967,-12.663967,-12.673967,-12.373967,-12.293967,-12.363967,-5.223967,-2.9639673,-3.1139672,-3.1339674,-3.1539674,-1.5839673,0.036032714,-0.15396729,-0.7239673,-1.2739673
-8.573967,-8.953967,-9.313968,-9.623967,-9.843967,-10.063968,-10.293967,-10.633967,-10.963967,-11.183968,-11.353968,-11.503967,-11.453967,-11.503967,-11.313968,-11.123967,-11.453967,-11.663967,-11.583967,-11.063968,-9.793967,-7.9439673,-7.9239674,-8.023968,-7.9639673,-8.023968,-8.003967,-8.083967,-8.293967,-8.453967,-8.493967,-8.533967,-8.813968,-9.273968,-9.613967,-9.963967,-10.463967,-10.693967,-11.043967,-11.343967,-11.543967,-12.023968,-12.413967,-12.5139675,-12.7639675,-13.113967,-13.373967,-7.603967,-1.3639673,-1.9839673,-2.6039672,-2.9639673,-2.6239672,-1.1839672,0.24603271,0.48603272,-0.7439673
-8.333967,-8.703967,-9.083967,-9.393968,-9.663967,-9.873967,-10.043967,-10.353968,-10.733967,-10.743967,-10.833967,-11.113967,-11.133967,-10.993967,-10.903967,-10.893968,-11.233967,-11.463967,-11.273968,-10.843967,-9.633967,-7.973967,-7.833967,-7.9439673,-8.103968,-8.093967,-8.283967,-8.343967,-8.083967,-8.143968,-8.403967,-8.533967,-8.733967,-9.0139675,-9.323967,-9.423967,-9.603968,-10.0139675,-10.523968,-10.913967,-11.203967,-11.683968,-12.043967,-12.363967,-12.783967,-13.303967,-13.723968,-8.403967,-1.9639673,-2.0739672,-1.6239673,-1.2939672,-1.6739672,-2.4339674,-1.9039673,-1.1139673,-0.7239673
-8.193967,-8.553967,-8.873967,-9.193967,-9.503967,-9.703967,-9.893968,-10.153967,-10.5139675,-10.693967,-10.593967,-10.543967,-10.583967,-10.623967,-10.673967,-10.813968,-11.073967,-11.303967,-10.973968,-10.403967,-9.703967,-8.343967,-7.953967,-7.3439674,-7.2539673,-7.5239673,-7.893967,-8.153967,-7.7639675,-7.453967,-7.7339673,-8.0139675,-8.273968,-8.603968,-8.813968,-8.883967,-9.053967,-9.373967,-9.783967,-10.253967,-10.733967,-11.183968,-11.603968,-12.103968,-12.363967,-12.093967,-12.523968,-7.933967,-1.7139673,-1.8539673,-1.7239673,-1.1739672,-0.5439673,-0.4639673,-0.4039673,0.12603271,1.0060327
-7.9439673,-8.353968,-8.733967,-9.033967,-9.323967,-9.563968,-9.753967,-9.973968,-10.323967,-10.543967,-10.413967,-10.303967,-10.413967,-10.483967,-10.613967,-10.793967,-11.003967,-11.213967,-11.003967,-10.303967,-9.923967,-9.153967,-8.373967,-7.413967,-6.6939673,-6.7339673,-6.8839674,-7.243967,-7.3239675,-6.6739674,-6.873967,-7.2739673,-7.5739675,-7.9039674,-8.153967,-8.203967,-8.203967,-8.463967,-9.093967,-9.723968,-10.373967,-10.7639675,-11.033967,-11.293967,-11.623967,-11.913967,-12.163967,-8.153967,-1.7939672,-2.2239673,-2.3639672,-1.8239673,0.15603271,0.45603272,0.16603272,0.9860327,1.6360327
-7.6739674,-8.133967,-8.563968,-8.863967,-9.183968,-9.443967,-9.653967,-9.873967,-10.163967,-10.5139675,-10.443967,-10.363967,-10.413967,-10.573967,-10.7639675,-10.883967,-11.133967,-11.293967,-11.173967,-10.683968,-10.143968,-9.653967,-8.453967,-7.0939674,-6.123967,-5.7639675,-5.8639674,-6.103967,-6.703967,-6.0139675,-6.1339674,-6.5139675,-6.8439674,-7.163967,-7.373967,-7.5939674,-7.7539673,-8.0139675,-8.493967,-8.813968,-9.043967,-9.463967,-10.123967,-10.783967,-11.093967,-11.233967,-11.653967,-7.813967,-2.5539672,-2.9439673,-3.0039673,-3.2439673,-2.5139673,-0.17396729,0.7560327,0.6360327,-0.5139673
-7.433967,-7.913967,-8.363967,-8.723968,-9.033967,-9.333967,-9.593967,-9.803967,-10.003967,-10.333967,-10.493967,-10.373967,-10.583967,-10.633967,-10.733967,-10.993967,-11.323967,-11.463967,-11.083967,-10.553967,-9.963967,-9.033967,-8.003967,-6.373967,-5.5439672,-5.413967,-5.1939673,-4.813967,-5.683967,-5.3439674,-5.5139675,-5.9439673,-6.2639675,-6.4839673,-6.6339674,-6.893967,-7.2639675,-7.703967,-7.973967,-7.873967,-7.7339673,-7.913967,-8.423967,-9.333967,-10.0139675,-10.2639675,-10.543967,-7.873967,-3.0639672,-3.2639673,-3.3339672,-3.2339673,-3.0039673,-1.6739672,-1.2839673,-0.42396727,0.026032714
-7.0939674,-7.6339674,-8.143968,-8.573967,-8.903967,-9.223968,-9.493967,-9.693967,-9.923967,-10.223968,-10.463967,-10.253967,-10.543967,-10.413967,-10.643968,-11.083967,-11.433968,-11.443967,-11.133967,-10.773968,-10.583967,-9.133967,-7.9039674,-6.563967,-5.163967,-5.1739674,-5.0039673,-3.6839674,-4.913967,-4.6339674,-4.9039674,-5.433967,-5.7739673,-5.8639674,-5.9639673,-6.3039675,-6.853967,-7.373967,-7.473967,-7.3639674,-7.203967,-7.143967,-7.143967,-7.3639674,-7.8239675,-8.253967,-8.283967,-4.933967,-2.9039674,-3.0039673,-3.0739672,-3.4039674,-3.4739673,-2.9939673,-2.2239673,-0.7039673,-0.18396729
-6.723967,-7.2739673,-7.833967,-8.343967,-8.733967,-9.073967,-9.363967,-9.573967,-9.813968,-10.053967,-10.383967,-10.333967,-10.413967,-10.373967,-10.673967,-11.093967,-11.403967,-11.573967,-11.453967,-11.223968,-10.393968,-9.663967,-8.423967,-6.603967,-5.4439673,-4.7739673,-3.7339673,-3.4739673,-4.5039673,-4.0939674,-4.4239674,-4.8839674,-5.2539673,-5.5239673,-5.7739673,-6.2139673,-6.743967,-7.0039673,-7.0239673,-7.103967,-7.0239673,-7.0139675,-7.083967,-6.8839674,-6.7139673,-6.7839675,-6.5739675,-3.0439672,-1.3039672,-1.4139673,-2.1139672,-2.8239672,-3.2239673,-3.3039672,-2.8339672,-1.6139673,-0.29396728
-6.333967,-6.8639674,-7.433967,-8.033967,-8.523968,-8.883967,-9.163967,-9.373967,-9.603968,-9.853968,-10.173967,-10.473968,-10.293967,-10.453967,-10.823967,-11.123967,-11.413967,-11.583967,-11.5139675,-11.173967,-10.523968,-8.933968,-7.8839674,-6.2939672,-5.433967,-3.6439674,-3.2939672,-3.9539673,-4.1339674,-3.8539672,-4.1139674,-4.5739675,-5.0739675,-5.5239673,-5.8439674,-6.163967,-6.413967,-6.583967,-6.7139673,-6.813967,-6.6939673,-6.893967,-7.2739673,-7.2539673,-6.743967,-5.9839673,-4.3439674,-0.3639673,0.6360327,-0.18396729,-1.3739673,-2.5139673,-3.7839673,-4.413967,-4.0139675,-2.3139672,-0.003967285
-5.9239674,-6.4839673,-7.063967,-7.6339674,-8.173967,-8.613967,-8.943967,-9.213967,-9.463967,-9.713967,-9.953967,-10.333967,-10.273968,-10.463967,-10.843967,-11.273968,-11.503967,-11.5139675,-11.623967,-11.343967,-10.643968,-9.303967,-5.913967,-4.8639674,-4.1139674,-3.2739673,-3.6239672,-4.123967,-4.2139673,-3.8639672,-3.9139674,-4.3639674,-5.0039673,-5.623967,-5.9039674,-6.123967,-6.243967,-6.373967,-6.433967,-6.4239674,-6.5239673,-6.993967,-7.6939673,-8.313968,-8.253967,-6.183967,-1.1039673,0.3460327,0.8060327,0.3860327,-0.6339673,-2.0739672,-3.8339672,-4.873967,-4.493967,-3.2739673,-1.2039673
-5.5239673,-6.083967,-6.623967,-7.223967,-7.7939672,-8.2639675,-8.693967,-9.033967,-9.273968,-9.533967,-9.803967,-10.103968,-10.453967,-10.893968,-11.2639675,-11.5139675,-11.713967,-11.583967,-11.5139675,-11.193967,-10.163967,-10.683968,-6.473967,-4.123967,-3.9339674,-3.9039674,-3.8539672,-4.063967,-4.3039675,-3.9439673,-3.6939673,-4.123967,-4.7739673,-5.3839674,-5.7539673,-5.9239674,-6.0339675,-6.103967,-6.0139675,-6.0739675,-6.4439673,-7.1139674,-7.7939672,-8.5139675,-9.483967,-6.0539675,0.9260327,0.016032714,-0.7939673,-0.9339673,-0.9339673,-2.1339674,-4.3039675,-4.853967,-3.8939674,-3.3439672,-1.4939673
-5.143967,-5.703967,-6.2639675,-6.8039675,-7.373967,-7.9639673,-8.463967,-8.843967,-9.143968,-9.413967,-9.683968,-9.893968,-10.293967,-10.873967,-11.373967,-11.743967,-11.983967,-11.753967,-11.993967,-11.773968,-10.783967,-10.293967,-7.453967,-4.373967,-3.6639674,-3.4739673,-3.6639674,-3.9939673,-4.143967,-3.9239674,-3.8439672,-4.1139674,-4.433967,-4.853967,-5.2639675,-5.5139675,-5.7339673,-5.813967,-5.623967,-5.6739674,-5.9039674,-6.3639674,-6.9239674,-7.5939674,-8.183968,-4.393967,-2.9939673,-1.9439673,-1.3839673,-1.0639672,-1.4539673,-2.0539672,-3.0539672,-3.7739673,-2.7139673,-1.9939673,-1.2239673
-4.7139673,-5.2839675,-5.833967,-6.413967,-7.0139675,-7.583967,-8.123967,-8.613967,-9.003967,-9.293967,-9.593967,-9.913967,-10.173967,-10.583967,-10.993967,-11.343967,-11.623967,-11.483967,-11.543967,-11.343967,-10.843967,-10.413967,-9.063968,-4.6739674,-2.7339673,-2.7739673,-3.0039673,-3.5339673,-4.0939674,-3.9639673,-3.8439672,-4.0239673,-4.203967,-4.453967,-4.7139673,-4.8039675,-4.9039674,-4.873967,-4.813967,-4.953967,-5.063967,-5.143967,-5.223967,-5.313967,-5.5539675,-2.5239673,-1.6039673,-0.073967285,0.72603273,1.6760327,0.59603274,-0.29396728,-2.1539674,-3.1139672,-1.6739672,-0.59396726,-0.3439673
-4.223967,-4.8439674,-5.4039674,-5.9839673,-6.583967,-7.183967,-7.7339673,-8.233967,-8.683968,-9.0139675,-9.353968,-9.783967,-10.113967,-10.433968,-10.673967,-10.883967,-11.233967,-11.173967,-11.283967,-11.223968,-11.043967,-10.7639675,-9.793967,-4.933967,-2.3439672,-2.7139673,-2.9739673,-3.3039672,-3.9339674,-3.9239674,-3.6439674,-3.8139672,-4.0139675,-4.223967,-4.393967,-4.3639674,-4.123967,-4.0739675,-4.1739674,-4.3839674,-4.5939674,-4.5339675,-4.2339673,-3.8039672,-2.8539672,-0.3339673,0.39603272,0.106032714,-0.7639673,-1.4539673,-2.4539673,-1.5339673,-3.1439674,-3.2939672,-1.1339673,-1.0639672,-1.3639673
