UV_10m_small_gfs.t12z.pgrb2.0p25.f045.json
{"header": { "discipline":0, "disciplineName":"Meteorological products", "gribEdition":2, "gribLength":17311, "center":7, "centerName":"US National Weather Service - NCEP(WMC)", "subcenter":0, "refTime":"2023-03-21T12:00:00.000Z", "significanceOfRT":1, "significanceOfRTName":"Start of forecast", "productStatus":0, "productStatusName":"Operational products", "productType":1, "productTypeName":"Forecast products", "productDefinitionTemplate":0, "productDefinitionTemplateName":"Analysis/forecast at horizontal level/layer at a point in time", "parameterCategory":2, "parameterCategoryName":"Momentum", "parameterNumber":3, "parameterNumberName":"V-component_of_wind", "parameterUnit":"m.s-1", "genProcessType":2, "genProcessTypeName":"Forecast", "forecastTime":45, "surface1Type":103, "surface1TypeName":"Specified height level above ground", "surface1Value":10.0, "surface2Type":255, "surface2TypeName":"Missing", "surface2Value":0.0, "gridDefinitionTemplate":0, "gridDefinitionTemplateName":"Latitude_Longitude", "numberPoints":11421, "shape":6, "shapeName":"Earth spherical with radius of 6,371,229.0 m", "gridUnits":"degrees", "resolution":48, "winds":"true", "scanMode":64, "nx":141, "ny":81, "basicAngle":0, "lo1":210.0, "la1":30.0, "lo2":245.0, "la2":50.0, "dx":0.25, "dy":0.25 }, "data":
[rows 26 to 51 of 81, columns 0 to 57 of 141]
3.6226416,3.3626416,2.8326416,2.2126417,1.6626416,1.3626416,1.4526416,1.4126416,1.1526417,1.2426416,1.5226417,1.2126416,0.8426416,0.5226416,0.0726416,-0.30735838,-0.4973584,-0.9073584,-1.3273584,-1.2373585,-1.4373584,-1.7573584,-1.8373584,-1.9573584,-2.2973585,-2.6073585,-2.8473585,-2.9073584,-3.0273583,-3.1973584,-3.3273585,-3.2573583,-3.3473585,-3.5673585,-3.5173583,-3.5473585,-3.6573584,-3.6373584,-3.5873585,-3.3373585,-3.3973584,-3.5073583,-3.4273584,-3.2573583,-3.2573583,-3.3973584,-3.8273585,-4.3073583,-4.6873584,-4.8773584,-4.9173584,-5.0873585,-5.387358,-5.617358,-5.8073583,-5.9673586,-5.867358,-5.6473584
3.0826416,2.6326416,2.3326416,1.9926416,1.7726417,1.5726416,1.1426415,0.7726416,0.44264162,0.1326416,0.1226416,-0.1673584,-0.4673584,-0.6273584,-0.9373584,-1.1273584,-1.1873584,-1.4173584,-1.4673584,-1.1373584,-0.9173584,-0.9873584,-1.1973584,-1.4473584,-1.6873584,-1.9373584,-2.2273583,-2.4873583,-2.7273583,-2.9073584,-2.9673584,-2.9173584,-2.9073584,-2.8373585,-2.8073585,-3.1073585,-3.5573585,-4.0673585,-4.7673583,-5.0773582,-4.847358,-4.6673584,-4.4373584,-3.9873583,-3.4173584,-3.1373584,-3.5973585,-4.1973586,-4.4673586,-4.5273585,-4.6673584,-4.7773585,-4.9973583,-5.2773585,-5.3973584,-5.3573585,-5.3073583,-5.5373583
2.1126416,1.5226417,0.9626416,0.6826416,0.3026416,-0.2973584,-0.8973584,-1.2873584,-1.5573584,-1.7873584,-2.1473584,-2.1773584,-2.1573584,-1.9073584,-1.5673584,-1.4073584,-1.5273584,-1.6273584,-1.8073584,-1.9973584,-2.1973584,-2.4973583,-2.8673584,-3.2573583,-3.3973584,-3.1673584,-2.9273584,-2.8773584,-2.8373585,-2.6873584,-2.4973583,-2.3773584,-2.5273583,-3.0273583,-3.4073584,-3.6473584,-3.9873583,-4.5473585,-4.9773583,-5.1773586,-5.097358,-4.9173584,-4.8273582,-4.617358,-4.1673584,-3.4373584,-3.6373584,-4.2273583,-4.4873586,-4.6473584,-4.8073583,-4.9473586,-5.1973586,-5.4573584,-5.4973583,-5.0473585,-4.597358,-4.7073584
1.0026416,0.6626416,0.2826416,-0.2273584,-0.5773584,-0.7573584,-1.0273584,-1.4873585,-1.8573585,-1.9573584,-1.9773583,-2.0473585,-2.1173584,-2.1473584,-2.1273584,-2.1173584,-2.1873584,-2.2873583,-2.3873584,-2.5273583,-2.9373584,-3.2873583,-3.4073584,-3.6573584,-4.0073586,-4.1673584,-4.157358,-4.1273584,-4.0673585,-4.117358,-4.0073586,-3.4273584,-2.8073585,-2.8473585,-3.1273584,-3.3473585,-3.2273583,-2.7973585,-2.8273585,-2.9173584,-2.8373585,-3.4373584,-3.8973584,-4.0873585,-4.0773582,-3.5473585,-3.4873583,-3.8473585,-4.2173586,-4.3773584,-4.4773583,-4.5273585,-4.617358,-4.7573586,-4.4973583,-4.0373583,-3.7073584,-3.8373585
0.7626416,0.5626416,0.2226416,-0.017358398,-0.077358395,-0.3473584,-0.7673584,-1.0173584,-1.0873584,-1.1073585,-1.1273584,-1.2073584,-1.3573585,-1.5173584,-1.5373584,-1.4173584,-1.3473583,-1.4273584,-1.6373584,-1.9373584,-2.1573584,-2.3473585,-2.6173584,-2.9273584,-3.2073584,-3.5173583,-3.8173585,-4.0073586,-4.2473583,-4.4773583,-4.6073585,-4.6273584,-4.1473584,-3.5473585,-3.3473585,-3.1073585,-2.6173584,-2.3073585,-2.1673584,-2.3173585,-1.6073585,-1.6073585,-2.0273583,-2.3573585,-2.5673585,-2.8473585,-2.8873584,-2.9173584,-3.1373584,-3.2673583,-3.2973585,-3.4373584,-3.5473585,-3.4573584,-3.2073584,-3.0873585,-3.0773585,-3.2573583
0.6126416,0.4026416,0.3926416,0.4926416,0.2526416,-0.1673584,-0.5173584,-0.6873584,-0.7173584,-0.8073584,-1.0173584,-1.2273583,-1.3073584,-1.1973584,-0.9973584,-0.8173584,-0.7573584,-0.7973584,-0.8773584,-1.0073584,-1.2673584,-1.7873584,-2.4073584,-2.7773583,-2.9573584,-3.0873585,-3.1773584,-3.3273585,-3.4873583,-3.6073585,-3.8373585,-4.1973586,-4.3773584,-4.2973585,-4.2073584,-4.1873584,-4.097358,-4.0473585,-4.1073585,-4.137358,-4.1673584,-4.2773585,-4.2573586,-3.9473584,-3.8273585,-3.8473585,-3.8773584,-3.9073584,-3.8473585,-3.7273583,-3.4973583,-3.0873585,-2.7273583,-2.6073585,-2.5973585,-2.6373584,-2.9173584,-3.2873583
0.6726416,0.8126416,0.7326416,0.3826416,-0.0073583983,-0.2773584,-0.3973584,-0.4173584,-0.5373584,-0.8373584,-1.1573584,-1.3473583,-1.4273584,-1.3073584,-1.0573584,-1.1073585,-1.4173584,-1.8373584,-2.2173584,-2.5973585,-2.9073584,-3.0573585,-3.3973584,-3.8673584,-4.2373586,-4.4573584,-4.637358,-4.7673583,-4.6773586,-4.3173585,-4.1873584,-4.367358,-4.7373586,-5.0873585,-5.1273584,-4.9573584,-4.7373586,-4.3573585,-4.0473585,-3.9973583,-3.9473584,-3.7473583,-3.7173584,-4.0473585,-4.407358,-4.5773582,-4.5873585,-4.597358,-4.4773583,-4.387358,-4.2473583,-4.0173583,-3.7273583,-3.5073583,-3.5373583,-3.2673583,-2.9973583,-3.1073585
0.6526416,0.4026416,0.0626416,-0.3173584,-0.6273584,-0.8973584,-1.0473584,-1.0773584,-1.2473584,-1.5473584,-1.8873584,-2.1773584,-2.5073583,-2.7573583,-2.9373584,-3.3573585,-3.7773583,-4.2273583,-4.117358,-3.9273584,-4.0173583,-4.3573585,-4.9273586,-5.4573584,-5.6973586,-6.0273585,-6.5873585,-7.0573583,-7.7573586,-8.217359,-8.007359,-7.6773586,-7.1873584,-6.9673586,-6.9373584,-6.9673586,-7.1773586,-7.5573583,-7.637358,-7.3573585,-7.2873583,-7.4673586,-7.5273585,-7.4973583,-7.4973583,-7.407358,-7.1473584,-6.847358,-6.1473584,-5.4273586,-4.5873585,-3.7473583,-3.4573584,-3.7373583,-3.7373583,-3.5673585,-3.1273584,-3.1573584
-0.3173584,-0.6173584,-0.6473584,-0.5173584,-0.3973584,-0.6573584,-1.4273584,-2.1373584,-2.6973584,-3.0873585,-3.3473585,-3.7873583,-4.1673584,-4.3273582,-4.4873586,-4.597358,-4.5873585,-4.617358,-4.8073583,-5.157358,-5.5673585,-5.8073583,-5.7173586,-5.617358,-5.617358,-5.9573584,-6.7373586,-7.3173585,-7.5873585,-7.6673584,-7.8173585,-8.357358,-8.867358,-8.747358,-8.317358,-7.887358,-7.3973584,-7.3173585,-7.887358,-8.2973585,-8.417358,-8.597359,-8.807359,-8.947358,-8.847359,-8.727359,-8.257359,-7.7473583,-7.4273586,-7.1973586,-6.6973586,-6.0273585,-5.2273583,-4.4773583,-3.8773584,-3.5273583,-3.6873584,-3.8273585
-0.6073584,-1.3273584,-1.5073584,-1.4073584,-1.3773584,-1.4473584,-1.5973583,-2.0373583,-2.6873584,-3.2373583,-3.5273583,-3.7373583,-3.8773584,-3.9073584,-3.9573584,-4.0273585,-4.0473585,-3.9773583,-4.0673585,-4.6273584,-5.1673584,-5.5273585,-5.6673584,-5.3773584,-5.157358,-5.3073583,-6.0473585,-6.8573585,-7.2873583,-7.4473586,-7.6073585,-8.017359,-7.8773584,-7.867358,-7.847358,-7.5173583,-7.117358,-7.4273586,-8.097359,-8.427359,-8.517359,-8.697358,-8.737358,-8.917358,-9.207358,-9.197358,-9.247358,-9.247358,-9.227359,-9.027358,-8.5473585,-7.7773585,-7.2373586,-6.867358,-6.2973585,-5.5473585,-5.0473585,-5.0873585
-1.6073585,-1.6473584,-1.6373584,-1.5873584,-1.6173584,-1.7073584,-2.0073583,-2.4173584,-2.7173584,-3.0073583,-3.3073585,-3.3973584,-3.5473585,-3.6973584,-3.8173585,-4.0173583,-4.0773582,-4.2373586,-4.657358,-4.9573584,-4.867358,-4.8073583,-4.8773584,-5.387358,-6.1473584,-6.2073584,-6.2273583,-6.2673583,-6.407358,-6.9473586,-6.9173584,-6.7273583,-6.8573585,-7.2773585,-7.5773582,-7.3373585,-7.0573583,-7.7473583,-8.367358,-8.337358,-7.9673586,-8.077358,-8.137359,-8.5473585,-8.977359,-9.457358,-9.617358,-9.577358,-9.377358,-9.447358,-9.607358,-9.657358,-9.257359,-8.567358,-7.9373584,-7.2673583,-6.4673586,-5.7673583
-1.6973584,-1.4773583,-1.3473583,-1.3873584,-1.6173584,-1.9173584,-2.2073584,-2.2773583,-2.2173584,-2.3173585,-2.5673585,-2.8773584,-3.2173584,-3.5673585,-3.7673583,-3.9873583,-4.3373585,-4.6073585,-4.6473584,-4.5173583,-4.5473585,-4.867358,-5.3573585,-5.8073583,-5.887358,-5.597358,-5.2873583,-5.2773585,-5.4673586,-5.5373583,-5.5173583,-5.6273584,-5.867358,-6.3073583,-6.9973583,-7.7473583,-7.7873583,-7.1673584,-6.887358,-6.8573585,-6.867358,-6.7473583,-7.1273584,-7.7673583,-8.017359,-8.257359,-8.697358,-9.177359,-9.537358,-9.757359,-9.727359,-9.557359,-9.477359,-9.527358,-9.5473585,-9.357358,-8.907358,-8.097359
-0.9373584,-0.9873584,-0.9673584,-0.9973584,-1.2173584,-1.5173584,-1.7873584,-2.0073583,-2.2973585,-2.6173584,-2.9873583,-3.3173585,-3.5173583,-3.6573584,-3.8473585,-4.1273584,-4.3273582,-4.4973583,-4.5673585,-4.7073584,-4.9373584,-5.1273584,-5.2273583,-5.2773585,-5.2773585,-5.3173585,-5.4773583,-5.637358,-5.8073583,-5.8373585,-5.8373585,-5.9573584,-6.2173586,-6.4373584,-6.5673585,-6.8173585,-6.7773585,-6.3173585,-6.0673585,-6.1873584,-6.5073586,-6.637358,-6.637358,-6.8173585,-7.0173583,-7.2073584,-7.3173585,-7.5573583,-7.867358,-8.277358,-8.697358,-8.997358,-9.0473585,-9.017359,-8.937359,-9.207358,-9.657358,-9.867358
-0.6373584,-0.6373584,-0.8773584,-1.2773584,-1.6073585,-1.7173584,-1.9173584,-2.2873583,-2.5573585,-2.7773583,-3.0273583,-3.2473583,-3.4473584,-3.6973584,-3.9473584,-4.117358,-4.2373586,-4.2873583,-4.367358,-4.4973583,-4.617358,-4.637358,-4.6873584,-4.7573586,-4.617358,-4.637358,-4.8373585,-5.0473585,-5.1973586,-5.3973584,-5.5673585,-5.7173586,-5.9373584,-6.097358,-6.2373586,-6.407358,-6.7473583,-7.0473585,-7.3373585,-7.6273584,-7.8373585,-7.7673583,-7.637358,-7.5273585,-7.387358,-7.5073586,-7.6873584,-7.7573586,-7.5773582,-7.5573583,-7.887358,-8.357358,-8.727359,-8.977359,-8.7973585,-8.517359,-8.267359,-8.417358
-0.8673584,-0.9873584,-1.2173584,-1.3473583,-1.4673584,-1.7273583,-2.0673585,-2.4173584,-2.7573583,-3.0973585,-3.3473585,-3.5873585,-3.8473585,-4.097358,-4.2673583,-4.367358,-4.5273585,-4.6873584,-4.7673583,-4.8573585,-4.9973583,-5.097358,-5.1473584,-5.2773585,-5.4273586,-5.5673585,-5.9673586,-6.2773585,-6.4873586,-6.6073585,-6.7573586,-6.9773583,-7.3173585,-7.5173583,-7.4473586,-6.8073583,-6.1273584,-6.0473585,-6.347358,-6.8773584,-7.1773586,-7.2473583,-7.5373583,-7.9173584,-8.077358,-8.207358,-8.437359,-8.697358,-8.717359,-8.387359,-8.177359,-8.137359,-8.417358,-8.827358,-8.977359,-8.937359,-8.637359,-8.217359
-0.7773584,-0.8673584,-1.0573584,-1.2773584,-1.5673584,-1.9573584,-2.3373585,-2.6973584,-3.0873585,-3.3573585,-3.4673584,-3.5673585,-3.7273583,-3.9673584,-4.2473583,-4.4573584,-4.6473584,-4.7873583,-4.8073583,-4.7773585,-4.7973585,-4.8573585,-4.9773583,-5.0373583,-5.3973584,-5.4573584,-5.5273585,-5.657358,-5.7573586,-5.7573586,-5.8973584,-6.1973586,-6.4373584,-6.5773582,-6.9273586,-7.3773584,-7.4473586,-7.3273582,-7.0273585,-6.7573586,-6.7673583,-7.0073586,-7.0873585,-6.8373585,-6.7073584,-6.9173584,-7.2773585,-7.7173586,-8.197358,-8.627358,-9.077358,-8.997358,-8.777358,-8.7973585,-8.897358,-9.0473585,-9.2973585,-9.197358
-1.0573584,-1.3273584,-1.5473584,-1.8073584,-2.1373584,-2.3273585,-2.6573584,-2.8473585,-2.9073584,-2.9673584,-3.1173584,-3.3673584,-3.6373584,-3.8373585,-3.8773584,-3.9273584,-4.0373583,-4.1273584,-4.2573586,-4.407358,-4.5873585,-4.7973585,-4.9373584,-5.0173583,-5.0873585,-5.2373586,-5.5173583,-5.8373585,-6.0273585,-6.0773582,-6.1673584,-6.3073583,-6.4473586,-6.5673585,-6.6073585,-6.7673583,-7.2673583,-7.7673583,-7.6073585,-7.2073584,-7.2573586,-7.4173584,-7.5673585,-7.9173584,-8.237358,-8.267359,-7.9873586,-8.157358,-8.407358,-8.567358,-8.737358,-9.007359,-9.447358,-9.717359,-9.617358,-9.307359,-9.367358,-9.747358
-1.3873584,-1.6373584,-1.7973584,-1.8873584,-1.9673584,-2.2373583,-2.3673584,-2.3373585,-2.3873584,-2.5673585,-2.7773583,-2.9073584,-2.9473584,-2.9973583,-3.1873584,-3.5073583,-3.8173585,-4.0573583,-4.2173586,-4.387358,-4.5673585,-4.7273583,-4.8773584,-5.0573583,-5.3073583,-5.6073585,-5.8073583,-5.867358,-5.9273586,-6.1273584,-6.3173585,-6.3773584,-6.4673586,-6.657358,-6.9373584,-7.1073585,-7.097358,-7.2773585,-7.6473584,-7.7573586,-7.5473585,-7.2773585,-7.0773582,-7.0473585,-7.1873584,-8.007359,-8.207358,-7.9673586,-8.177359,-8.557359,-8.627358,-8.837358,-8.867358,-9.037358,-9.677359,-9.937359,-9.617358,-9.107358
-1.4173584,-1.3373584,-1.2773584,-1.4173584,-1.6373584,-1.7973584,-1.9573584,-2.2373583,-2.5673585,-2.8273585,-2.9773583,-3.1273584,-3.3173585,-3.5273583,-3.6973584,-3.7873583,-3.8873584,-4.0473585,-4.2573586,-4.4173584,-4.4773583,-4.5473585,-4.6673584,-4.847358,-5.0573583,-5.3273582,-5.5473585,-5.6473584,-5.6873584,-5.7873583,-5.9373584,-6.0473585,-6.1873584,-6.407358,-6.617358,-6.7873583,-6.9473586,-7.0573583,-7.1073585,-7.1673584,-7.2573586,-7.3573585,-7.4573584,-7.6073585,-7.5273585,-7.5373583,-7.5773582,-7.867358,-8.287358,-8.657358,-8.817358,-8.777358,-8.737358,-8.977359,-9.127358,-9.317358,-9.917358,-10.177359
-1.1473584,-1.2973584,-1.5273584,-1.7473584,-1.9773583,-2.2173584,-2.4373584,-2.5173583,-2.5273583,-2.6273584,-2.8173585,-3.0373583,-3.2573583,-3.4573584,-3.5973585,-3.6673584,-3.7373583,-3.8773584,-4.1073585,-4.2973585,-4.4373584,-4.597358,-4.8073583,-4.9773583,-5.0373583,-5.0673585,-5.157358,-5.3273582,-5.5373583,-5.7373586,-5.867358,-5.9773583,-6.0673585,-6.157358,-6.2973585,-6.4373584,-6.5873585,-6.6873584,-6.7473583,-6.8773584,-7.0573583,-7.2673583,-7.3573585,-7.6073585,-8.257359,-8.407358,-8.007359,-7.7273583,-8.127358,-8.437359,-8.357358,-8.477359,-8.537358,-8.727359,-9.087358,-8.997358,-8.637359,-8.817358
-1.6173584,-1.9173584,-2.1673584,-2.3173585,-2.3873584,-2.3973584,-2.3573585,-2.3673584,-2.4873583,-2.6273584,-2.8073585,-2.9873583,-3.0573585,-3.1173584,-3.2773583,-3.4673584,-3.6373584,-3.7873583,-3.9773583,-4.2073584,-4.4873586,-4.8173585,-5.0573583,-5.157358,-5.1673584,-5.2173586,-5.347358,-5.4473586,-5.5673585,-5.7473583,-5.907358,-6.0173583,-6.1073585,-6.1773586,-6.2273583,-6.3273582,-6.5173583,-6.6673584,-6.7373586,-6.8073583,-6.8273582,-6.9473586,-7.2873583,-7.8073583,-8.0473585,-7.867358,-8.197358,-8.247358,-8.137359,-7.847358,-7.4773583,-7.5573583,-7.9673586,-8.387359,-8.437359,-8.507359,-8.777358,-8.537358
-2.0873585,-2.2573583,-2.2473583,-2.1573584,-2.0673585,-2.0573585,-2.1673584,-2.3173585,-2.4773583,-2.6373584,-2.7573583,-2.8573585,-3.0273583,-3.2273583,-3.3773584,-3.5273583,-3.6773584,-3.8273585,-3.9973583,-4.2073584,-4.4273586,-4.5373583,-4.5473585,-4.6473584,-4.8773584,-5.1773586,-5.4573584,-5.6973586,-5.9673586,-6.1673584,-6.2173586,-6.1773586,-6.1273584,-6.1073585,-6.157358,-6.3273582,-6.4973583,-6.5573583,-6.6073585,-6.5473585,-6.5273585,-6.7073584,-6.8573585,-6.7373586,-6.8273582,-7.2273583,-7.6873584,-7.6473584,-7.4973583,-7.6673584,-8.077358,-8.187359,-8.237358,-8.117358,-8.137359,-8.387359,-8.587358,-8.837358
-1.5173584,-1.5973583,-1.6773584,-1.7673584,-1.9473584,-2.2473583,-2.4773583,-2.5873585,-2.6473584,-2.6573584,-2.6873584,-2.8473585,-3.0973585,-3.3473585,-3.5073583,-3.5573585,-3.6073585,-3.7773583,-4.0173583,-4.2573586,-4.4373584,-4.5873585,-4.7173586,-4.8773584,-5.137358,-5.4473586,-5.7373586,-6.0373583,-6.2573586,-6.3573585,-6.3273582,-6.2073584,-6.0373583,-6.0473585,-6.1873584,-6.3273582,-6.387358,-6.4473586,-6.4973583,-6.5673585,-6.7973585,-7.0773582,-7.3173585,-7.4873586,-7.597358,-7.5373583,-7.3773584,-7.5073586,-7.597358,-7.6973586,-7.8073583,-8.0473585,-8.217359,-8.257359,-8.217359,-8.147358,-8.207358,-8.427359
-1.0973583,-1.2973584,-1.5273584,-1.8373584,-2.1373584,-2.2973585,-2.4273584,-2.6073585,-2.7073584,-2.7673583,-2.9273584,-3.1773584,-3.3973584,-3.5573585,-3.7173584,-3.8673584,-3.9973583,-4.0473585,-4.0473585,-4.1273584,-4.387358,-4.6973586,-4.9573584,-5.2073584,-5.347358,-5.4573584,-5.617358,-5.7573586,-5.867358,-6.0073586,-6.0473585,-5.9873586,-5.907358,-5.8973584,-5.9873586,-6.1073585,-6.2473583,-6.2573586,-6.2973585,-6.4773583,-6.8573585,-7.1973586,-7.2873583,-7.2073584,-7.1873584,-7.2773585,-7.657358,-8.067358,-8.287358,-8.317358,-8.327358,-7.9673586,-7.5573583,-7.4973583,-7.6673584,-7.7773585,-7.7773585,-7.8173585
-1.4873585,-1.5973583,-1.7073584,-1.8373584,-2.0273583,-2.2573583,-2.4473584,-2.5873585,-2.7873583,-3.0773585,-3.3373585,-3.4573584,-3.5173583,-3.6373584,-3.8273585,-3.9973583,-4.1273584,-4.2373586,-4.3573585,-4.5073586,-4.597358,-4.7173586,-4.9473586,-5.1873584,-5.3573585,-5.4373584,-5.4873586,-5.4973583,-5.5073586,-5.5473585,-5.6273584,-5.6673584,-5.8173585,-5.9173584,-5.887358,-5.8773584,-5.9173584,-5.9673586,-6.2573586,-6.8973584,-7.1873584,-7.0273585,-7.1873584,-7.4473586,-7.5673585,-7.9873586,-8.177359,-7.6773586,-7.1873584,-7.2573586,-7.2573586,-7.3173585,-7.4573584,-7.5273585,-7.6073585,-7.6073585,-7.617358,-7.6973586
-1.6273584,-1.7573584,-1.9073584,-2.0873585,-2.2973585,-2.4873583,-2.6173584,-2.7273583,-2.8573585,-3.0273583,-3.2373583,-3.5173583,-3.7673583,-3.8773584,-3.8573585,-3.8773584,-4.0573583,-4.2773585,-4.4473586,-4.5473585,-4.6073585,-4.7273583,-4.8773584,-4.9573584,-5.0073586,-5.0573583,-5.137358,-5.2573586,-5.3373585,-5.3273582,-5.3173585,-5.5073586,-5.7673583,-5.7373586,-5.6973586,-5.7373586,-5.8073583,-5.887358,-5.9373584,-5.907358,-5.9873586,-6.4273586,-7.0273585,-7.3073583,-7.1773586,-6.7873583,-6.637358,-7.0073586,-7.4973583,-7.6473584,-7.6073585,-7.5073586,-7.6673584,-8.077358,-7.8773584,-7.4673586,-7.2973585,-7.4973583
