UV_10m_small_gfs.t12z.pgrb2.0p25.f027.json
{"header": { "discipline":0, "disciplineName":"Meteorological products", "gribEdition":2, "gribLength":17311, "center":7, "centerName":"US National Weather Service - NCEP(WMC)", "subcenter":0, "refTime":"2023-03-21T12:00:00.000Z", "significanceOfRT":1, "significanceOfRTName":"Start of forecast", "productStatus":0, "productStatusName":"Operational products", "productType":1, "productTypeName":"Forecast products", "productDefinitionTemplate":0, "productDefinitionTemplateName":"Analysis/forecast at horizontal level/layer at a point in time", "parameterCategory":2, "parameterCategoryName":"Momentum", "parameterNumber":2, "parameterNumberName":"U-component_of_wind", "parameterUnit":"m.s-1", "genProcessType":2, "genProcessTypeName":"Forecast", "forecastTime":27, "surface1Type":103, "surface1TypeName":"Specified height level above ground", "surface1Value":10.0, "surface2Type":255, "surface2TypeName":"Missing", "surface2Value":0.0, "gridDefinitionTemplate":0, "gridDefinitionTemplateName":"Latitude_Longitude", "numberPoints":11421, "shape":6, "shapeName":"Earth spherical with radius of 6,371,229.0 m", "gridUnits":"degrees", "resolution":48, "winds":"true", "scanMode":64, "nx":141, "ny":81, "basicAngle":0, "lo1":210.0, "la1":30.0, "lo2":245.0, "la2":50.0, "dx":0.25, "dy":0.25 }, "data":
[rows 54 to 80 of 81, columns 0 to 58 of 141]
11.892002,12.222002,12.312002,12.172002,12.242002,12.092002,11.352002,11.242002,12.412002,12.642002,11.652002,12.222002,12.592002,12.872002,13.252002,13.212002,12.802002,12.472002,12.542002,12.562002,12.642002,12.732002,12.682002,12.542002,12.372002,12.222002,11.882002,11.682002,11.642002,11.552002,11.452002,11.392002,11.352002,11.102002,10.852002,10.852002,11.022002,11.0320015,11.052002,11.052002,10.922002,10.802002,10.612002,10.192001,9.2820015,8.222001,7.7320013,7.4520016,7.372001,7.4820013,7.8820014,7.9620013,7.4620013,7.1920013,7.4520016,7.562001,7.6320014,7.7620015,7.7920012
12.062002,11.882002,12.472002,13.072002,12.752002,12.302002,12.632002,12.662002,12.092002,11.722002,11.872002,11.832002,12.102002,12.302002,12.592002,13.362002,13.832002,13.362002,12.902002,12.722002,12.522002,12.652002,12.622002,12.552002,12.602002,12.522002,12.252002,11.952002,11.822002,11.742002,11.692002,11.712002,11.612002,11.262002,10.852002,10.682002,10.832002,10.932002,11.022002,11.022002,10.912002,10.902002,10.7820015,10.512002,9.682001,8.372002,7.5520015,7.312001,7.4220014,7.582001,7.8420014,7.852001,7.3420014,6.7720013,6.9220014,7.3420014,7.5020013,7.642001,7.682001
12.442002,12.672002,12.702002,12.722002,12.752002,12.722002,12.632002,12.442002,12.2820015,12.252002,12.522002,12.622002,12.312002,12.302002,12.5320015,12.842002,13.302002,13.712002,13.672002,13.492002,12.952002,12.382002,12.752002,12.922002,12.922002,12.772002,12.452002,12.192002,12.022002,11.882002,11.772002,11.682002,11.602002,11.242002,10.7820015,10.682002,10.972002,11.122002,11.062002,10.892002,10.772002,10.862002,10.902002,10.712002,9.862001,8.412002,7.7020016,7.312001,7.5120015,7.7020016,7.812001,7.5220013,7.142001,6.562001,6.682001,7.3020015,7.5320015,7.6920013,7.642001
13.072002,13.082002,13.092002,12.822002,12.732002,12.902002,13.022002,13.352002,13.412002,13.022002,12.662002,12.552002,12.2820015,11.882002,11.7820015,12.222002,13.062002,13.812002,14.352002,14.292002,13.652002,12.772002,12.402002,12.522002,12.5320015,12.402002,12.312002,12.2820015,12.192002,11.942002,11.592002,11.402002,11.452002,11.232002,10.742002,10.632002,11.052002,11.2820015,11.202002,10.962002,10.682002,10.652002,10.902002,10.922002,10.502002,9.412002,8.192001,7.412001,7.5020013,7.6720014,7.6720014,7.5320015,7.0320015,6.562001,6.662001,7.182001,7.5320015,7.7420015,7.8420014
13.982002,13.672002,13.312002,12.982002,12.612002,12.602002,12.832002,13.182002,13.612002,13.922002,13.882002,13.382002,12.852002,12.762002,12.832002,12.542002,12.212002,12.602002,13.872002,14.862002,14.152002,12.812002,12.662002,12.302002,12.242002,12.232002,12.082002,11.952002,11.822002,11.662002,11.412002,11.222002,11.252002,11.062002,10.712002,10.752002,11.092002,11.302002,11.272002,11.112002,10.792002,10.612002,10.692002,10.732002,10.442002,9.722001,8.642001,7.6120014,7.4620013,7.4820013,7.5520015,7.6120014,7.1720014,6.7820015,6.6520014,6.8820014,7.2820015,7.5320015,7.6120014
14.232002,14.202002,13.902002,13.402002,13.062002,12.952002,13.072002,13.292002,13.662002,14.072002,14.322002,14.042002,13.402002,12.652002,12.332002,12.762002,12.862002,11.592002,11.042002,13.002002,13.902002,12.792002,12.872002,12.542002,12.462002,12.832002,12.412002,11.962002,11.652002,11.442002,11.502002,11.462002,11.222002,11.0320015,10.872002,10.932002,11.042002,11.172002,11.242002,11.062002,10.7820015,10.542002,10.432002,10.352002,10.372002,10.202002,9.152001,7.932001,7.5420012,7.5220013,7.6920013,7.622001,7.3220015,7.0520015,6.892001,6.9420013,7.1720014,7.1720014,7.2520013
14.472002,14.682002,14.5320015,14.2820015,13.812002,13.392002,13.412002,13.562002,13.542002,13.622002,13.772002,13.642002,13.232002,13.082002,12.732002,11.902002,11.932002,12.232002,11.262002,11.052002,12.692002,13.152002,12.762002,12.502002,12.7820015,13.262002,13.142002,12.472002,11.882002,11.352002,11.2820015,11.562002,11.522002,11.222002,10.912002,10.842002,10.952002,10.922002,11.042002,10.932002,10.732002,10.552002,10.412002,10.252002,10.252002,10.222001,9.302001,8.202002,7.562001,7.6120014,7.5720015,7.5220013,7.582001,7.4720016,7.2020016,6.932001,7.0720015,6.9720016,7.0920014
14.422002,14.732002,14.832002,14.612002,14.232002,13.662002,13.482002,13.972002,14.102002,13.142002,12.552002,13.542002,13.732002,13.082002,12.502002,12.212002,11.992002,11.812002,11.882002,11.7820015,11.672002,12.432002,12.892002,12.902002,13.302002,13.462002,13.152002,12.7820015,12.302002,11.752002,11.402002,11.192002,11.382002,11.272002,10.852002,10.672002,10.762002,10.7820015,11.002002,10.992002,10.732002,10.572002,10.472002,10.312002,10.212002,10.362002,9.552001,8.252002,7.4920015,7.4020014,7.412001,7.6920013,7.8220015,7.6320014,7.2820015,7.0120015,7.0020013,6.7420015,7.102001
14.652002,14.682002,14.742002,15.042002,15.172002,14.972002,14.362002,13.542002,13.472002,13.872002,13.452002,13.362002,13.742002,13.762002,13.672002,13.502002,13.292002,13.082002,12.842002,12.682002,12.632002,12.442002,12.432002,12.362002,12.662002,13.262002,13.2820015,12.922002,12.512002,12.122002,11.832002,11.292002,11.262002,11.292002,10.602002,10.402002,10.712002,10.842002,10.902002,10.982002,10.852002,10.582002,10.342002,10.212002,10.092001,10.302002,9.642001,8.222001,7.332001,7.1520014,7.6520014,7.7120013,7.3820014,7.4020014,7.1320014,6.892001,6.8020015,6.7120013,7.122001
14.752002,14.672002,14.882002,15.182002,15.332002,15.242002,15.172002,15.0320015,14.752002,14.422002,14.0320015,13.832002,13.792002,13.842002,13.972002,13.972002,13.862002,13.932002,13.972002,13.582002,13.232002,13.062002,12.892002,12.742002,12.492002,12.602002,12.962002,13.612002,13.492002,12.432002,11.642002,11.5320015,11.362002,11.332002,10.662002,10.462002,10.742002,10.822002,10.862002,11.002002,10.742002,10.402002,10.0320015,9.812001,9.712002,9.972001,9.632001,8.292002,7.3620014,7.0320015,7.3420014,7.332001,7.4720016,7.412001,6.682001,6.582001,6.7620015,6.832001,6.9720016
15.182002,14.952002,15.012002,15.182002,15.342002,15.462002,15.482002,15.332002,15.012002,14.692002,14.432002,14.142002,13.962002,13.722002,13.482002,13.372002,13.472002,13.742002,13.862002,13.852002,13.722002,13.632002,13.102002,12.802002,13.342002,13.502002,12.722002,12.0320015,11.502002,10.932002,11.422002,11.7820015,11.452002,11.372002,11.152002,10.752002,10.662002,10.682002,10.602002,10.562002,10.572002,10.522002,10.112001,9.622002,9.422001,9.562001,9.692001,8.372002,7.1320014,6.8820014,7.4220014,7.622001,7.142001,6.582001,6.4020014,6.662001,6.9220014,6.9420013,6.812001
15.852002,15.602002,15.362002,15.392002,15.522002,15.722002,15.942002,16.062002,15.862002,15.352002,14.922002,14.632002,14.292002,13.982002,13.812002,13.672002,13.5320015,13.462002,13.712002,13.962002,13.702002,13.222002,13.262002,13.572002,13.562002,13.272002,13.082002,12.662002,12.152002,11.792002,11.802002,11.862002,11.612002,11.412002,11.5320015,11.022002,10.392002,10.362002,10.452002,10.0320015,9.912002,10.012001,9.982001,9.772001,9.422001,9.242002,9.622002,8.292002,7.062001,6.852001,7.2720013,7.182001,7.0320015,6.812001,6.8820014,7.182001,7.4020014,7.2820015,6.6520014
15.852002,15.712002,15.552002,15.402002,15.362002,15.582002,15.802002,15.972002,16.262001,16.312002,15.822002,15.132002,14.692002,14.362002,13.892002,13.612002,13.692002,13.762002,13.472002,13.292002,13.382002,13.442002,13.392002,13.302002,13.272002,13.192002,13.262002,13.142002,12.502002,11.992002,11.992002,12.242002,12.112002,11.662002,11.622002,11.0320015,10.372002,10.2820015,10.322002,9.772001,9.602001,9.982001,10.112001,9.922001,9.732001,9.522001,9.742002,8.542002,7.3220015,6.622001,6.6320014,6.7920012,7.582001,7.852001,7.622001,7.7120013,7.8620014,7.4420013,6.352001
15.982002,15.892002,15.872002,15.832002,15.742002,15.632002,15.692002,15.902002,16.052002,16.192001,16.382002,16.192001,15.482002,14.762002,14.222002,13.692002,13.572002,13.702002,13.622002,13.272002,13.102002,13.352002,13.472002,13.252002,13.162002,13.122002,12.912002,12.872002,12.882002,12.5320015,12.322002,12.482002,12.432002,11.982002,11.812002,11.342002,10.562002,10.182001,9.852001,9.362001,9.382001,10.012001,10.162002,9.862001,9.642001,9.472001,9.5320015,8.572001,7.0420012,6.2720013,6.4420013,6.892001,7.6720014,8.162002,8.182001,8.302001,8.2820015,7.5920014,6.4620013
16.452002,16.412003,16.232002,16.142002,16.222002,16.062002,15.872002,15.932002,15.992002,15.972002,16.062002,16.122002,16.002003,15.542002,14.842002,14.192002,13.652002,13.452002,13.692002,13.602002,13.072002,13.432002,14.092002,13.712002,13.012002,12.702002,12.712002,12.7820015,12.892002,12.7820015,12.472002,12.322002,12.112002,12.242002,12.422002,11.702002,10.732002,10.2820015,9.482001,8.942001,9.222001,9.882001,10.112001,9.832002,9.582002,9.322001,8.982001,8.172001,6.8820014,6.4020014,6.562001,7.0720015,7.5920014,8.062001,8.132001,8.252002,8.592001,8.002002,6.4520016
16.832003,16.842003,16.652002,16.502003,16.472002,16.412003,16.152002,15.982002,15.972002,15.822002,15.912002,16.082003,15.962002,15.652002,15.332002,14.792002,14.052002,13.5320015,13.482002,13.652002,13.242002,13.052002,13.322002,13.582002,13.462002,13.062002,12.712002,12.692002,12.832002,12.952002,13.162002,13.062002,12.732002,12.952002,12.962002,11.942002,10.722002,10.332002,9.122002,8.302001,8.752002,9.5320015,9.912002,9.742002,9.612001,9.612001,9.052001,8.322001,7.2520013,6.7320013,6.7620015,7.1120014,7.312001,7.4820013,7.3820014,7.5720015,8.422001,7.8420014,6.162001
17.292002,17.302002,17.072002,16.842003,16.742002,16.672003,16.422003,16.052002,15.962002,15.922002,15.652002,15.762002,15.932002,15.662002,15.242002,14.992002,14.552002,13.772002,13.342002,13.492002,13.502002,13.402002,13.482002,13.612002,13.672002,13.442002,12.962002,12.772002,12.852002,12.992002,13.352002,13.402002,13.472002,13.722002,13.202002,11.652002,10.352002,10.252002,8.992002,7.9820013,8.442001,9.452002,9.852001,9.672001,9.492002,9.542002,9.382001,8.652001,7.352001,6.9420013,6.832001,6.8220015,7.0420012,7.1920013,7.142001,7.5020013,7.9520016,7.2020016,6.3020015
17.852001,17.482002,17.312002,17.132002,16.962002,16.852001,16.722002,16.252003,15.822002,15.842002,15.752002,15.562002,15.732002,15.832002,15.402002,14.802002,14.572002,14.2820015,13.592002,13.182002,13.232002,13.372002,13.542002,13.622002,13.702002,13.752002,13.442002,13.062002,13.142002,13.422002,13.632002,13.662002,13.902002,13.752002,12.122002,10.652002,10.262002,10.082002,9.042002,8.132001,8.372002,9.342001,9.572001,9.252002,9.072001,9.212002,8.892001,8.422001,7.4420013,7.0320015,6.6920013,6.642001,6.872001,7.1120014,7.2120013,6.9820013,5.562001,4.852001,5.6120014
17.892002,17.522001,17.432001,17.242002,17.082003,16.972002,16.872002,16.562002,15.912002,15.602002,15.712002,15.562002,15.582002,15.702002,15.492002,14.932002,14.422002,14.262002,14.072002,13.602002,13.272002,13.322002,13.412002,13.522002,13.702002,14.002002,14.192002,13.772002,13.632002,13.7820015,13.752002,13.862002,13.852002,14.022002,13.132002,11.212002,10.482002,9.712002,8.672001,7.9920015,8.072001,8.872002,9.152001,8.842001,8.642001,8.732001,8.542002,8.432001,7.7020016,7.2820015,6.8420014,6.7420015,6.9420013,6.9920015,6.7520013,5.2120013,3.7420013,4.2420015,5.8820014
17.892002,17.572002,17.312002,17.362001,17.272001,16.942001,16.772001,16.692001,16.282001,15.742002,15.622002,15.612002,15.472002,15.622002,15.672002,15.182002,14.602002,14.212002,13.952002,13.792002,13.492002,13.352002,13.402002,13.552002,13.672002,13.682002,13.822002,13.792002,13.732002,13.692002,13.592002,13.952002,13.772002,13.752002,13.572002,11.802002,10.592002,9.472001,8.492002,7.8420014,7.7320013,8.402001,8.842001,8.702002,8.362001,8.172001,8.412002,8.592001,8.132001,7.5920014,7.0720015,6.7720013,6.852001,6.9520016,5.9720016,4.142001,3.5620012,4.412001,5.5120015
17.872002,17.742002,17.502003,17.382002,17.332003,17.032001,16.642002,16.502003,16.432001,16.072002,15.702002,15.572002,15.342002,15.362002,15.732002,15.502002,14.722002,14.202002,13.882002,13.612002,13.452002,13.482002,13.452002,13.482002,13.772002,13.812002,13.602002,13.702002,13.762002,13.582002,13.362002,13.742002,14.072002,13.742002,13.252002,12.192002,10.642002,8.862001,8.022001,7.682001,7.5720015,8.102001,8.542002,8.422001,8.172001,8.152001,8.342001,8.262001,8.102001,7.622001,7.062001,6.682001,6.7320013,6.3420014,5.0120015,3.9420013,3.9420013,4.8020015,5.6120014
17.922003,17.912003,17.632002,17.422003,17.402002,17.072002,16.662003,16.472002,16.372002,16.232002,15.942002,15.742002,15.492002,15.252002,15.492002,15.552002,14.932002,14.212002,13.7820015,13.5320015,13.322002,13.252002,13.422002,13.342002,13.522002,13.752002,13.412002,13.382002,13.482002,13.382002,13.362002,13.732002,14.202002,13.902002,13.372002,13.252002,11.752002,9.012001,8.0320015,7.5520015,7.4020014,7.9020014,8.002002,7.872001,7.892001,7.832001,7.6520014,7.892001,8.052001,7.4020014,6.7420015,6.4620013,6.162001,5.372001,4.332001,3.8920014,4.3420014,5.2120013,5.7020016
17.892002,17.862001,17.562002,17.452002,17.392002,17.182001,16.812002,16.442001,16.212002,16.142002,15.962002,15.672002,15.512002,15.222002,15.2820015,15.392002,14.982002,14.312002,13.692002,13.382002,13.182002,13.092002,13.132002,13.222002,13.462002,13.582002,13.452002,13.652002,13.5320015,13.562002,13.942002,13.982002,13.992002,13.762002,13.232002,12.302002,10.462002,8.182001,7.2920012,6.932001,6.9920015,7.5520015,7.7020016,7.6120014,7.6720014,7.8420014,7.7920012,8.052001,7.7920012,6.7620015,6.4420013,6.2720013,5.642001,4.582001,3.7220013,3.7520013,4.6520014,5.4920015,5.932001
17.732002,17.642002,17.492002,17.412003,17.282001,17.152002,16.882002,16.482002,16.142002,15.992002,15.832002,15.432002,15.332002,15.262002,15.182002,15.272002,14.872002,14.252002,13.772002,13.362002,13.052002,12.982002,13.192002,13.342002,13.522002,13.492002,13.502002,13.752002,13.672002,13.552002,13.952002,13.952002,13.542002,13.142002,13.062002,11.802002,9.472001,7.872001,7.0120015,6.5720015,6.7920012,7.3420014,7.5920014,7.5520015,7.4820013,7.372001,7.1320014,7.2520013,7.2220016,7.102001,6.8220015,5.912001,4.622001,3.4920013,3.2020013,3.7020013,5.0020013,5.7820015,6.2120013
17.472002,17.432001,17.332003,17.212002,17.102001,16.972002,16.772001,16.422003,16.172003,15.812002,15.5320015,15.292002,15.312002,15.292002,15.112002,15.0320015,14.762002,14.212002,13.712002,13.212002,13.012002,13.2820015,13.542002,13.802002,13.882002,13.582002,13.602002,13.932002,13.752002,13.322002,13.302002,13.302002,12.882002,13.302002,14.212002,12.742002,9.992002,8.442001,7.2120013,6.3620014,6.412001,6.9420013,7.122001,7.0320015,7.2120013,7.2020016,6.9620013,7.412001,7.7220016,6.9520016,5.4720016,4.372001,3.8320014,3.7220013,3.7620013,4.4420013,5.6120014,6.1120014,6.4020014
17.322002,17.212002,17.152002,17.032001,16.852001,16.662003,16.432001,16.312002,16.212002,16.142002,15.572002,15.162002,15.142002,15.062002,14.852002,14.722002,14.562002,14.132002,13.542002,13.342002,13.342002,13.452002,13.632002,13.862002,13.942002,13.762002,13.752002,13.952002,13.732002,12.962002,12.522002,12.332002,13.902002,15.072002,13.402002,10.612002,8.762001,7.872001,6.7520013,5.9920015,6.2320013,6.7520013,6.8220015,6.7220016,7.0120015,6.8820014,6.872001,7.2820015,6.582001,5.2120013,4.3420014,4.0720015,4.082001,4.062001,4.2120013,5.0220013,5.6920013,6.0020013,6.102001
17.252003,17.082003,16.972002,16.852001,16.632002,16.422003,16.412003,16.452002,16.162003,15.972002,15.492002,14.932002,14.832002,14.882002,14.702002,14.512002,14.272002,14.012002,13.982002,14.002002,13.882002,13.652002,13.5320015,13.562002,13.632002,13.582002,13.502002,13.462002,13.382002,12.752002,12.162002,12.412002,14.492002,13.042002,9.702002,8.462002,7.8420014,7.0120015,6.0520015,5.4920015,5.8420014,6.352001,6.4820013,6.4220014,6.5120015,6.312001,6.2620015,6.0320015,5.082001,4.4420013,3.9820013,3.7620013,3.9320014,4.162001,4.6320014,5.1920013,5.2220016,5.3620014,5.1720014
