UV_10m_small_gfs.t12z.pgrb2.0p25.f030.json
{"header": { "discipline":0, "disciplineName":"Meteorological products", "gribEdition":2, "gribLength":17311, "center":7, "centerName":"US National Weather Service - NCEP(WMC)", "subcenter":0, "refTime":"2023-03-21T12:00:00.000Z", "significanceOfRT":1, "significanceOfRTName":"Start of forecast", "productStatus":0, "productStatusName":"Operational products", "productType":1, "productTypeName":"Forecast products", "productDefinitionTemplate":0, "productDefinitionTemplateName":"Analysis/forecast at horizontal level/layer at a point in time", "parameterCategory":2, "parameterCategoryName":"Momentum", "parameterNumber":2, "parameterNumberName":"U-component_of_wind", "parameterUnit":"m.s-1", "genProcessType":2, "genProcessTypeName":"Forecast", "forecastTime":30, "surface1Type":103, "surface1TypeName":"Specified height level above ground", "surface1Value":10.0, "surface2Type":255, "surface2TypeName":"Missing", "surface2Value":0.0, "gridDefinitionTemplate":0, "gridDefinitionTemplateName":"Latitude_Longitude", "numberPoints":11421, "shape":6, "shapeName":"Earth spherical with radius of 6,371,229.0 m", "gridUnits":"degrees", "resolution":48, "winds":"true", "scanMode":64, "nx":141, "ny":81, "basicAngle":0, "lo1":210.0, "la1":30.0, "lo2":245.0, "la2":50.0, "dx":0.25, "dy":0.25 }, "data":
[rows 27 to 53 of 81, columns 61 to 121 of 141]
3.9325237,4.1825237,4.482524,4.6625237,4.712524,4.6825237,4.652524,4.672524,4.582524,4.4525237,4.4125237,4.4125237,4.542524,4.7225237,4.862524,4.832524,4.8025236,4.872524,4.642524,4.4725237,4.712524,5.062524,5.792524,5.632524,5.212524,5.0525236,5.122524,4.7425237,4.8025236,5.1625237,5.4125237,5.4725237,5.192524,4.942524,5.0925236,5.2625237,5.442524,5.4725237,5.562524,5.2225237,4.382524,2.732524,2.6425238,2.2025237,1.1625237,-0.1074762,-3.9574761,-7.4074764,-8.5774765,-8.067476,-8.057476,-6.647476,-2.6574762,-1.2674762,-1.7674762,-2.497476,-4.0874763,-5.417476,-5.877476,-5.1974764,-4.7774763
4.0125237,4.142524,4.392524,4.642524,4.8425236,4.872524,4.7425237,4.7425237,4.7625237,4.612524,4.5325236,4.582524,4.6825237,4.832524,4.9525237,4.9925237,4.922524,4.9525237,4.562524,4.562524,4.642524,4.872524,5.872524,5.582524,5.152524,4.9325237,4.8225236,4.752524,4.922524,5.252524,5.482524,5.502524,5.132524,4.8225236,4.8025236,4.6625237,4.772524,4.862524,5.0125237,4.372524,3.5625238,2.0925238,2.0225239,1.5825238,0.1725238,-0.1474762,-2.5474763,-4.2974763,-4.387476,-3.1874762,-2.5474763,-2.017476,-1.4474761,-1.1774762,-1.8374763,-4.997476,-6.667476,-6.457476,-6.5674763,-6.457476,-4.6974764
4.2625237,4.1825237,4.372524,4.5725236,4.882524,5.082524,4.962524,4.812524,4.8425236,4.7425237,4.582524,4.642524,4.752524,4.882524,5.062524,5.132524,5.1825237,5.0125237,4.5725236,4.732524,4.5725236,4.692524,5.642524,5.6825237,5.2825236,4.752524,4.732524,4.982524,5.172524,5.352524,5.562524,5.6825237,5.292524,4.792524,4.542524,4.252524,4.372524,4.402524,4.422524,3.7725239,3.0725238,1.6025238,1.3425238,1.1025238,0.3125238,-1.2574762,-1.8774762,-2.007476,-1.7474762,-1.3474762,-1.1574762,-0.5474762,-1.2574762,-1.6374762,-3.3274763,-5.8374763,-6.707476,-6.9074764,-6.267476,-4.167476,-2.3174763
4.382524,4.2825236,4.582524,4.582524,4.852524,5.1625237,5.122524,4.892524,4.862524,4.832524,4.732524,4.7425237,4.792524,4.8425236,5.102524,5.2625237,5.392524,5.0325236,4.672524,4.9325237,4.7225237,4.582524,5.372524,5.4925237,5.2225237,4.9725237,5.0325236,5.372524,5.5525236,5.542524,5.642524,5.712524,5.292524,4.732524,4.4525237,3.982524,4.0525236,4.0925236,4.022524,3.252524,1.9425238,0.7425238,0.3525238,0.5825238,-0.5874762,-0.4174762,-0.6274762,-3.0374763,-3.5274763,-1.9274762,-1.3474762,-0.3974762,-1.5674762,-2.9774761,-4.137476,-5.137476,-5.617476,-4.9274764,-3.5274763,-1.3474762,0.22252381
4.7425237,4.112524,4.862524,4.7825236,4.7225237,5.042524,5.1825237,5.022524,4.922524,4.892524,4.892524,4.9525237,4.9125237,4.922524,5.192524,5.372524,5.4125237,4.982524,4.832524,5.0325236,5.0525236,4.5525236,5.102524,5.3225236,5.102524,5.212524,5.272524,5.522524,5.612524,5.5925236,5.5925236,5.582524,5.252524,4.6625237,4.292524,3.752524,3.7125237,3.8625238,3.7025237,3.0925238,2.1525238,0.6825238,-0.4474762,-0.1074762,-0.7174762,-2.487476,-2.2874763,-2.017476,-1.4574761,-1.7074761,-1.0874763,-1.7274762,-2.4474761,-4.9474764,-4.827476,-5.0674763,-4.637476,-3.0574763,-2.4274762,-0.2574762,1.1425238
5.7025237,4.0925236,4.752524,5.0125237,4.672524,4.792524,5.0525236,5.0925236,5.042524,4.9925237,5.022524,5.112524,5.0325236,5.0525236,5.372524,5.4725237,5.332524,4.922524,4.8225236,4.9725237,5.272524,4.962524,5.082524,5.462524,5.2825236,5.4325237,5.332524,5.372524,5.3025236,5.382524,5.4125237,5.382524,5.2425237,4.652524,4.1825237,3.6925237,3.492524,3.7025237,3.4525237,2.9525237,2.1625237,1.1325238,-0.037476197,-0.6474762,-0.6574762,-1.2874762,-2.757476,-3.6674762,-2.9474761,-2.5974762,-3.017476,-3.2274761,-4.877476,-3.9474761,-3.9474761,-4.167476,-2.4274762,-0.7174762,-0.6374762,0.7525238,1.5225238
6.122524,4.812524,4.5125237,5.042524,4.7825236,4.652524,4.882524,5.042524,5.132524,5.142524,5.212524,5.232524,5.172524,5.1625237,5.5325236,5.582524,5.292524,4.9925237,4.902524,4.982524,5.272524,5.4725237,5.352524,5.692524,5.602524,5.672524,5.6825237,5.542524,5.082524,5.1825237,5.2825236,5.2625237,5.172524,4.622524,4.152524,3.7925239,3.3625238,3.4225237,3.2725239,2.8325238,2.0525239,1.4525238,0.8725238,-0.13747619,-0.1874762,0.2325238,-1.5874763,-1.6674762,-1.2574762,-2.0274763,-2.9574761,-4.0474763,-4.887476,-4.167476,-3.8674762,-1.8974762,-0.5074762,0.062523805,0.6625238,1.6425238,1.3725238
6.112524,5.7625237,4.902524,5.0125237,5.002524,4.652524,4.7825236,5.0525236,5.212524,5.2025237,5.332524,5.3425236,5.352524,5.2825236,5.4925237,5.6625237,5.382524,5.232524,5.022524,5.002524,5.3425236,5.522524,5.772524,5.882524,5.9325237,5.9725237,5.852524,5.582524,5.042524,4.922524,5.112524,5.132524,5.062524,4.652524,4.2025237,3.9125237,3.2825239,3.1325238,3.2025237,2.8025239,2.3325238,1.7325238,1.1725239,1.8825238,0.9225238,-0.6874762,-1.8574762,-1.5074762,-1.0674762,-1.0374762,-1.0974762,-1.7374762,-3.1274762,-3.2174761,-1.2074761,0.8325238,2.232524,1.2325238,0.5425238,1.1825238,1.6525238
6.252524,6.2625237,5.582524,5.042524,4.9325237,4.7425237,4.7825236,5.082524,5.252524,5.142524,5.3025236,5.362524,5.4125237,5.4925237,5.562524,5.542524,5.4725237,5.332524,4.862524,4.8425236,5.232524,5.622524,6.132524,6.2425237,6.142524,6.0725236,5.7825236,5.4125237,4.922524,4.7225237,4.862524,4.982524,5.062524,4.772524,4.2025237,3.8725238,3.3625238,3.0525239,3.2225237,2.8425238,2.482524,2.002524,2.2825239,3.3225238,4.4725237,-0.7074762,-2.7074761,-1.3074762,-1.0574762,-0.5774762,-0.9774762,-2.3874762,-2.247476,-1.3074762,-0.4274762,0.76252383,2.1625237,1.8325238,1.7525238,1.4425238,1.3825238
6.7825236,6.482524,5.6625237,5.312524,5.102524,4.8225236,4.8225236,5.152524,5.2825236,5.122524,5.192524,5.372524,5.442524,5.5925236,5.672524,5.632524,5.672524,5.252524,4.7025237,4.772524,5.042524,5.5325236,6.332524,6.312524,6.1625237,6.042524,5.732524,5.4525237,4.892524,4.542524,4.692524,4.882524,5.0325236,4.872524,4.332524,3.9225237,3.4725237,3.2025237,3.2925239,3.0925238,2.7725239,2.512524,2.742524,3.3525238,3.0325239,0.6925238,-1.4274762,-1.6974761,-1.4074762,-1.0574762,-1.0174762,-2.3474762,-2.0474763,-1.4774762,-0.9074762,0.6025238,1.1125238,1.0425239,1.8825238,1.8525238,0.5425238
7.272524,6.652524,5.482524,5.372524,5.312524,4.862524,4.7425237,5.132524,5.382524,5.2825236,5.142524,5.2225237,5.372524,5.5925236,5.732524,5.792524,5.7025237,5.1825237,4.872524,4.872524,5.152524,5.3425236,6.352524,6.272524,5.962524,5.9125237,5.8025236,5.482524,5.152524,4.772524,4.6625237,4.8025236,4.902524,4.9525237,4.562524,3.9525237,3.492524,3.4325237,3.4325237,3.3625238,3.262524,2.8325238,2.5325239,3.0425239,2.1625237,1.4925238,-0.3874762,-0.9174762,-1.1874762,-1.1474762,-1.5774761,-1.4974762,-0.2374762,0.2725238,0.4225238,1.4125237,1.6325238,1.4225239,1.9225239,2.2125237,1.9125237
7.3225236,6.462524,5.582524,5.8025236,5.562524,4.7425237,4.652524,5.122524,5.4325237,5.442524,5.272524,5.212524,5.272524,5.5525236,5.732524,5.772524,5.5925236,5.1625237,4.892524,4.9325237,5.172524,5.312524,6.212524,6.152524,5.9525237,5.9925237,5.882524,5.642524,5.4925237,5.2225237,4.902524,4.8225236,4.8425236,4.872524,4.752524,4.0925236,3.4725237,3.482524,3.6425238,3.6425238,3.6025238,2.982524,2.6725237,1.8225238,1.2425238,1.9125237,0.76252383,-0.5974762,-1.0074762,-1.0274762,-1.3374763,-1.4674762,0.2625238,0.4825238,0.2125238,1.0425239,1.9725238,2.1725237,2.1725237,2.5625238,2.1825237
7.3025236,6.5925236,6.0725236,6.152524,5.5925236,4.9125237,4.692524,5.0725236,5.422524,5.462524,5.4325237,5.3225236,5.292524,5.5725236,5.772524,5.672524,5.4125237,5.122524,4.812524,5.0725236,5.112524,5.4725237,6.152524,5.922524,5.792524,5.6825237,5.4525237,5.692524,5.8025236,5.582524,5.022524,4.792524,4.962524,5.002524,4.9325237,4.372524,3.6425238,3.4025238,3.5625238,3.7225237,3.8725238,3.0325239,2.8725238,1.5225238,1.3925238,1.1225238,0.4525238,-0.3374762,-0.9674762,-0.4974762,0.062523805,-1.3174762,-0.3074762,0.3225238,1.2925239,1.8225238,1.8825238,1.9025238,1.8825238,2.6025238,2.8925238
7.382524,6.862524,6.3425236,6.252524,5.9125237,5.2425237,4.942524,4.942524,5.212524,5.4525237,5.4725237,5.402524,5.292524,5.502524,5.7625237,5.652524,5.332524,5.2225237,4.962524,5.112524,5.0725236,5.622524,6.022524,5.5525236,5.272524,5.192524,5.062524,5.022524,5.042524,4.942524,4.6625237,4.582524,4.902524,5.112524,5.062524,4.7025237,4.082524,3.6025238,3.2225237,3.3425238,3.6925237,3.1025238,2.0625238,1.1325238,1.7925239,1.0125238,1.3625238,0.8825238,-0.8174762,-0.4174762,0.3825238,-0.6974762,0.3525238,1.2625238,1.1825238,0.8625238,2.1125238,3.5325239,3.8925238,2.4525237,2.2925239
7.352524,7.002524,6.462524,6.272524,6.2425237,5.812524,5.212524,4.9925237,5.332524,5.7025237,5.6825237,5.382524,5.2225237,5.382524,5.612524,5.612524,5.4325237,5.3425236,5.022524,5.252524,5.392524,5.4125237,5.4725237,5.212524,5.0525236,5.2225237,4.612524,4.122524,4.392524,4.312524,4.2225237,4.402524,4.752524,5.142524,5.1825237,4.862524,4.3025236,3.6125238,3.0425239,3.0625238,3.262524,2.992524,2.1025238,0.3125238,0.7325238,1.1625237,1.1825238,-0.5374762,-1.6974761,-1.5174762,0.1925238,0.3325238,0.9225238,2.1225238,1.7325238,1.1725239,1.8825238,2.3025239,2.8225238,3.2725239,2.6425238
7.292524,6.9925237,6.4325237,6.382524,6.522524,6.3025236,5.5325236,5.122524,5.2025237,5.6825237,5.9525237,5.752524,5.5925236,5.582524,5.482524,5.402524,5.4325237,5.4725237,5.152524,5.3425236,5.8425236,5.562524,5.2625237,5.272524,5.312524,5.152524,4.292524,4.1825237,4.382524,4.152524,4.172524,4.4725237,4.6625237,4.922524,5.0325236,4.812524,4.422524,3.9225237,3.2225237,3.0625238,2.9525237,2.8325238,1.8025239,1.5625238,1.3625238,0.9825238,-0.117476195,-0.9174762,-0.8874762,-0.8974762,0.6425238,1.4625238,1.2225238,2.1825237,2.8325238,3.262524,3.512524,4.4925237,4.022524,5.362524,5.172524
7.382524,6.9525237,6.4925237,6.3425236,6.352524,6.482524,5.872524,5.382524,5.272524,5.5725236,5.9325237,5.8425236,5.6825237,5.8225236,5.8025236,5.5125237,5.392524,5.362524,5.112524,5.252524,5.922524,5.7825236,5.422524,5.522524,5.392524,4.9925237,4.2625237,4.272524,4.402524,4.0725236,4.1825237,4.502524,4.6625237,4.882524,5.0725236,4.872524,4.4725237,4.002524,3.492524,3.4325237,3.1525238,3.3425238,2.5225239,1.7825238,1.7725238,-0.5874762,-1.0574762,-0.3974762,-0.6574762,-1.1274762,0.4125238,1.1725239,1.8925238,1.9225239,2.6825237,3.1725237,3.4725237,3.0225239,3.1425238,5.4525237,7.102524
7.4325237,7.122524,6.7425237,6.582524,6.3425236,6.4725237,5.942524,5.482524,5.382524,5.5525236,5.902524,5.9525237,5.7625237,5.8225236,5.832524,5.542524,5.462524,5.462524,5.2225237,5.2025237,5.6625237,5.752524,5.612524,5.602524,5.402524,5.1825237,4.6825237,4.462524,4.4925237,4.2025237,4.042524,4.292524,4.5325236,4.852524,5.2025237,5.042524,4.4925237,4.042524,3.762524,4.152524,4.172524,3.8625238,3.2025237,1.6725239,1.6225238,0.12252381,0.4925238,0.43252382,-0.4074762,-0.4274762,-0.0674762,0.5825238,1.8525238,0.7425238,1.9925238,3.8825238,5.312524,5.362524,4.652524,5.082524,4.4525237
7.402524,7.352524,7.0325236,6.7825236,6.4325237,6.042524,5.852524,5.622524,5.392524,5.4725237,5.772524,6.022524,5.942524,5.8425236,5.7625237,5.5325236,5.392524,5.352524,5.2425237,5.252524,5.562524,5.792524,5.772524,5.752524,5.692524,5.4125237,4.9325237,4.6825237,4.652524,4.382524,4.192524,4.252524,4.392524,4.732524,5.192524,5.152524,4.542524,3.982524,3.7725239,4.442524,5.0725236,4.922524,3.492524,1.1825238,0.9125238,1.4225239,0.9425238,1.5625238,-0.057476196,0.43252382,0.022523804,0.76252383,1.3925238,0.6625238,1.6725239,2.5225239,4.362524,4.192524,3.2825239,2.4125237,3.1125238
7.372524,7.4725237,7.2025237,6.942524,6.632524,6.192524,6.002524,5.752524,5.542524,5.4725237,5.5725236,5.882524,6.022524,5.942524,5.7625237,5.582524,5.382524,5.2425237,5.172524,5.172524,5.392524,5.732524,5.812524,5.8425236,5.922524,5.612524,5.0725236,4.942524,4.832524,4.612524,4.422524,4.382524,4.362524,4.5925236,4.982524,5.0925236,4.562524,3.8725238,3.6425238,4.042524,4.652524,3.9625237,0.76252383,0.6025238,0.5025238,0.6425238,1.2925239,1.7725238,0.8025238,0.3825238,1.4825238,0.6225238,1.4625238,2.5825238,4.4125237,6.062524,5.812524,4.542524,2.8225238,2.9425237,5.232524
7.4325237,7.582524,7.422524,7.152524,6.9325237,6.5325236,6.1825237,5.9325237,5.8025236,5.672524,5.5525236,5.632524,5.862524,5.922524,5.772524,5.622524,5.382524,5.1625237,5.112524,5.082524,5.232524,5.5925236,5.872524,6.0725236,6.122524,5.8425236,5.292524,5.122524,4.9525237,4.672524,4.5125237,4.502524,4.4125237,4.482524,4.752524,5.022524,4.642524,3.7925239,3.2725239,3.2125237,3.0225239,0.1025238,-1.5874763,1.6425238,1.1225238,-0.057476196,1.5825238,0.5625238,-0.0974762,0.4225238,2.0425239,1.6325238,2.1425238,1.6825238,0.9525238,3.6225238,4.892524,4.7825236,2.9325237,3.0525239,5.622524
7.482524,7.642524,7.642524,7.4525237,7.2425237,6.8425236,6.362524,6.062524,6.0525236,5.982524,5.6825237,5.4925237,5.642524,5.7825236,5.7425237,5.5925236,5.3425236,5.112524,5.0325236,5.042524,5.192524,5.562524,6.142524,6.4925237,6.3225236,5.982524,5.402524,5.122524,4.9925237,4.732524,4.522524,4.4725237,4.352524,4.292524,4.622524,4.922524,4.632524,3.7925239,2.9525237,2.6025238,2.1525238,-0.087476194,0.9425238,1.8725238,1.6025238,0.6325238,0.7425238,0.8325238,0.3225238,0.3525238,2.1325238,0.9025238,1.5425239,1.7525238,1.9425238,2.4325237,2.4725237,0.9625238,1.9725238,1.9825238,2.7825239
7.622524,7.5325236,7.622524,7.652524,7.4725237,7.0725236,6.482524,6.1625237,6.272524,6.292524,5.882524,5.482524,5.502524,5.692524,5.652524,5.402524,5.152524,5.022524,4.982524,4.942524,5.112524,5.652524,6.292524,6.522524,6.3225236,6.062524,5.4325237,4.9325237,4.852524,4.7625237,4.652524,4.582524,4.382524,4.2625237,4.4725237,4.8025236,4.6625237,3.7725239,2.8425238,2.492524,1.7525238,0.8725238,1.3325238,1.9625238,1.6725239,1.1325238,0.6925238,0.4825238,0.4125238,0.012523804,0.9725238,0.4125238,1.2825238,1.1025238,1.4125237,1.7525238,1.9525238,1.1425238,2.3825238,2.6225238,3.242524
7.8225236,7.4525237,7.422524,7.5925236,7.5325236,7.152524,6.5525236,6.232524,6.4325237,6.562524,6.142524,5.5925236,5.4525237,5.632524,5.5725236,5.2825236,5.0525236,5.0325236,5.022524,4.922524,5.0325236,5.602524,6.312524,6.482524,6.372524,6.1625237,5.4725237,4.962524,4.8225236,4.672524,4.672524,4.562524,4.382524,4.352524,4.4925237,4.752524,4.862524,4.132524,2.9425237,2.4625237,1.8925238,1.6225238,2.2225237,1.9825238,1.7325238,-0.2074762,0.7925238,0.1625238,1.1825238,1.5725238,1.8925238,-0.6674762,0.6425238,0.2025238,0.7325238,1.5325238,2.3125238,1.0725238,1.4925238,1.6925238,1.9425238
7.982524,7.562524,7.3425236,7.442524,7.5125237,7.1825237,6.4925237,6.212524,6.482524,6.7225237,6.372524,5.792524,5.502524,5.5125237,5.422524,5.2025237,5.0725236,5.122524,5.152524,5.042524,5.0525236,5.482524,6.102524,6.212524,6.252524,6.1625237,5.582524,5.212524,4.9925237,4.732524,4.7025237,4.5325236,4.3225236,4.4925237,4.7625237,4.9325237,5.042524,4.4525237,3.2225237,2.6225238,2.3325238,1.7125238,2.0925238,2.0225239,1.6225238,0.5925238,1.2925239,0.6625238,0.5925238,1.1425238,1.6525238,0.1025238,0.5525238,0.6625238,1.0625238,2.1425238,1.4725238,0.062523805,1.9525238,3.252524,3.4125237
7.982524,7.642524,7.352524,7.332524,7.4925237,7.192524,6.4525237,6.172524,6.392524,6.792524,6.5725236,6.022524,5.5925236,5.4125237,5.2425237,5.082524,5.062524,5.112524,5.142524,5.062524,5.152524,5.562524,6.112524,6.042524,5.982524,5.862524,5.4325237,5.142524,4.9325237,4.732524,4.692524,4.522524,4.332524,4.522524,4.942524,5.122524,4.9525237,4.4725237,3.6025238,3.0825238,2.9125237,2.4025238,2.732524,2.482524,1.9425238,0.6625238,0.9125238,1.0425239,0.9025238,1.0025238,1.9325238,0.9325238,-0.28747618,1.5525239,1.6425238,1.6225238,1.1325238,1.4825238,2.2225237,2.6025238,3.762524
7.5725236,7.502524,7.402524,7.2825236,7.352524,7.212524,6.6625237,6.1825237,6.2425237,6.642524,6.652524,6.232524,5.712524,5.362524,5.112524,4.982524,5.082524,5.112524,5.002524,4.9725237,5.2025237,5.7625237,6.192524,5.9325237,5.692524,5.4925237,5.002524,4.792524,4.772524,4.772524,4.7025237,4.5525236,4.402524,4.5725236,4.962524,4.982524,4.642524,4.2825236,3.752524,3.4125237,3.1025238,2.2725239,1.7925239,1.8425238,1.9025238,0.012523804,0.8525238,1.6325238,1.4225239,1.4225239,1.8225238,1.1025238,0.7225238,1.6125238,1.7325238,1.5525239,2.1425238,2.5225239,2.762524,3.1425238,3.5425239
