UV_10m_small_gfs.t12z.pgrb2.0p25.f030.json
{"header": { "discipline":0, "disciplineName":"Meteorological products", "gribEdition":2, "gribLength":17311, "center":7, "centerName":"US National Weather Service - NCEP(WMC)", "subcenter":0, "refTime":"2023-03-21T12:00:00.000Z", "significanceOfRT":1, "significanceOfRTName":"Start of forecast", "productStatus":0, "productStatusName":"Operational products", "productType":1, "productTypeName":"Forecast products", "productDefinitionTemplate":0, "productDefinitionTemplateName":"Analysis/forecast at horizontal level/layer at a point in time", "parameterCategory":2, "parameterCategoryName":"Momentum", "parameterNumber":2, "parameterNumberName":"U-component_of_wind", "parameterUnit":"m.s-1", "genProcessType":2, "genProcessTypeName":"Forecast", "forecastTime":30, "surface1Type":103, "surface1TypeName":"Specified height level above ground", "surface1Value":10.0, "surface2Type":255, "surface2TypeName":"Missing", "surface2Value":0.0, "gridDefinitionTemplate":0, "gridDefinitionTemplateName":"Latitude_Longitude", "numberPoints":11421, "shape":6, "shapeName":"Earth spherical with radius of 6,371,229.0 m", "gridUnits":"degrees", "resolution":48, "winds":"true", "scanMode":64, "nx":141, "ny":81, "basicAngle":0, "lo1":210.0, "la1":30.0, "lo2":245.0, "la2":50.0, "dx":0.25, "dy":0.25 }, "data":
[rows 0 to 26 of 81, columns 0 to 60 of 141]
-8.677476,-8.647476,-8.287477,-8.227476,-8.257476,-7.937476,-7.7574763,-7.867476,-7.647476,-7.5874763,-7.607476,-7.7374763,-7.9874763,-8.067476,-8.087476,-8.007476,-8.0774765,-7.847476,-7.4874763,-7.5274763,-7.5874763,-7.117476,-6.477476,-6.327476,-6.267476,-5.767476,-5.937476,-5.8374763,-5.0074763,-4.1974764,-4.2174764,-5.0074763,-4.2374763,-4.9074764,-4.917476,-4.6974764,-4.897476,-4.6574764,-4.4674764,-3.5974762,-4.5674763,-3.247476,-2.9174762,-2.5474763,-0.9674762,-0.21747619,-2.3874762,-3.3874762,-3.3474762,-3.4474761,-2.4174762,-1.7674762,-0.4174762,-0.5174762,-1.9674762,-1.4974762,-0.4674762,-0.8874762,-1.2874762,-0.4474762,-1.4874762
-8.557476,-8.3274765,-8.127476,-8.027476,-7.7974763,-7.607476,-7.457476,-7.5674763,-7.367476,-7.367476,-7.687476,-7.8374763,-8.037477,-8.107476,-8.227476,-7.867476,-7.9674764,-7.607476,-7.2774763,-7.537476,-7.287476,-6.627476,-6.267476,-6.117476,-5.867476,-5.4274764,-5.437476,-5.4474764,-4.767476,-4.437476,-4.2774763,-4.5874763,-4.367476,-4.457476,-4.227476,-4.187476,-4.387476,-4.887476,-4.887476,-3.4774761,-3.747476,-3.257476,-2.6374762,-1.6074762,-0.73747617,-0.2074762,-2.4474761,-2.8874762,-2.8774762,-2.517476,-2.1774762,-0.9774762,-0.21747619,-1.7174762,-1.8874762,-1.1474762,-0.3674762,-0.7174762,-0.9074762,-0.4174762,-0.8374762
-8.337476,-8.0774765,-8.057476,-7.9074764,-7.347476,-7.0274763,-7.077476,-7.2174764,-7.1574764,-7.267476,-7.667476,-8.057476,-7.937476,-8.017476,-8.017476,-7.437476,-7.4474764,-6.847476,-6.957476,-7.4474764,-6.847476,-6.3174763,-6.017476,-5.7374763,-5.5274763,-5.367476,-4.877476,-4.5874763,-4.4874763,-4.6774764,-4.417476,-4.077476,-3.8674762,-4.1974764,-4.397476,-3.517476,-3.737476,-4.577476,-4.267476,-3.8074763,-3.3574762,-2.8974762,-2.1174762,-0.7574762,-0.0974762,-2.2874763,-3.0874763,-2.747476,-2.1474762,-1.9474761,-1.5274762,-0.6474762,-1.3874762,-1.6874762,-1.2874762,-0.8374762,-0.2574762,-0.5574762,-0.4874762,-0.3374762,-0.3374762
-8.007476,-8.007476,-7.827476,-7.517476,-6.897476,-6.9274764,-6.7174764,-6.9874763,-7.0874763,-7.137476,-7.597476,-7.9674764,-7.7574763,-7.9674764,-7.787476,-7.057476,-6.5474763,-6.137476,-6.327476,-7.057476,-6.887476,-6.127476,-5.807476,-5.2774763,-5.097476,-4.917476,-4.7374763,-4.127476,-4.377476,-4.3374763,-4.597476,-3.8874762,-3.3974762,-3.237476,-4.077476,-3.8774762,-4.057476,-3.9274762,-4.0874763,-3.4574761,-2.8274763,-1.8974762,-1.6374762,-0.5474762,-0.9574762,-3.3374763,-3.1874762,-1.9674762,-1.4874762,-1.9974762,-1.5174762,-1.2574762,-1.1774762,-1.2574762,-0.8974762,-0.4174762,-0.4774762,-0.6274762,-0.027476197,-0.2774762,-0.2674762
-7.897476,-7.6974764,-7.397476,-7.117476,-6.7174764,-6.627476,-6.6574764,-6.7974763,-6.917476,-7.287476,-7.7574763,-7.867476,-7.5474763,-7.607476,-7.477476,-6.857476,-6.1774764,-5.977476,-6.167476,-6.0474763,-6.6574764,-6.247476,-5.6974764,-5.097476,-4.937476,-4.627476,-4.637476,-4.377476,-4.327476,-3.9274762,-4.5874763,-3.7874763,-2.9074762,-3.1274762,-3.4274762,-3.5374763,-4.5074763,-3.3874762,-3.1774762,-3.497476,-2.3874762,-1.4774762,-0.5174762,-0.5474762,-3.2974763,-2.8274763,-2.5974762,-1.3774762,-1.6674762,-1.7374762,-1.3874762,-1.2674762,-1.0474762,-0.7974762,-0.6074762,-0.1874762,-0.6274762,-0.7474762,-0.1274762,-0.1874762,-0.24747619
-7.617476,-7.227476,-6.937476,-6.6774764,-6.4674764,-6.477476,-6.637476,-6.457476,-6.917476,-7.347476,-7.877476,-7.6974764,-7.377476,-7.1974764,-7.097476,-6.7974763,-6.2574763,-5.6974764,-5.3174763,-5.4874763,-6.127476,-6.247476,-5.517476,-4.9274764,-4.897476,-4.637476,-4.367476,-4.767476,-4.167476,-3.6574762,-3.3974762,-3.2774763,-2.5874763,-3.267476,-3.6674762,-3.1374762,-3.4574761,-3.5874763,-3.1274762,-2.487476,-2.267476,-1.5074762,-0.5574762,-2.2274761,-1.9674762,-2.0374763,-1.4674762,-1.6274762,-1.6974761,-1.4874762,-1.1874762,-0.9974762,-0.6874762,-0.67747617,-0.6974762,-0.2674762,-0.2774762,-0.4474762,-0.28747618,-0.21747619,-0.4574762
-7.397476,-6.9674764,-6.607476,-6.2974763,-6.437476,-6.5674763,-6.477476,-6.537476,-6.847476,-6.897476,-7.1574764,-7.037476,-7.0274763,-6.667476,-6.6574764,-6.537476,-6.1574764,-5.607476,-5.077476,-5.2574763,-5.5274763,-5.6574764,-5.367476,-4.5674763,-4.637476,-4.7774763,-4.4874763,-4.347476,-3.9774761,-3.4674761,-3.1274762,-2.9074762,-2.487476,-2.6774762,-2.8574762,-2.8174763,-3.3274763,-3.997476,-2.7974763,-1.7474762,-1.4374762,-0.7674762,-0.5074762,-1.7474762,-1.5674762,-1.5974762,-0.7474762,-1.6174762,-1.8774762,-1.0074762,-0.9574762,-0.5474762,-0.21747619,-0.5174762,-0.7274762,-0.4574762,-0.117476195,-0.0674762,-0.087476194,-0.047476195,-0.2274762
-6.9674764,-6.4874763,-6.267476,-6.097476,-6.3374763,-6.517476,-6.5674763,-6.457476,-6.167476,-6.2574763,-6.5674763,-6.887476,-6.617476,-6.3174763,-6.2774763,-6.0074763,-5.6974764,-5.4474764,-5.2174764,-5.1974764,-4.8174763,-4.707476,-4.667476,-4.377476,-4.367476,-4.647476,-4.127476,-4.037476,-3.7974763,-3.3474762,-2.6474762,-2.8174763,-2.4174762,-2.9774761,-2.8074763,-2.507476,-3.2774763,-3.507476,-2.6374762,-1.6974761,-0.3874762,-0.037476197,-0.3974762,-1.5674762,-1.5774761,-1.5474762,-1.0474762,-1.0374762,-1.2874762,-0.6174762,-0.5374762,0.1125238,0.052523803,-0.3374762,-0.5374762,-0.4374762,-0.1474762,0.092523806,0.1025238,0.1925238,0.3725238
-6.2974763,-6.137476,-5.857476,-5.7974763,-6.1774764,-6.457476,-6.147476,-5.727476,-5.647476,-6.037476,-6.617476,-6.727476,-6.437476,-6.1574764,-6.0674763,-5.727476,-5.307476,-5.0474763,-5.107476,-5.0674763,-4.477476,-4.187476,-4.077476,-4.0474763,-3.9774761,-4.307476,-4.127476,-3.8874762,-3.767476,-3.1074762,-2.6374762,-1.9274762,-2.2974763,-2.8974762,-2.8774762,-2.5774763,-2.9774761,-2.5574763,-2.2874763,-1.5674762,-0.13747619,0.0725238,-0.6574762,-1.2674762,-1.2974762,-1.8174762,-1.1374762,-1.0474762,-1.1174762,-0.2274762,-0.13747619,0.43252382,0.3125238,-0.13747619,-0.2574762,-0.1574762,-0.037476197,0.0725238,0.092523806,0.1925238,0.3525238
-5.857476,-5.617476,-5.457476,-5.877476,-6.2574763,-6.3374763,-5.8374763,-5.887476,-5.937476,-5.897476,-6.247476,-6.4074764,-6.1774764,-5.917476,-6.017476,-5.517476,-4.7174764,-4.7574763,-5.397476,-4.997476,-3.9274762,-3.8674762,-4.097476,-4.017476,-3.9374762,-3.9674761,-3.5474763,-3.5774763,-3.4774761,-2.7974763,-2.8874762,-1.5974762,-1.8374763,-2.4274762,-2.7874763,-2.7274761,-2.7274761,-2.1474762,-1.5974762,-1.1374762,-0.3074762,0.2725238,0.3725238,-0.1874762,-1.0974762,-2.1474762,-0.92747617,-0.5474762,-0.4574762,-0.13747619,0.2825238,0.6025238,0.57252383,0.2025238,0.052523803,0.1525238,0.1625238,0.1625238,0.1925238,0.2325238,0.22252381
-5.4274764,-5.2174764,-5.537476,-5.747476,-5.827476,-6.0274763,-5.787476,-5.6774764,-5.5074763,-5.4074764,-5.707476,-5.747476,-5.867476,-5.917476,-5.597476,-5.1774764,-4.5874763,-5.187476,-5.377476,-4.517476,-3.737476,-4.0474763,-4.017476,-3.517476,-3.497476,-3.237476,-2.9674761,-2.757476,-2.8174763,-2.6074762,-2.6774762,-2.0474763,-1.7574762,-2.4174762,-2.8674762,-2.2274761,-1.7274762,-2.3774762,-1.3374763,-0.5174762,-0.5774762,0.6825238,2.0725238,0.9425238,-0.8474762,-1.7774762,-0.7774762,-0.4074762,-0.7574762,0.032523803,0.8625238,0.8325238,0.5625238,0.3725238,0.3625238,0.3625238,0.3325238,0.3025238,0.2925238,0.3925238,0.3325238
-5.1574764,-5.4674764,-5.307476,-5.187476,-5.227476,-5.517476,-5.2574763,-4.997476,-5.167476,-5.1774764,-4.9274764,-4.9874763,-5.117476,-5.017476,-4.917476,-4.887476,-4.937476,-4.7974763,-4.4474764,-4.097476,-4.2174764,-4.3374763,-3.8274763,-3.3874762,-3.4774761,-3.1574762,-3.0374763,-2.7874763,-2.4374762,-2.517476,-2.2974763,-2.1874762,-2.1874762,-2.2874763,-2.737476,-2.0574763,-1.0574762,-1.1874762,-1.2574762,0.012523804,-0.2274762,0.4225238,-2.517476,-2.7974763,-1.3574762,-1.6774762,-0.8374762,0.062523805,-0.2274762,0.2725238,1.1925238,0.8525238,0.7025238,0.5525238,0.57252383,0.43252382,0.3725238,0.3325238,0.2725238,0.3525238,0.40252382
-5.5674763,-5.4674764,-5.117476,-5.0274763,-4.7974763,-5.0074763,-4.897476,-4.327476,-4.387476,-4.597476,-4.187476,-3.9174762,-3.9274762,-4.147476,-3.8074763,-3.7274761,-3.9574761,-3.737476,-3.8074763,-3.6374762,-3.6774762,-3.6174762,-3.5274763,-3.5474763,-3.517476,-3.0874763,-2.8674762,-2.6574762,-2.4374762,-2.3374763,-1.9674762,-2.0974762,-2.3974762,-2.0774763,-2.2774763,-1.6274762,-1.1174762,-0.4074762,-0.7774762,0.8325238,0.2725238,-1.3674762,-1.5074762,-1.3774762,-0.6074762,-0.3074762,-0.5274762,0.092523806,0.1325238,0.7825238,1.3025239,1.0125238,1.1625237,0.7725238,0.6725238,0.5025238,0.4425238,0.3425238,0.1625238,0.2325238,0.3125238
-4.9874763,-4.9474764,-5.167476,-4.6974764,-4.377476,-4.3374763,-4.3174763,-4.247476,-4.0674763,-3.6274762,-3.237476,-2.6374762,-2.6474762,-2.8174763,-2.3174763,-2.1174762,-2.1674762,-2.007476,-1.9074762,-2.2774763,-2.7074761,-2.767476,-2.987476,-3.2774763,-3.2274761,-2.9774761,-2.6174762,-2.3474762,-2.0474763,-2.0274763,-1.8574762,-2.1774762,-2.0774763,-2.3474762,-1.5074762,-1.4074762,-0.7074762,-0.2974762,0.0025238036,0.82252383,0.8625238,0.042523805,-1.3174762,-0.8674762,-0.3274762,-0.027476197,0.062523805,0.1325238,0.3425238,0.9825238,1.3725238,1.2325238,1.2825238,1.0325238,0.8325238,0.7125238,0.5925238,0.3625238,0.1125238,0.1725238,0.3325238
-4.227476,-3.8774762,-4.0474763,-4.0674763,-3.9474761,-3.5574763,-3.2774763,-3.5874763,-3.5574763,-3.1674762,-2.6074762,-1.6874762,-1.4174762,-0.8774762,-0.4074762,-0.6174762,-0.7574762,-0.13747619,0.052523803,-0.1074762,-0.5674762,-1.3074762,-2.1474762,-2.1774762,-2.9674761,-3.3874762,-2.767476,-2.1474762,-2.0874763,-1.9374762,-1.9974762,-2.1674762,-1.9774762,-2.1174762,-1.4074762,-1.0974762,-0.7074762,0.2025238,0.3425238,0.9425238,1.0725238,0.062523805,-0.73747617,-0.5474762,-1.0274762,-0.7474762,0.1525238,0.1925238,0.7525238,1.3825238,1.5225238,1.5125238,1.5425239,1.2825238,1.1325238,1.0025238,0.8025238,0.5325238,0.3825238,0.51252383,0.57252383
-3.507476,-3.2174761,-2.747476,-3.2274761,-3.3474762,-2.5374763,-2.2174761,-2.4374762,-2.1374762,-1.5874763,-0.6374762,-0.047476195,-0.007476196,0.5925238,0.7725238,0.5225238,0.4225238,0.8525238,0.8425238,0.7825238,0.5425238,0.6725238,-0.6674762,-1.1174762,-1.8074762,-2.8374763,-2.997476,-2.2174761,-2.257476,-1.9974762,-2.267476,-1.9474761,-1.6974761,-1.4674762,-1.4974762,-0.7274762,-0.7074762,0.1825238,0.8425238,1.1425238,1.5925238,1.0925238,0.1025238,0.1125238,-0.21747619,-0.007476196,0.7225238,0.4225238,1.1925238,1.8025239,1.8525238,1.7925239,1.8825238,1.6825238,1.4725238,1.2625238,1.0425239,0.8825238,0.82252383,0.9125238,0.8825238
-3.1874762,-3.1074762,-2.3574762,-2.1974761,-1.6474762,-1.1374762,-0.9974762,-0.8074762,-0.2774762,0.3725238,0.5225238,0.3425238,1.7225238,1.4425238,1.0725238,1.1925238,0.4525238,0.0725238,-0.1474762,-0.5074762,-0.3874762,0.82252383,0.5025238,-0.3674762,-0.9374762,-1.4274762,-2.1774762,-2.497476,-2.2074761,-2.3374763,-2.3074763,-2.1474762,-1.5074762,-0.9374762,-1.2374762,-0.9374762,-0.34747618,-0.0974762,0.9625238,1.5425239,1.8325238,2.242524,0.9025238,0.5625238,0.8025238,1.0225238,0.5525238,0.6625238,1.4425238,2.1325238,2.2725239,2.0225239,2.0225239,2.1325238,1.8725238,1.5125238,1.3325238,1.2425238,1.1525238,1.0625238,1.0025238
-2.0774763,-1.8774762,-1.5074762,-0.6574762,0.40252382,0.062523805,-1.0974762,-1.0974762,0.6525238,-0.1774762,-0.7074762,-0.057476196,-0.2374762,0.6825238,0.5825238,0.2025238,0.3925238,0.9625238,0.7825238,0.12252381,-0.24747619,1.0025238,0.9925238,0.5025238,0.0725238,-0.1074762,-0.5174762,-1.7374762,-2.0974762,-2.2274761,-2.1674762,-1.9974762,-1.6374762,-0.8674762,-0.7274762,-1.0374762,-0.4374762,0.4225238,0.7525238,1.5025238,2.1825237,2.6425238,2.3025239,1.1425238,1.3425238,1.8125238,1.3925238,1.1925238,1.5825238,2.2225237,2.5525239,2.4025238,2.2225237,2.3625238,2.2725239,1.9525238,1.7325238,1.5625238,1.4025238,1.2825238,1.2425238
-1.1974761,-1.3774762,-0.5574762,0.0725238,0.1325238,-0.4974762,-1.0674762,-0.8374762,-1.1574762,-1.1374762,-0.8874762,-0.24747619,0.1825238,-0.1574762,0.4225238,0.6825238,1.1025238,1.1525238,1.1825238,0.9825238,0.7425238,0.062523805,1.4625238,1.5025238,1.4425238,1.0425239,0.7525238,0.2125238,-0.7674762,-1.4674762,-1.5774761,-1.7674762,-1.3374763,-0.3974762,-0.5774762,-0.92747617,-0.6474762,0.3125238,1.2525238,1.2525238,2.012524,2.9525237,2.9225237,3.1225238,1.9625238,2.3325238,2.3825238,1.7525238,1.9625238,2.232524,2.4425237,2.5625238,2.5925238,2.6425238,2.5325239,2.3725238,2.1625237,1.8825238,1.7125238,1.6925238,1.7425238
-1.3874762,-1.0874763,-0.6974762,-0.4074762,-0.3674762,-0.13747619,0.22252381,0.1625238,0.22252381,0.052523803,0.4825238,1.0225238,1.0025238,1.2925239,1.9225239,1.6725239,2.002524,2.1325238,1.7825238,1.4925238,1.4425238,0.12252381,1.8825238,2.7125237,2.4325237,2.1525238,1.9225239,1.5425239,1.5625238,0.5325238,-0.13747619,-0.5174762,-0.8274762,0.2425238,0.2025238,-1.0574762,-0.9674762,-0.13747619,1.3825238,1.8525238,1.5625238,2.5325239,3.3525238,3.5225239,3.5425239,2.6925237,2.8725238,3.0825238,2.742524,2.5725238,2.3425238,2.4425237,2.5825238,2.8725238,2.8525238,2.6725237,2.4525237,2.1525238,2.0425239,2.1125238,2.2225237
-1.3274761,-0.7474762,-0.117476195,0.062523805,0.1925238,0.4825238,0.5325238,0.46252382,0.7925238,0.7825238,1.0325238,0.9925238,1.1425238,1.3525238,1.8525238,1.9225239,2.4425237,2.4025238,1.9725238,1.6625237,2.0225239,1.9225239,1.9325238,2.482524,2.512524,2.7925239,2.9025238,2.8925238,2.6325238,2.1025238,1.6325238,1.7925239,1.1225238,0.5525238,0.6125238,-0.4874762,-1.1574762,-0.2674762,0.9025238,1.8925238,1.9925238,2.1325238,2.8825238,3.732524,4.022524,4.082524,3.732524,4.142524,3.1925237,3.2225237,2.3625238,2.5525239,2.6925237,2.6825237,2.982524,2.9725237,2.752524,2.4225237,2.3625238,2.4725237,2.6325238
-1.1374762,-0.3874762,-0.2574762,-0.24747619,-0.0674762,0.5225238,0.7225238,0.76252383,0.9525238,1.2425238,1.3225238,1.0925238,0.9725238,1.4625238,1.7925239,1.9025238,2.4325237,2.3425238,2.1925237,2.1125238,2.2225237,2.7025237,2.992524,3.1625237,3.1325238,2.2225237,2.9725237,3.9325237,3.6325238,3.0525239,2.9625237,2.6825237,2.1325238,1.2225238,1.1425238,1.0225238,-0.9074762,-0.3774762,0.7325238,1.5425239,2.242524,2.5725238,2.7225237,3.0325239,3.982524,4.8425236,4.772524,4.862524,3.1725237,3.6225238,2.992524,2.3125238,2.9625237,2.8625238,2.8425238,3.0925238,2.9625237,2.732524,2.6925237,2.8125238,2.992524
-0.67747617,-0.1074762,-0.16747619,-0.007476196,0.3325238,1.0925238,1.2325238,1.2225238,1.5125238,1.7925239,1.6525238,1.4425238,1.6125238,2.0425239,2.1525238,2.3125238,2.9425237,2.8325238,2.8325238,2.7825239,3.0225239,3.2825239,3.2025237,4.0125237,3.8925238,3.6525238,3.5925238,3.5325239,3.8725238,3.4525237,3.9525237,3.7025237,2.8125238,2.3225238,2.3925238,2.4325237,1.4325238,-0.2074762,0.51252383,1.3025239,2.0825238,2.7925239,3.1625237,3.1425238,3.3225238,4.312524,5.232524,5.212524,4.522524,3.982524,4.132524,2.6025238,2.7925239,3.2025237,3.1225238,2.982524,3.0825238,2.9325237,2.9225237,3.0825238,3.3025239
-0.28747618,-0.1874762,-0.1574762,0.1025238,0.5925238,1.0025238,1.1525238,1.5525239,1.9425238,2.002524,2.0325239,2.1725237,2.1225238,2.502524,2.6825237,3.1025238,3.502524,3.4325237,3.4325237,3.8425238,4.252524,4.352524,4.2025237,4.2825236,4.442524,4.2425237,3.492524,3.7025237,3.992524,3.3125238,3.6725237,4.362524,3.6125238,3.2125237,3.3225238,3.4325237,3.1425238,1.8825238,0.7125238,0.9325238,1.8125238,2.7725239,3.3125238,3.5825238,3.6125238,3.6625237,4.5125237,5.422524,5.352524,5.192524,5.102524,3.5625238,2.9125237,2.9625237,3.4425237,3.1725237,3.0625238,3.1225238,3.1325238,3.3125238,3.5625238
0.40252382,0.7225238,0.3425238,0.5925238,0.9625238,1.3325238,1.6525238,1.7825238,2.1225238,2.0525239,2.4425237,2.0725238,2.3525238,2.8625238,3.4125237,3.8825238,3.762524,3.762524,4.0725236,4.622524,4.9925237,4.792524,4.502524,4.632524,4.362524,4.142524,4.122524,3.5525239,3.2725239,3.4725237,3.9525237,4.062524,3.982524,4.142524,4.172524,4.0725236,3.8925238,3.6025238,2.6025238,1.4025238,1.4225239,2.3525238,3.0625238,3.6525238,4.1825237,4.0325236,4.0725236,4.922524,5.622524,5.5525236,5.9525237,4.602524,3.3225238,2.8325238,3.2825239,3.5225239,3.252524,3.1925237,3.3225238,3.4325237,3.6425238
1.3525238,1.0725238,0.9625238,1.1725239,1.5025238,2.1825237,1.9625238,1.9725238,2.3625238,2.4425237,2.3825238,2.252524,2.7925239,3.1125238,3.4025238,4.0325236,4.112524,4.152524,4.4125237,4.882524,5.252524,5.142524,5.022524,5.0325236,4.752524,4.562524,4.4525237,4.212524,3.8625238,3.5925238,3.6225238,4.2025237,4.022524,4.4725237,4.9325237,4.562524,4.402524,4.312524,4.022524,2.9625237,1.7925239,2.0525239,2.742524,3.5325239,3.9325237,4.5925236,4.312524,4.5525236,5.272524,5.9525237,6.042524,5.752524,4.622524,3.2025237,3.252524,3.7125237,3.6225238,3.3925238,3.5625238,3.5425239,3.6225238
1.0925238,1.2025238,1.3325238,1.6725239,1.9425238,2.3825238,2.4425237,2.762524,2.9225237,3.0825238,3.3725238,3.4225237,3.512524,3.5725238,3.8525238,4.232524,4.422524,4.5925236,4.7625237,5.2225237,5.332524,5.362524,5.4725237,5.4725237,5.2025237,5.0125237,4.792524,4.462524,4.292524,4.332524,4.502524,4.2625237,4.272524,4.5125237,4.622524,5.0525236,5.192524,5.122524,5.022524,4.372524,2.9325237,2.1725237,3.4725237,3.8925238,3.3725238,3.8725238,4.7025237,4.752524,5.0325236,5.7625237,6.292524,6.312524,5.812524,5.042524,4.2425237,3.9225237,3.6725237,3.6625237,3.8225238,3.6325238,3.6325238
