UV_10m_small_gfs.t12z.pgrb2.0p25.f036.json
{"header": { "discipline":0, "disciplineName":"Meteorological products", "gribEdition":2, "gribLength":17311, "center":7, "centerName":"US National Weather Service - NCEP(WMC)", "subcenter":0, "refTime":"2023-03-21T12:00:00.000Z", "significanceOfRT":1, "significanceOfRTName":"Start of forecast", "productStatus":0, "productStatusName":"Operational products", "productType":1, "productTypeName":"Forecast products", "productDefinitionTemplate":0, "productDefinitionTemplateName":"Analysis/forecast at horizontal level/layer at a point in time", "parameterCategory":2, "parameterCategoryName":"Momentum", "parameterNumber":2, "parameterNumberName":"U-component_of_wind", "parameterUnit":"m.s-1", "genProcessType":2, "genProcessTypeName":"Forecast", "forecastTime":36, "surface1Type":103, "surface1TypeName":"Specified height level above ground", "surface1Value":10.0, "surface2Type":255, "surface2TypeName":"Missing", "surface2Value":0.0, "gridDefinitionTemplate":0, "gridDefinitionTemplateName":"Latitude_Longitude", "numberPoints":11421, "shape":6, "shapeName":"Earth spherical with radius of 6,371,229.0 m", "gridUnits":"degrees", "resolution":48, "winds":"true", "scanMode":64, "nx":141, "ny":81, "basicAngle":0, "lo1":210.0, "la1":30.0, "lo2":245.0, "la2":50.0, "dx":0.25, "dy":0.25 }, "data":
[rows 27 to 53 of 81, columns 61 to 121 of 141]
6.1073093,6.4173098,6.5273094,6.7173095,6.8673096,6.8873096,6.7873096,6.5773096,6.1773095,6.3173094,6.4373097,6.2873096,6.3073096,6.4873095,6.4873095,6.3473096,6.39731,6.4573097,6.3073096,6.0373096,6.0273094,6.0773096,5.9873095,5.7173095,5.6873097,5.4573097,5.5873094,5.5473094,6.0073094,6.0673094,5.8673096,5.64731,5.4673095,5.5473094,5.5673094,5.4373097,5.14731,5.4173098,5.5073094,5.3373094,5.3673096,5.4473095,5.1373096,4.7173095,4.5073094,3.7073095,3.9773095,4.6973095,5.3373094,5.6173096,5.6773095,1.8473096,-0.04269043,-0.20269042,0.5973096,-0.46269044,-2.5426905,-3.3026905,-3.8026905,-2.8026905,-1.7126905
5.87731,6.2673097,6.7173095,7.1173096,7.0873094,7.1973095,7.2873096,7.0273094,6.7273097,6.0873094,6.2973094,6.4473095,6.2873096,6.4573097,6.7373095,6.5973096,6.5273094,6.6173096,6.5273094,6.2073097,6.0473094,5.9773097,5.9573097,5.8173094,5.5073094,5.2273097,5.3873096,5.7273097,6.3673096,6.4373097,6.0273094,5.9773097,5.6773095,5.4673095,5.5673094,5.5073094,5.0273094,5.2373095,5.5173097,5.3373094,5.2073097,5.12731,4.89731,4.4773097,4.4973097,3.3773096,3.3273096,4.3873096,4.7373095,5.0973096,1.9773096,-1.1326904,-0.5726904,-0.33269042,-0.46269044,-2.4626904,-2.8026905,-2.8226905,-3.8826904,-2.5626905,-1.3226905
5.9173098,6.0773096,6.39731,6.8673096,7.3573093,7.3173094,7.39731,7.1873097,7.0273094,6.3873096,6.1373096,6.2973094,6.3373094,6.3673096,6.7573094,6.7573094,6.6873097,6.6973095,6.6973095,6.4573097,6.2973094,6.0873094,5.9673095,5.8373094,5.6973095,5.3573093,5.5073094,5.9273095,6.5973096,6.87731,6.39731,6.1873097,6.0073094,5.6373096,5.7873096,5.6873097,4.9673095,5.1173096,5.6873097,5.5373096,5.2473097,4.9473095,4.6973095,4.2573094,4.2173095,3.1973095,2.9373095,4.2173095,4.0073094,3.9373095,0.19730957,0.18730956,0.34730956,-0.25269043,-0.8826904,-2.2126904,-2.4826903,-2.8326905,-3.9026904,-3.1126904,-1.6026905
6.2973094,6.2573094,6.4073095,6.7473097,7.0973096,7.6173096,7.5173097,7.0373096,6.9973097,6.5173097,6.12731,6.0973096,6.2873096,6.4073095,6.6973095,6.8073096,6.7973094,6.7773094,6.8373094,6.7373095,6.5173097,6.3073096,6.1073093,5.9573097,5.9373097,5.5873094,5.7273097,6.1073093,6.7673097,7.0673094,6.7173095,6.4073095,6.1773095,5.5373096,5.5573096,5.3573093,4.5673094,4.8673096,5.6773095,5.7673097,5.4473095,4.9673095,4.6173096,4.0273094,3.9973097,3.1973095,2.8273096,3.8973095,2.4973097,1.5073096,-0.02269043,0.7873096,0.51730955,-0.6426904,-1.4426904,-1.7326905,-2.2826905,-2.3926904,-2.5826905,-1.2826904,-0.21269043
6.9273095,6.6773095,6.5873094,6.6373096,6.9673095,7.37731,7.5573096,7.0073094,6.9273095,6.6173096,6.37731,5.9473095,6.0573096,6.5273094,6.7173095,6.87731,6.8873096,6.87731,6.89731,6.87731,6.64731,6.3873096,6.1873097,6.1573095,5.9673095,5.5273094,6.0273094,6.3573093,6.8173094,7.0473094,6.7273097,6.5173097,5.87731,5.0773096,5.12731,4.7673097,4.0473094,4.5073094,5.5873094,5.8573093,5.6573095,5.0873094,4.6773095,3.9773095,3.7373095,3.5573096,3.4573095,4.0373096,1.2173096,0.7273096,0.10730957,-1.0126904,-1.5426904,-2.7926905,-2.1026905,-1.3926904,-1.1626904,-0.15269043,0.06730957,0.7273096,1.5773096
7.5273094,7.2973094,7.0073094,6.8573093,6.9673095,7.2773094,7.4373097,7.3273096,7.2973094,6.6573095,6.5173097,5.87731,5.7573094,6.4973097,6.8073096,6.9573097,7.0073094,6.9673095,6.9773097,6.9473095,6.7673097,6.5773096,6.2473097,6.0673094,5.9573097,5.9173098,6.2573094,6.5373096,6.7873096,6.6873097,6.5173097,6.3473096,5.1773095,4.8573093,5.0973096,4.5073094,3.8673096,4.4073095,5.4173098,5.7073097,5.62731,5.1773095,4.7473097,4.0973096,3.7773097,3.7473097,3.2873096,5.1573095,0.75730956,-1.0626904,-1.5326904,-2.6426904,-3.1726904,-2.4726903,-1.4326904,-0.87269044,-0.32269043,1.1973096,1.7073096,1.6573095,2.6873095
8.057309,7.9273095,7.5173097,7.2173095,7.1773095,7.1673098,7.1573095,7.4173098,7.4673095,6.5273094,6.4073095,6.0873094,5.9573097,6.4273095,6.9373097,7.0873094,7.14731,7.12731,7.0473094,7.0273094,6.8673096,6.7073097,6.3273096,6.0673094,5.9973097,6.2673097,6.4973097,6.7573094,6.8873096,6.4373097,6.1573095,6.0873094,5.12731,4.9973097,4.9473095,4.4673095,4.1073093,4.4973097,5.2373095,5.4073095,5.4573097,5.2973094,4.8673096,4.2573094,3.8773096,4.14731,4.0273094,3.1573095,1.4773096,-0.62269044,-0.81269044,-2.8326905,-3.1626904,-1.6526904,-0.44269043,0.49730957,0.68730956,1.2473096,1.6873096,2.0973096,2.8073096
8.57731,8.25731,7.8873096,7.5373096,7.4473095,7.2473097,6.9673095,7.2773094,7.1973095,6.5173097,6.3873096,6.1973095,6.37731,6.6773095,7.0373096,7.2573094,7.2673097,7.2473097,7.1173096,7.1573095,6.9373097,6.7573094,6.4173098,6.1173096,6.12731,6.3273096,6.4873095,6.6873097,6.62731,6.1673098,5.6673098,5.7573094,5.4073095,5.0173097,4.7773094,4.6373096,4.5073094,4.6073093,4.9573097,5.0373096,5.2373095,5.3073096,5.0173097,4.3173094,4.0573096,5.4773097,2.6873095,1.1373096,-0.01269043,-0.6626904,-0.04269043,0.12730958,-1.4526905,-0.7726904,0.51730955,1.4173095,1.7873095,1.3473096,1.4273095,2.1473095,2.3473096
9.17731,8.777309,8.17731,7.5873094,7.4673095,7.4273095,7.1073093,7.1073093,7.2973094,6.8873096,6.5373096,6.39731,6.5073094,6.8073096,7.14731,7.2873096,7.3073096,7.2973094,7.1373096,7.2273097,7.0673094,6.7873096,6.5473094,6.3373094,6.2473097,6.3473096,6.4773097,6.64731,6.4573097,5.8073096,5.5273094,5.7573094,5.5673094,5.0873094,4.8673096,4.87731,4.8073096,4.6373096,4.7373095,4.89731,5.1073093,5.37731,5.1973095,4.4073095,4.6873097,4.2673097,0.89730954,1.0973096,0.51730955,-0.5126904,0.11730957,1.2773095,2.3573096,0.64730954,0.48730958,2.0073097,1.7073096,1.5373095,1.7973095,2.3473096,1.4673096
9.87731,9.357309,8.41731,7.62731,7.3573093,7.4273095,7.2673097,7.1073093,7.39731,7.0473094,6.7273097,6.64731,6.7073097,6.9173098,7.0373096,7.1673098,7.2573094,7.3873096,7.2473097,7.2673097,7.2873096,6.9273095,6.5973096,6.5573096,6.3573093,6.2073097,6.39731,6.6773095,6.5973096,5.9773097,5.7773094,5.7873096,5.5173097,5.12731,4.9273095,4.9573097,4.9073095,4.6873097,4.7473097,4.9273095,5.2373095,5.6073093,5.3873096,4.7473097,3.3973095,2.7773097,1.4373096,0.80730957,1.0273095,0.40730956,-0.30269042,-0.07269043,1.4873096,0.43730956,0.99730957,1.0873096,1.2473096,1.7773095,2.3673096,3.1673095,1.7573096
10.277309,9.87731,8.83731,7.87731,7.4473095,7.3073096,7.3173094,7.2773094,7.5373096,7.2773094,7.0173097,6.9173098,6.89731,6.9573097,6.89731,6.9773097,7.14731,7.37731,7.3573093,7.3373094,7.4373097,7.1873097,6.6873097,6.6073093,6.5073094,6.2573094,6.3573093,6.5873094,6.5673094,6.1773095,5.9873095,5.62731,5.3573093,5.1573095,5.0073094,5.0373096,4.9873095,4.7773094,4.8073096,5.0773096,5.3573093,5.7173095,5.7573094,5.0873094,3.5773096,3.6873095,3.5073097,1.0673096,1.3573096,-0.32269043,-2.0526905,-0.98269045,-0.0026904298,-0.46269044,0.45730957,1.3573096,1.5473095,2.1073096,2.3973095,3.0973096,2.2973096
10.057309,9.847309,9.04731,7.9073095,7.2873096,6.8573093,7.0673094,7.4473095,7.64731,7.3573093,7.0773096,6.9573097,6.9473095,6.8473096,6.7373095,6.8473096,7.0373096,7.3373094,7.3573093,7.4073095,7.4373097,7.2773094,6.8273096,6.6873097,6.7373095,6.5273094,6.4073095,6.4673095,6.4773097,6.1673098,5.9173098,5.64731,5.3473096,5.2773094,5.0873094,5.12731,5.0973096,4.7373095,4.6973095,5.2473097,5.4673095,5.7573094,5.8873096,5.14731,3.4273095,2.5573096,1.9273095,1.6073096,0.55730957,-2.4826903,-1.8626904,-2.1626904,-1.6526904,-1.0326904,0.75730956,1.5573096,1.8473096,2.3373096,3.1273096,3.5573096,2.3973095
9.687309,9.817309,9.21731,8.03731,7.2673097,7.0573096,7.0773096,7.14731,7.5673094,7.4273095,7.0973096,6.9473095,6.8873096,6.8573093,6.7073097,6.8673096,6.9873095,7.2673097,7.4173098,7.5173097,7.4973097,7.2573094,6.8473096,6.6673098,6.7773094,6.6673098,6.4073095,6.4073095,6.3873096,5.9673095,5.7273097,5.7673097,5.6673098,5.4873095,5.2273097,5.1673098,5.1173096,4.6873097,4.5873094,5.2973094,5.3873096,5.4573097,6.4373097,7.1873097,2.6173096,1.9173095,1.2573096,1.6973096,-0.42269042,-2.3326905,-1.5826905,-2.1626904,-1.8226905,-0.62269044,0.9073096,1.5373095,1.9573096,2.9773095,4.5773096,6.2073097,7.0473094
9.977309,9.817309,9.21731,8.20731,7.4373097,7.2173095,7.37731,7.2373095,7.3573093,7.3673096,7.0773096,6.9973097,6.9673095,6.9173098,6.8173094,6.9473095,6.9873095,7.2173095,7.4573097,7.5773096,7.5073094,7.2273097,6.8673096,6.6873097,6.7073097,6.6073093,6.4073095,6.3873096,6.3173094,5.9773097,5.8073096,5.9873095,5.9973097,5.62731,5.2373095,5.14731,5.12731,4.6973095,4.5073094,5.0873094,4.9973097,4.89731,8.027309,5.1673098,1.3373096,1.8973095,1.5273095,1.7173096,-0.55269045,-2.3826904,-2.2126904,-1.7826904,-0.85269046,0.18730956,1.1273096,1.5673096,2.2073095,3.6373096,5.0673094,4.0973096,4.0073094
9.83731,10.027309,9.79731,8.6973095,7.8173094,7.4773097,7.6673098,7.2573094,7.3273096,7.4373097,7.4873095,7.6073093,7.4173098,6.8573093,6.8173094,6.9573097,6.9973097,7.1873097,7.39731,7.5573096,7.5173097,7.2773094,7.0573096,6.8273096,6.5973096,6.5673094,6.5473094,6.6073093,6.4573097,6.1173096,6.0373096,6.1773095,6.12731,5.7473097,5.2173095,5.0173097,5.0673094,4.8073096,4.4873095,4.8473096,4.7073097,3.9273095,2.6373096,1.0873096,1.4773096,1.7873095,1.5073096,0.80730957,-1.5626904,-2.7126904,-1.8726904,-0.39269042,-0.5126904,0.8673096,1.6673095,1.7473096,2.2073095,2.9073095,4.4973097,5.8173094,6.4173098
9.58731,9.897309,9.90731,9.277309,8.20731,7.7773094,7.7073097,7.4673095,7.4273095,7.39731,7.5373096,7.6873097,7.4373097,7.0673094,7.1673098,7.0173097,6.8273096,7.0173097,7.4273095,7.5973096,7.62731,7.39731,7.2373095,6.9373097,6.4773097,6.4373097,6.5373096,6.6673098,6.5973096,6.3173094,6.2173095,6.1173096,5.9773097,5.6173096,5.0773096,4.8173094,5.0073094,4.9473095,4.4773097,4.6573095,4.6073093,3.6073096,1.9573096,2.3073096,2.1773095,2.2073095,2.6173096,-0.5226904,-1.0126904,-1.5126904,-0.7726904,0.33730957,0.31730956,1.6073096,2.0873096,3.2973096,4.1873097,6.4273095,7.8473096,8.597309,8.147309
9.46731,9.857309,9.79731,9.517309,8.727309,8.067309,7.7573094,7.5773096,7.7173095,7.7673097,7.7873096,7.8473096,7.5673094,7.2173095,7.2073097,7.0973096,6.8373094,6.8573093,7.0773096,7.4073095,7.6873097,7.5673094,7.3873096,6.89731,6.3473096,6.3173094,6.4373097,6.6373096,6.6573095,6.6073093,6.4373097,6.1773095,5.89731,5.6673098,5.0573096,4.7173095,4.9773097,5.0373096,4.6073093,4.5573096,4.5873094,4.0973096,2.4873095,1.9473096,2.2473097,2.3373096,2.0573096,-1.1426904,-0.69269043,-1.3326905,-0.04269043,1.1873096,1.5173095,1.8173096,2.6473095,3.2173095,4.12731,5.3173094,5.5973096,5.9573097,6.1673098
9.307309,9.6973095,9.75731,9.487309,9.027309,8.36731,7.7173095,7.62731,7.6573095,7.89731,7.9373097,7.9873095,7.7773094,7.4273095,7.2973094,7.1373096,6.9173098,7.0173097,7.2273097,7.2473097,7.4773097,7.6173096,7.4073095,6.7773094,6.3573093,6.3173094,6.39731,6.4873095,6.6173096,6.6673098,6.3873096,6.0773096,5.9173098,5.7973094,5.14731,4.7173095,4.8873096,5.0173097,4.7973094,4.7673097,4.7273097,4.2273097,3.8873096,2.1773095,1.9973096,2.3773096,2.0773096,1.3473096,-0.46269044,-0.8226904,-0.29269043,0.5473096,1.7873095,3.0273097,4.9973097,5.89731,5.8073096,6.3473096,6.4373097,6.1173096,6.7673097
9.277309,9.557309,9.767309,9.54731,9.04731,8.50731,7.9373097,7.6173096,7.64731,7.7673097,7.8373094,7.9773097,7.9873095,7.6673098,7.4273095,7.1973095,7.0673094,7.1873097,7.3273096,7.3273096,7.5073094,7.5973096,7.2073097,6.64731,6.5873094,6.5073094,6.4173098,6.3873096,6.4973097,6.6373096,6.3573093,5.9973097,5.9373097,5.7873096,5.0673094,4.6773095,4.8173094,4.9773097,4.9573097,4.9773097,4.9373097,4.4573097,4.0573096,2.0973096,1.7873095,2.1773095,2.3173096,2.1973095,0.5273096,0.22730957,0.15730958,0.29730958,1.6673095,2.0673096,3.8373096,6.1373096,6.4573097,6.64731,4.5673094,3.4073095,4.1973095
9.45731,9.46731,9.66731,9.63731,9.267309,8.66731,7.9073095,7.5773096,7.6873097,7.6173096,7.6973095,7.9073095,7.87731,7.7473097,7.5773096,7.2873096,7.2373095,7.2773094,7.2473097,7.3373094,7.5473094,7.6573095,7.2173095,6.5973096,6.5373096,6.5973096,6.5273094,6.4673095,6.5173097,6.6973095,6.37731,6.0073094,6.0673094,5.8073096,5.0073094,4.7073097,4.8573093,5.0173097,5.0873094,5.14731,5.1673098,4.6773095,4.4473095,2.1473095,2.0073097,1.7473096,2.4273095,2.9073095,2.3073096,1.3773096,2.1073096,0.34730956,1.2273096,2.9173095,4.9473095,6.2773094,6.1973095,6.0373096,4.4273095,4.2973094,5.87731
9.6973095,9.597309,9.66731,9.727309,9.38731,8.54731,7.7873096,7.7573094,7.4873095,7.4673095,7.6673098,7.8473096,7.8473096,7.7273097,7.6373096,7.4673095,7.3373094,7.2373095,7.0573096,7.2673097,7.6773095,7.64731,7.1073093,6.5873094,6.5273094,6.5973096,6.5373096,6.4373097,6.5073094,6.6573095,6.4373097,6.14731,6.0073094,5.4573097,4.7873096,4.7873096,4.9073095,5.0673094,5.12731,5.2573094,5.3173094,5.0673094,4.5173097,1.7973095,1.9073095,1.9273095,2.3473096,2.9673095,3.5173097,2.4773095,1.2373096,2.1473095,1.4173095,3.0273097,2.8873096,4.5173097,5.7273097,6.12731,4.9373097,6.3273096,7.0873094
9.807309,9.70731,9.817309,9.777309,9.267309,8.57731,8.04731,7.5773096,7.1373096,7.3673096,7.7973094,7.7773094,7.8373094,7.7573094,7.6673098,7.6073093,7.39731,7.2173095,7.0273094,7.2373095,7.6173096,7.4673095,6.9273095,6.62731,6.5573096,6.4973097,6.4573097,6.4273095,6.4773097,6.5873094,6.4473095,6.12731,5.8473096,5.39731,4.9773097,4.6773095,4.7373095,5.0073094,5.0273094,5.12731,5.1773095,5.1173096,4.5173097,1.8573096,1.4373096,2.1073096,2.2473097,1.8973095,1.9973096,1.7673095,2.5173097,3.8373096,5.7873096,6.14731,6.4473095,4.6673098,2.7073095,4.1973095,3.0273097,2.9773095,5.1973095
9.857309,9.90731,9.95731,9.92731,9.63731,8.79731,7.7973094,7.2873096,7.1773095,7.6773095,7.9073095,7.6373096,7.6573095,7.7873096,7.9073095,7.6973095,7.39731,7.2173095,7.0673094,7.2173095,7.4473095,7.12731,6.7873096,6.8173094,6.7573094,6.5573096,6.4573097,6.4573097,6.4473095,6.5273094,6.5073094,6.2273097,5.7073097,5.3373094,4.9973097,4.5773096,4.4473095,4.6373096,4.7673097,4.8473096,4.6773095,3.6373096,2.1973095,1.6873096,1.8173096,2.4673095,3.4273095,3.5573096,3.7273095,2.8273096,2.5473096,2.3373096,3.2973096,4.0673094,4.2973094,4.7573094,3.8573096,3.3473096,4.2273097,4.8873096,5.1673098
9.937309,9.90731,9.9473095,9.91731,10.027309,9.227309,7.87731,6.8073096,7.7073097,8.03731,7.9473095,7.5273094,7.4873095,8.03731,8.1973095,7.8273096,7.4473095,7.2673097,7.0273094,6.9973097,7.2273097,7.2273097,7.0373096,6.9473095,6.8873096,6.7173095,6.5873094,6.5173097,6.4573097,6.5073094,6.5573096,6.2073097,5.7073097,5.5973096,5.2773094,4.6373096,4.3873096,4.5773096,4.7473097,4.8473096,4.3573093,2.5873096,1.9673096,1.8873096,2.1473095,2.0573096,2.5473096,3.2973096,2.9173095,3.1973095,2.8573096,2.2973096,2.3073096,2.9673095,3.2673097,3.4673095,3.8073096,4.0873094,5.5373096,6.5973096,3.1673095
9.95731,9.79731,9.91731,9.987309,10.00731,9.12731,8.237309,7.6073093,7.87731,7.8573093,7.7873096,7.5073094,7.6673098,8.187309,8.227309,7.8273096,7.4073095,7.2473097,6.9173098,6.7673097,7.1373096,7.3273096,7.1973095,7.0273094,6.9273095,6.8173094,6.7473097,6.6373096,6.4973097,6.4773097,6.5173097,6.1673098,5.7773094,5.8073096,5.62731,5.0673094,4.7673097,4.8673096,4.9973097,5.0173097,4.3173094,2.3873096,1.7073096,1.6273096,1.9373096,2.5573096,2.7173095,1.9373096,1.6173096,2.3473096,2.1073096,1.9773096,2.8473096,3.5373096,3.5473096,4.4473095,3.7173095,4.62731,5.6673098,6.1973095,5.0873094
10.067309,9.92731,9.767309,9.687309,9.66731,9.847309,9.67731,8.78731,7.4473095,7.0873094,7.4273095,7.62731,7.8073096,8.20731,8.147309,7.6773095,7.3173094,7.14731,6.7373095,6.6573095,7.1373096,7.3673096,7.2773094,7.1073093,6.9673095,6.8873096,6.8373094,6.7473097,6.5273094,6.4073095,6.4173098,6.2673097,6.0573096,6.12731,6.1373096,5.6673098,5.2873096,5.3473096,5.3473096,5.1673098,5.0673094,4.12731,2.6373096,2.4973097,2.8373096,3.5473096,3.9573095,3.5273097,2.7973096,2.6173096,2.6073096,3.2573097,3.1073096,3.6373096,3.8273096,4.0473094,4.1173096,5.0973096,5.9373097,5.2173095,4.7773094
10.237309,10.017309,9.86731,9.75731,9.817309,10.03731,9.097309,7.9773097,7.2673097,7.14731,7.5973096,7.64731,7.7273097,7.9073095,7.6573095,7.2773094,7.0973096,6.9473095,6.6373096,6.6573095,7.1173096,7.3373094,7.3273096,7.2073097,7.0473094,6.9273095,6.9073095,6.8173094,6.5273094,6.2973094,6.3173094,6.2973094,6.2673097,6.4573097,6.4673095,6.0473094,5.7073097,5.7373095,5.5173097,5.2273097,5.2973094,5.0773096,3.3473096,2.8773096,3.7973096,4.5773096,3.9273095,3.2173095,2.8573096,2.3773096,2.3673096,3.1773095,3.6073096,4.3673096,5.2873096,5.8073096,6.62731,6.9473095,5.4973097,4.0773096,3.5073097
