UV_10m_small_gfs.t12z.pgrb2.0p25.f012.json
{"header": { "discipline":0, "disciplineName":"Meteorological products", "gribEdition":2, "gribLength":17311, "center":7, "centerName":"US National Weather Service - NCEP(WMC)", "subcenter":0, "refTime":"2023-03-21T12:00:00.000Z", "significanceOfRT":1, "significanceOfRTName":"Start of forecast", "productStatus":0, "productStatusName":"Operational products", "productType":1, "productTypeName":"Forecast products", "productDefinitionTemplate":0, "productDefinitionTemplateName":"Analysis/forecast at horizontal level/layer at a point in time", "parameterCategory":2, "parameterCategoryName":"Momentum", "parameterNumber":2, "parameterNumberName":"U-component_of_wind", "parameterUnit":"m.s-1", "genProcessType":2, "genProcessTypeName":"Forecast", "forecastTime":12, "surface1Type":103, "surface1TypeName":"Specified height level above ground", "surface1Value":10.0, "surface2Type":255, "surface2TypeName":"Missing", "surface2Value":0.0, "gridDefinitionTemplate":0, "gridDefinitionTemplateName":"Latitude_Longitude", "numberPoints":11421, "shape":6, "shapeName":"Earth spherical with radius of 6,371,229.0 m", "gridUnits":"degrees", "resolution":48, "winds":"true", "scanMode":64, "nx":141, "ny":81, "basicAngle":0, "lo1":210.0, "la1":30.0, "lo2":245.0, "la2":50.0, "dx":0.25, "dy":0.25 }, "data":
[rows 27 to 53 of 81, columns 0 to 60 of 141]
3.426333,3.976333,3.766333,3.466333,3.276333,3.396333,3.596333,3.226333,2.456333,1.606333,1.866333,3.216333,4.266333,4.866333,5.176333,4.966333,3.936333,2.456333,1.596333,1.286333,1.076333,0.916333,1.226333,1.786333,2.146333,2.256333,2.046333,1.716333,1.486333,1.356333,1.906333,2.226333,2.166333,2.236333,2.466333,2.826333,3.036333,3.206333,3.346333,4.256333,4.446333,2.476333,2.166333,1.716333,0.896333,1.606333,2.056333,2.036333,2.196333,2.126333,2.066333,2.366333,2.826333,3.286333,3.686333,3.396333,3.086333,3.146333,2.976333,1.786333,-0.553667
3.936333,3.646333,3.766333,3.296333,2.966333,2.876333,3.126333,3.356333,3.266333,3.426333,3.796333,3.586333,3.366333,4.206333,5.266333,5.426333,4.386333,3.216333,2.376333,1.726333,1.596333,1.256333,1.1863331,1.586333,2.076333,2.386333,2.256333,1.966333,1.726333,1.496333,1.896333,2.2463331,2.176333,2.186333,2.586333,3.006333,3.026333,3.316333,3.796333,4.136333,3.086333,2.016333,2.006333,0.52633303,1.086333,1.766333,1.776333,1.8063331,1.876333,2.006333,2.136333,2.116333,2.2463331,2.786333,3.426333,2.9963331,2.896333,2.456333,2.216333,1.616333,0.676333
3.946333,4.026333,3.716333,3.316333,3.486333,3.516333,3.346333,3.336333,3.376333,3.666333,4.066333,4.456333,4.666333,4.646333,4.186333,4.036333,4.076333,3.506333,2.836333,2.116333,2.096333,2.016333,1.566333,1.626333,2.036333,2.416333,2.366333,2.106333,1.766333,1.536333,1.996333,2.346333,2.266333,2.306333,2.936333,3.206333,2.796333,3.236333,3.9963331,3.836333,2.556333,2.416333,1.496333,0.406333,1.476333,1.596333,1.546333,1.456333,1.756333,2.006333,1.776333,1.526333,1.696333,2.416333,3.266333,2.856333,2.756333,2.176333,1.626333,1.876333,1.736333
4.406333,4.216333,3.696333,3.666333,3.816333,3.436333,3.406333,3.836333,4.146333,4.076333,3.926333,4.166333,4.456333,4.606333,4.546333,3.966333,3.866333,3.796333,3.096333,2.456333,2.446333,2.386333,2.046333,1.816333,1.986333,2.326333,2.336333,2.116333,1.876333,1.676333,2.106333,2.526333,2.406333,2.586333,3.176333,3.126333,2.916333,3.616333,3.836333,3.276333,2.916333,2.636333,0.746333,0.686333,1.586333,1.366333,1.246333,1.4363331,1.916333,1.766333,1.296333,1.116333,1.376333,1.916333,2.886333,2.626333,2.636333,2.146333,1.486333,1.156333,0.906333
4.676333,4.536333,4.276333,4.296333,4.206333,4.066333,4.436333,4.696333,4.736333,4.506333,4.086333,4.016333,4.296333,4.496333,4.516333,4.276333,4.036333,3.896333,3.306333,2.726333,2.686333,2.636333,2.566333,2.116333,1.906333,2.196333,2.346333,2.256333,2.016333,1.796333,2.206333,2.586333,2.486333,2.736333,3.096333,2.966333,3.146333,3.576333,3.326333,3.106333,2.806333,1.0563331,-0.20366699,1.106333,1.216333,0.906333,0.956333,1.716333,1.876333,1.526333,0.986333,0.786333,1.316333,1.516333,2.236333,2.406333,2.606333,2.156333,1.386333,1.276333,0.696333
4.666333,4.706333,4.696333,4.706333,4.726333,4.916333,5.066333,5.046333,4.906333,4.686333,4.546333,4.516333,4.476333,4.436333,4.416333,4.426333,4.426333,4.166333,3.456333,2.926333,3.066333,3.156333,2.796333,2.206333,1.976333,2.206333,2.346333,2.386333,2.306333,1.946333,2.306333,2.676333,2.546333,2.7463331,2.956333,2.9963331,3.296333,3.346333,2.9963331,1.496333,-0.72366697,-1.273667,0.456333,0.866333,0.536333,0.666333,1.246333,1.816333,1.706333,1.356333,0.806333,0.58633304,1.096333,1.446333,1.566333,2.046333,2.4963331,2.686333,1.286333,0.38633302,0.346333
4.716333,4.686333,4.706333,4.866333,5.166333,5.306333,5.296333,5.196333,5.096333,4.926333,4.796333,4.846333,4.916333,4.716333,4.506333,4.626333,4.606333,4.326333,3.696333,3.336333,3.576333,3.706333,3.2463331,2.486333,2.026333,2.236333,2.376333,2.416333,2.546333,2.306333,2.416333,2.716333,2.456333,2.836333,3.136333,3.176333,3.296333,3.456333,1.836333,-1.083667,-1.173667,0.306333,0.306333,0.14633301,0.256333,0.646333,1.5563331,1.6863331,1.576333,1.116333,0.706333,0.566333,0.886333,1.376333,1.506333,1.476333,2.126333,2.856333,2.226333,0.07633301,-0.15366699
5.286333,5.116333,5.106333,5.226333,5.246333,5.196333,5.036333,4.956333,4.916333,4.906333,4.936333,5.036333,5.146333,5.206333,5.046333,4.876333,4.706333,4.346333,3.936333,3.906333,4.176333,4.306333,4.006333,2.9963331,2.256333,2.236333,2.226333,2.386333,2.586333,2.386333,2.596333,2.646333,2.506333,2.986333,3.436333,3.476333,3.526333,2.906333,0.216333,-1.103667,0.06633301,0.12633301,-0.06366699,-0.163667,0.136333,1.1863331,1.576333,1.5563331,1.426333,1.026333,0.806333,0.71633303,0.746333,0.996333,1.376333,1.4363331,1.696333,2.446333,2.346333,1.176333,0.44633302
5.456333,5.556333,5.646333,5.696333,5.576333,5.316333,4.956333,4.766333,4.786333,4.776333,4.826333,4.996333,5.076333,5.096333,5.116333,4.826333,4.576333,4.486333,4.426333,4.546333,4.796333,4.866333,4.546333,3.486333,2.526333,2.306333,2.146333,2.196333,2.4963331,2.526333,2.626333,2.7463331,2.736333,3.206333,3.786333,3.766333,3.656333,2.416333,-0.543667,-0.383667,0.35633302,0.536333,0.286333,-0.09366699,0.546333,1.276333,1.536333,1.666333,1.416333,1.106333,0.866333,0.756333,0.83633304,0.926333,1.116333,1.486333,1.606333,1.846333,1.896333,1.496333,1.296333
5.886333,5.906333,6.066333,6.176333,5.996333,5.756333,5.466333,5.076333,4.946333,4.976333,4.986333,5.066333,5.146333,5.156333,5.076333,4.896333,4.726333,4.656333,4.836333,5.156333,5.346333,5.306333,4.796333,3.816333,2.806333,2.446333,2.006333,1.846333,2.376333,2.656333,2.786333,3.056333,3.046333,3.516333,4.106333,3.976333,3.786333,2.896333,0.926333,0.71633303,0.946333,0.736333,0.336333,0.486333,0.976333,1.376333,1.536333,1.696333,1.526333,1.206333,0.906333,0.77633303,0.876333,0.866333,0.906333,1.276333,1.576333,1.596333,1.836333,1.836333,1.406333
6.326333,6.476333,6.606333,6.526333,6.286333,6.016333,5.796333,5.546333,5.486333,5.496333,5.396333,5.486333,5.486333,5.346333,5.126333,5.006333,5.006333,5.016333,5.226333,5.676333,5.926333,5.526333,4.846333,4.056333,3.106333,2.476333,1.976333,1.826333,2.306333,2.706333,2.866333,3.256333,3.406333,3.906333,4.346333,4.116333,3.906333,3.656333,2.076333,1.296333,1.366333,0.856333,0.71633303,1.126333,1.3063331,1.356333,1.526333,1.726333,1.566333,1.296333,0.956333,0.726333,0.756333,0.926333,0.986333,1.066333,1.386333,1.526333,1.426333,1.656333,1.706333
6.736333,7.036333,7.006333,6.806333,6.646333,6.466333,6.286333,6.136333,5.886333,5.856333,5.916333,6.016333,5.996333,5.676333,5.396333,5.176333,5.126333,5.246333,5.476333,5.906333,6.416333,5.836333,4.906333,4.366333,3.416333,2.526333,2.156333,2.096333,2.466333,2.796333,2.966333,3.266333,3.436333,3.986333,4.596333,4.466333,3.976333,3.726333,2.786333,1.876333,1.736333,1.136333,0.946333,1.396333,1.516333,1.4363331,1.586333,1.726333,1.656333,1.466333,1.126333,0.866333,0.756333,0.896333,1.136333,1.016333,1.0563331,1.466333,1.676333,1.5563331,1.506333
7.146333,7.346333,7.276333,7.126333,7.036333,6.816333,6.646333,6.546333,6.266333,6.236333,6.096333,5.996333,6.286333,6.196333,5.956333,5.766333,5.546333,5.556333,5.806333,5.986333,6.426333,6.056333,5.166333,4.746333,3.876333,2.916333,2.546333,2.426333,2.486333,2.756333,3.076333,3.326333,3.346333,3.786333,4.596333,4.606333,4.166333,3.796333,3.456333,2.836333,2.276333,1.326333,0.996333,1.426333,1.486333,1.536333,1.716333,1.716333,1.726333,1.646333,1.346333,1.036333,0.946333,0.83633304,0.876333,1.006333,1.046333,1.266333,1.626333,1.786333,1.726333
7.456333,7.596333,7.546333,7.436333,7.306333,7.066333,6.976333,6.976333,6.636333,6.166333,6.116333,6.426333,6.676333,6.526333,6.276333,6.196333,6.136333,5.976333,6.156333,6.236333,6.216333,5.926333,5.376333,5.196333,4.516333,3.656333,3.036333,2.646333,2.416333,2.656333,3.116333,3.466333,3.436333,3.706333,4.376333,4.416333,4.346333,4.156333,3.9963331,3.566333,2.386333,1.116333,0.996333,1.386333,1.496333,1.646333,1.706333,1.716333,1.826333,1.816333,1.586333,1.216333,0.956333,0.926333,0.826333,0.806333,0.996333,1.1863331,1.416333,1.646333,1.766333
7.796333,7.876333,7.896333,7.786333,7.556333,7.366333,7.266333,6.986333,6.686333,6.576333,6.506333,6.676333,6.756333,6.616333,6.466333,6.516333,6.626333,6.596333,6.486333,6.396333,6.126333,6.066333,5.806333,5.686333,5.066333,4.326333,3.666333,3.076333,2.666333,2.636333,3.006333,3.456333,3.526333,3.726333,4.116333,4.226333,4.456333,4.456333,4.126333,3.716333,2.056333,0.866333,1.026333,1.286333,1.406333,1.706333,1.756333,1.836333,1.916333,1.9363331,1.726333,1.4363331,1.226333,1.086333,0.976333,0.896333,0.876333,0.986333,1.1863331,1.476333,1.626333
8.166333,8.186333,8.236333,8.026333,7.646333,7.466333,7.286333,6.946333,6.646333,6.496333,6.456333,6.656333,6.766333,6.736333,6.786333,6.886333,7.046333,7.216333,6.976333,6.486333,6.216333,6.466333,6.366333,6.136333,5.416333,4.776333,4.466333,3.766333,3.056333,2.736333,2.956333,3.356333,3.586333,3.826333,4.156333,4.306333,4.456333,4.536333,4.236333,3.206333,1.706333,1.006333,0.946333,1.156333,1.446333,1.776333,1.916333,1.966333,1.976333,1.9363331,1.846333,1.666333,1.416333,1.126333,0.946333,0.906333,0.986333,1.006333,1.016333,1.126333,1.336333
8.426333,8.656333,8.586333,8.176333,7.936333,7.906333,7.646333,7.356333,7.186333,7.096333,7.246333,7.166333,6.976333,6.866333,7.026333,7.256333,7.356333,7.416333,7.276333,6.756333,6.396333,6.586333,6.756333,6.476333,5.946333,5.336333,5.116333,4.366333,3.476333,3.076333,3.156333,3.476333,3.666333,3.816333,4.236333,4.406333,4.356333,4.576333,4.296333,3.086333,1.856333,0.996333,0.96633303,1.236333,1.446333,1.8063331,2.086333,2.126333,2.036333,1.986333,1.996333,1.9363331,1.696333,1.396333,1.236333,1.236333,1.286333,1.196333,1.076333,1.116333,1.276333
8.636333,8.676333,8.486333,8.156333,7.956333,7.946333,7.876333,7.726333,7.586333,7.536333,7.556333,7.396333,7.166333,7.056333,7.066333,7.226333,7.326333,7.336333,7.406333,7.256333,6.816333,6.536333,6.696333,6.706333,6.456333,5.756333,5.496333,4.966333,4.136333,3.626333,3.456333,3.576333,3.7463331,3.856333,4.126333,4.606333,4.686333,4.496333,4.116333,3.026333,1.946333,1.346333,1.296333,1.256333,1.536333,1.906333,2.206333,2.2463331,2.116333,2.096333,2.126333,2.116333,2.056333,1.886333,1.6863331,1.506333,1.416333,1.316333,1.226333,1.216333,1.276333
8.646333,8.516333,8.156333,8.006333,8.046333,8.056333,7.946333,7.856333,7.786333,7.586333,7.486333,7.496333,7.416333,7.316333,7.146333,7.196333,7.286333,7.326333,7.336333,7.396333,7.286333,6.746333,6.496333,6.666333,6.756333,6.296333,5.766333,5.396333,4.836333,4.206333,3.856333,3.766333,3.876333,3.9963331,4.186333,4.606333,4.876333,4.526333,4.186333,3.516333,2.806333,1.996333,1.576333,1.506333,1.696333,1.986333,2.326333,2.406333,2.286333,2.216333,2.256333,2.216333,2.166333,2.146333,1.996333,1.666333,1.416333,1.406333,1.396333,1.336333,1.266333
8.816333,8.526333,8.436333,8.466333,8.506333,8.286333,7.986333,7.776333,7.606333,7.476333,7.366333,7.316333,7.406333,7.466333,7.416333,7.356333,7.296333,7.246333,7.286333,7.386333,7.356333,6.926333,6.546333,6.576333,6.776333,6.676333,6.006333,5.676333,5.416333,4.846333,4.366333,4.046333,3.9963331,4.216333,4.386333,4.586333,4.906333,4.696333,4.236333,3.876333,3.326333,2.526333,2.036333,1.886333,1.876333,2.086333,2.416333,2.576333,2.446333,2.356333,2.426333,2.436333,2.386333,2.356333,2.286333,2.036333,1.726333,1.546333,1.386333,1.286333,1.106333
8.906333,8.696333,8.636333,8.676333,8.586333,8.306333,7.876333,7.586333,7.526333,7.516333,7.406333,7.316333,7.266333,7.186333,7.146333,7.136333,7.186333,7.366333,7.596333,7.626333,7.366333,6.996333,6.646333,6.676333,6.806333,6.746333,6.216333,5.916333,5.906333,5.486333,4.866333,4.346333,4.166333,4.396333,4.626333,4.676333,4.876333,4.926333,4.516333,4.206333,3.636333,2.816333,2.346333,2.186333,2.016333,2.166333,2.526333,2.716333,2.626333,2.506333,2.536333,2.606333,2.526333,2.506333,2.546333,2.406333,2.146333,2.006333,1.926333,1.656333,1.246333
8.836333,8.596333,8.556333,8.776333,8.656333,8.196333,7.886333,7.596333,7.556333,7.566333,7.446333,7.356333,7.266333,7.076333,7.026333,7.066333,7.136333,7.336333,7.696333,7.776333,7.506333,7.196333,6.866333,6.866333,6.896333,6.726333,6.266333,6.106333,6.286333,5.936333,5.286333,4.666333,4.426333,4.576333,4.836333,4.936333,4.956333,4.976333,4.696333,4.446333,4.326333,3.626333,2.886333,2.466333,2.236333,2.326333,2.646333,2.866333,2.806333,2.686333,2.706333,2.786333,2.7463331,2.696333,2.806333,2.826333,2.706333,2.626333,2.366333,1.886333,1.476333
9.086333,8.596333,8.446333,8.616333,8.436333,8.126333,8.026333,7.936333,7.756333,7.706333,7.586333,7.466333,7.316333,7.036333,6.946333,7.116333,7.226333,7.316333,7.526333,7.706333,7.556333,7.346333,7.226333,7.056333,7.026333,6.736333,6.206333,6.026333,6.296333,6.296333,5.766333,5.056333,4.726333,4.756333,4.956333,5.176333,5.186333,5.026333,4.846333,4.556333,4.606333,4.326333,3.476333,2.836333,2.546333,2.586333,2.826333,3.006333,3.006333,2.926333,2.906333,2.946333,2.886333,2.766333,2.816333,2.926333,2.866333,2.756333,2.536333,2.216333,1.986333
9.316333,8.806333,8.546333,8.686333,8.816333,8.506333,8.276333,8.176333,8.056333,7.946333,7.806333,7.686333,7.436333,7.086333,6.976333,7.116333,7.336333,7.466333,7.646333,7.586333,7.396333,7.296333,7.476333,7.316333,7.046333,6.816333,6.276333,5.876333,6.176333,6.476333,6.216333,5.516333,5.066333,4.976333,5.046333,5.256333,5.416333,5.256333,4.876333,4.706333,4.806333,4.726333,4.046333,3.296333,2.916333,2.896333,3.056333,3.166333,3.186333,3.156333,3.106333,3.116333,3.076333,2.956333,2.916333,3.026333,3.056333,2.966333,2.766333,2.426333,2.196333
9.326333,8.956333,8.806333,8.836333,8.696333,8.606333,8.606333,8.366333,8.166333,8.126333,8.116333,8.066333,7.696333,7.316333,7.176333,7.236333,7.396333,7.536333,7.576333,7.456333,7.286333,7.166333,7.386333,7.346333,7.056333,6.896333,6.466333,5.886333,6.196333,6.556333,6.446333,5.926333,5.416333,5.266333,5.256333,5.266333,5.356333,5.296333,5.046333,4.966333,5.096333,5.116333,4.576333,3.726333,3.216333,3.136333,3.276333,3.376333,3.366333,3.346333,3.286333,3.256333,3.226333,3.086333,3.026333,3.106333,3.226333,3.216333,3.106333,2.856333,2.576333
9.266333,9.016333,8.996333,8.936333,8.716333,8.586333,8.616333,8.596333,8.516333,8.526333,8.546333,8.376333,7.936333,7.606333,7.416333,7.356333,7.436333,7.456333,7.316333,7.246333,7.296333,7.156333,7.136333,7.306333,7.186333,6.956333,6.576333,6.066333,6.196333,6.466333,6.506333,6.296333,5.806333,5.536333,5.496333,5.426333,5.346333,5.216333,5.136333,5.226333,5.446333,5.626333,5.046333,3.936333,3.316333,3.216333,3.386333,3.4963331,3.476333,3.456333,3.426333,3.386333,3.396333,3.306333,3.206333,3.216333,3.316333,3.376333,3.316333,3.196333,2.966333
9.386333,9.146333,9.076333,8.966333,8.746333,8.546333,8.596333,8.606333,8.506333,8.556333,8.576333,8.426333,8.086333,7.716333,7.516333,7.416333,7.426333,7.366333,7.156333,7.056333,7.196333,7.246333,7.206333,7.276333,7.186333,6.906333,6.616333,6.176333,6.156333,6.456333,6.656333,6.636333,6.156333,5.766333,5.716333,5.736333,5.636333,5.416333,5.156333,5.206333,5.516333,5.636333,4.946333,3.7463331,3.206333,3.046333,3.176333,3.416333,3.536333,3.546333,3.506333,3.4963331,3.536333,3.526333,3.416333,3.346333,3.346333,3.396333,3.386333,3.316333,3.206333
