UV_10m_small_gfs.t12z.pgrb2.0p25.f003.json
{"header": { "discipline":0, "disciplineName":"Meteorological products", "gribEdition":2, "gribLength":17311, "center":7, "centerName":"US National Weather Service - NCEP(WMC)", "subcenter":0, "refTime":"2023-03-21T12:00:00.000Z", "significanceOfRT":1, "significanceOfRTName":"Start of forecast", "productStatus":0, "productStatusName":"Operational products", "productType":1, "productTypeName":"Forecast products", "productDefinitionTemplate":0, "productDefinitionTemplateName":"Analysis/forecast at horizontal level/layer at a point in time", "parameterCategory":2, "parameterCategoryName":"Momentum", "parameterNumber":3, "parameterNumberName":"V-component_of_wind", "parameterUnit":"m.s-1", "genProcessType":2, "genProcessTypeName":"Forecast", "forecastTime":3, "surface1Type":103, "surface1TypeName":"Specified height level above ground", "surface1Value":10.0, "surface2Type":255, "surface2TypeName":"Missing", "surface2Value":0.0, "gridDefinitionTemplate":0, "gridDefinitionTemplateName":"Latitude_Longitude", "numberPoints":11421, "shape":6, "shapeName":"Earth spherical with radius of 6,371,229.0 m", "gridUnits":"degrees", "resolution":48, "winds":"true", "scanMode":64, "nx":141, "ny":81, "basicAngle":0, "lo1":210.0, "la1":30.0, "lo2":245.0, "la2":50.0, "dx":0.25, "dy":0.25 }, "data":
[rows 25 to 49 of 81, columns 0 to 56 of 141]
-8.026181,-8.316181,-8.7461815,-9.166182,-9.266182,-9.236181,-9.396182,-9.396182,-9.686182,-9.936182,-10.006182,-10.216182,-10.636182,-10.966182,-11.036181,-10.976182,-11.186182,-11.936182,-12.396182,-11.856182,-11.756182,-12.2461815,-12.526181,-12.576181,-12.7461815,-13.046182,-13.136182,-12.766182,-12.606182,-12.9961815,-13.386182,-13.316181,-13.356182,-13.686182,-13.846182,-13.786181,-13.876182,-14.206182,-14.636182,-14.876182,-14.826181,-14.706182,-14.426182,-14.226182,-14.146182,-14.076181,-14.436182,-14.856182,-15.536181,-15.916182,-15.726182,-15.786181,-16.426182,-17.13618,-16.686182,-11.486181,-9.336182
-7.6061816,-8.436182,-8.946181,-9.066181,-9.406181,-9.836182,-9.986181,-9.986181,-9.766182,-9.796182,-9.676182,-9.666182,-10.096182,-10.936182,-11.126182,-11.056182,-11.206182,-11.476182,-11.936182,-12.156181,-12.236181,-12.736181,-13.046182,-12.886182,-12.736181,-12.856182,-12.786181,-12.606182,-12.716182,-13.376182,-13.566181,-13.686182,-13.756182,-13.676182,-13.636182,-13.646182,-13.896182,-13.846182,-13.916182,-14.206182,-14.406181,-14.706182,-14.826181,-14.426182,-14.126182,-14.396182,-14.946181,-15.316181,-15.776181,-16.126183,-15.9961815,-15.556182,-15.066181,-14.726182,-13.856182,-11.216182,-9.916182
-7.116182,-8.286181,-8.476182,-8.736181,-8.906181,-9.526181,-9.936182,-9.856182,-9.726182,-9.576181,-9.566181,-9.546182,-9.606182,-10.226182,-10.916182,-10.966182,-11.2461815,-11.856182,-12.176182,-12.526181,-12.786181,-12.676182,-12.276181,-12.066181,-12.506182,-12.876182,-12.726182,-12.7461815,-12.986181,-13.426182,-13.606182,-13.686182,-13.586182,-13.526181,-13.556182,-13.766182,-14.216182,-14.526181,-14.666182,-14.906181,-14.846182,-14.616181,-14.466182,-14.136182,-14.036181,-14.806182,-15.416182,-15.836182,-15.936182,-15.886182,-15.646182,-14.296182,-14.266182,-13.346182,-11.676182,-10.546182,-10.596182
-6.9761815,-7.4861817,-7.2661815,-6.7961817,-6.866182,-7.866182,-9.116181,-9.7461815,-9.916182,-9.936182,-9.896182,-9.946181,-9.916182,-10.326181,-11.016182,-11.2461815,-10.976182,-11.326181,-11.906181,-12.126182,-12.296182,-12.676182,-12.406181,-11.866181,-12.396182,-12.906181,-12.726182,-12.716182,-13.026181,-13.556182,-13.666182,-13.656181,-13.616181,-13.566181,-13.4961815,-13.576181,-13.696181,-14.026181,-14.4961815,-14.846182,-14.936182,-14.626182,-14.386182,-14.386182,-14.886182,-15.316181,-15.666182,-15.646182,-15.796182,-15.096182,-14.586182,-14.806182,-13.906181,-13.186182,-12.296182,-11.7461815,-11.656181
-5.4361815,-5.4561815,-5.6061816,-5.8361816,-6.176182,-7.0461817,-8.386182,-9.476182,-9.736181,-9.936182,-10.056182,-10.456182,-10.666182,-10.626182,-10.9961815,-11.676182,-11.576181,-11.256182,-11.566181,-12.176182,-12.356182,-12.566181,-12.846182,-12.676182,-12.986181,-13.136182,-12.876182,-12.896182,-13.086182,-13.526181,-13.666182,-13.666182,-13.646182,-13.576181,-13.806182,-14.296182,-14.616181,-14.676182,-14.456182,-14.366181,-14.276181,-14.296182,-14.346182,-14.816181,-15.156181,-15.326181,-15.546182,-15.4961815,-15.546182,-14.756182,-13.946181,-14.446181,-14.426182,-14.216182,-13.766182,-13.316181,-12.716182
-5.176182,-5.1261816,-5.4361815,-5.9361815,-6.3361816,-6.8261814,-7.5661817,-8.596182,-9.276181,-9.506182,-9.566181,-9.7461815,-10.126182,-10.466182,-10.636182,-11.036181,-11.276181,-11.326181,-11.386182,-11.736181,-12.286181,-12.506182,-12.716182,-12.656181,-12.696181,-12.856182,-12.856182,-12.906181,-13.106182,-13.426182,-13.546182,-13.586182,-13.576181,-13.706182,-13.916182,-13.876182,-14.026181,-14.546182,-14.9961815,-14.886182,-14.526181,-14.456182,-14.606182,-14.756182,-15.076181,-15.406181,-15.656181,-15.686182,-15.326181,-14.146182,-14.136182,-14.486181,-13.676182,-13.366181,-13.336182,-13.046182,-12.796182
-5.8761816,-5.8961816,-5.866182,-5.8961816,-5.8061814,-5.906182,-6.3561816,-7.0161815,-7.846182,-8.626182,-9.146182,-9.546182,-9.9961815,-10.276181,-10.196181,-10.476182,-10.896182,-11.016182,-11.226182,-11.716182,-12.356182,-12.566181,-12.606182,-12.596182,-12.526181,-12.566181,-12.576181,-12.646182,-12.886182,-13.276181,-13.426182,-13.446181,-13.526181,-13.686182,-14.196181,-14.906181,-15.126182,-14.976182,-14.9961815,-15.086182,-14.976182,-14.766182,-14.576181,-14.556182,-15.296182,-15.796182,-15.756182,-15.396182,-14.566181,-14.046182,-14.516182,-14.406181,-13.916182,-13.606182,-12.926182,-12.626182,-12.166182
-6.1461816,-5.6461816,-5.4661818,-5.366182,-5.0261817,-4.8361816,-5.3161817,-6.2961817,-7.2261815,-7.8061814,-8.386182,-8.876182,-9.556182,-10.236181,-10.306182,-10.356182,-11.066181,-11.316181,-11.166182,-11.306182,-11.786181,-12.266182,-12.596182,-12.566181,-12.606182,-12.526181,-12.446181,-12.546182,-12.866181,-13.256182,-13.456182,-13.546182,-13.726182,-14.056182,-14.456182,-14.706182,-14.846182,-14.956182,-14.846182,-14.476182,-14.326181,-14.256182,-14.456182,-15.056182,-15.506182,-15.716182,-15.416182,-14.696181,-14.266182,-14.736181,-14.896182,-14.376182,-13.896182,-13.686182,-13.576181,-13.116181,-12.626182
-8.796182,-7.696182,-5.676182,-5.3961816,-5.6661816,-5.4561815,-5.136182,-5.2761817,-5.9661818,-6.8261814,-7.3361816,-7.8361816,-8.976182,-10.226182,-10.456182,-10.126182,-10.466182,-11.066181,-11.166182,-10.956182,-11.186182,-11.916182,-12.416182,-12.556182,-12.526181,-12.716182,-12.686182,-12.486181,-12.906181,-13.416182,-13.526181,-13.616181,-13.766182,-14.116181,-14.096182,-14.156181,-14.486181,-14.706182,-14.556182,-14.436182,-14.266182,-14.426182,-15.206182,-15.756182,-15.756182,-15.186182,-14.406181,-14.086182,-14.576181,-14.946181,-14.636182,-14.326181,-13.926182,-13.516182,-13.206182,-12.966182,-12.956182
-7.3961816,-9.226182,-8.946181,-6.676182,-5.5561814,-5.0361814,-4.636182,-4.3161817,-4.5161815,-5.616182,-6.636182,-7.2361817,-8.316181,-10.096182,-10.586182,-10.226182,-10.336182,-10.776181,-11.056182,-10.966182,-10.966182,-11.536181,-12.186182,-12.446181,-12.406181,-12.556182,-12.966182,-13.106182,-13.216182,-13.416182,-13.486181,-13.606182,-13.766182,-14.296182,-14.936182,-14.956182,-14.666182,-14.566181,-14.336182,-14.086182,-14.426182,-15.186182,-15.466182,-15.406181,-14.906181,-14.156181,-14.006182,-14.466182,-14.966182,-14.536181,-14.586182,-14.616181,-14.126182,-13.966182,-13.876182,-13.786181,-13.516182
-7.3261814,-7.0661817,-7.6261816,-8.426182,-8.676182,-7.6261816,-5.5761814,-4.4361815,-4.3261814,-5.0561814,-5.926182,-6.7961817,-7.7861814,-9.056182,-10.466182,-10.316181,-10.066181,-10.296182,-10.766182,-10.886182,-10.786181,-11.236181,-12.006182,-12.236181,-12.336182,-12.476182,-12.776181,-12.966182,-13.106182,-13.286181,-13.416182,-13.596182,-14.036181,-14.376182,-14.556182,-14.586182,-14.506182,-14.326181,-13.936182,-14.166182,-14.736181,-15.106182,-15.086182,-14.706182,-13.756182,-13.256182,-13.666182,-14.616181,-14.426182,-13.966182,-13.786181,-13.796182,-13.976182,-14.236181,-14.396182,-13.716182,-12.856182
-6.696182,-6.9361815,-7.1861815,-7.2961817,-7.4161816,-8.376182,-8.236181,-6.406182,-5.0461817,-4.7961817,-5.3961816,-6.426182,-7.5561814,-8.636182,-9.646182,-9.876182,-9.576181,-9.716182,-10.286181,-10.666182,-10.806182,-11.176182,-11.906181,-12.146182,-12.2461815,-12.426182,-12.686182,-12.916182,-13.076181,-13.266182,-13.476182,-13.716182,-14.086182,-14.2461815,-14.556182,-14.566181,-14.2461815,-13.756182,-13.846182,-14.386182,-14.726182,-14.646182,-14.346182,-13.656181,-12.976182,-13.176182,-14.236181,-14.176182,-13.616181,-13.556182,-13.636182,-13.986181,-14.416182,-15.006182,-15.256182,-14.7461815,-13.836182
-7.1861815,-7.116182,-7.2161818,-7.4161816,-7.4361815,-7.1661816,-8.116181,-8.146182,-6.1061816,-4.6261816,-4.7061815,-5.616182,-6.6261816,-7.6461816,-8.836182,-9.296182,-9.206182,-9.386182,-9.966182,-10.476182,-10.666182,-10.9961815,-11.626182,-11.966182,-12.116181,-12.266182,-12.516182,-12.766182,-12.946181,-13.196181,-13.416182,-13.716182,-14.336182,-14.546182,-14.536181,-14.356182,-13.946181,-13.776181,-14.296182,-14.586182,-14.416182,-14.026181,-13.406181,-12.956182,-13.026181,-13.856182,-13.956182,-13.466182,-13.346182,-13.596182,-14.016182,-14.546182,-14.796182,-15.126182,-15.796182,-16.146181,-14.936182
-7.156182,-6.946182,-6.7361817,-6.7661815,-7.156182,-7.2661815,-7.0861816,-7.8961816,-7.7661815,-5.656182,-4.4761815,-4.866182,-5.9361815,-6.8061814,-8.036181,-8.916182,-9.086182,-9.136182,-9.736181,-10.376182,-10.686182,-10.936182,-11.516182,-11.836182,-12.016182,-12.226182,-12.4961815,-12.766182,-13.006182,-13.206182,-13.386182,-13.666182,-14.066181,-14.306182,-14.136182,-13.776181,-13.856182,-14.486181,-14.656181,-14.486181,-14.106182,-13.366181,-12.626182,-12.956182,-13.466182,-13.756182,-13.586182,-13.376182,-13.556182,-13.786181,-14.056182,-14.416182,-14.606182,-15.456182,-16.326181,-16.726181,-15.426182
-6.9961815,-7.1061816,-7.0361814,-6.8961816,-6.7561817,-7.1461816,-7.3261814,-7.1261816,-7.886182,-7.366182,-5.2261815,-4.426182,-5.2061815,-5.8961816,-7.1861815,-8.316181,-8.836182,-8.906181,-9.476182,-10.236181,-10.706182,-10.886182,-11.346182,-11.756182,-11.9961815,-12.2461815,-12.536181,-12.786181,-13.026181,-13.236181,-13.476182,-13.776181,-13.936182,-14.026181,-13.926182,-13.686182,-14.196181,-14.856182,-14.956182,-14.586182,-13.816181,-13.076181,-13.326181,-13.276181,-13.226182,-13.606182,-13.336182,-13.376182,-13.516182,-13.586182,-13.956182,-14.056182,-14.586182,-15.796182,-16.446182,-16.71618,-16.376183
-6.696182,-6.8761816,-6.9961815,-6.886182,-6.656182,-6.7261815,-7.196182,-6.9961815,-6.8161817,-7.4561815,-5.7461815,-3.9361815,-4.136182,-5.0661817,-6.2761817,-7.5661817,-8.376182,-8.506182,-9.016182,-9.936182,-10.536181,-10.796182,-11.2461815,-11.696181,-11.856182,-12.036181,-12.316181,-12.586182,-12.846182,-13.126182,-13.376182,-13.856182,-13.9961815,-13.846182,-13.796182,-13.826181,-14.256182,-14.616181,-14.356182,-14.046182,-13.406181,-13.116181,-13.136182,-13.026181,-13.296182,-13.136182,-13.096182,-13.196181,-13.126182,-13.466182,-13.766182,-13.936182,-14.726182,-15.586182,-16.316181,-16.676182,-16.266182
-6.6061816,-6.7761817,-6.906182,-6.846182,-6.7861814,-6.616182,-6.596182,-6.7961817,-6.176182,-6.9861817,-6.7161818,-4.5861816,-3.8061817,-4.6261816,-5.4361815,-6.886182,-8.036181,-8.436182,-9.026181,-9.936182,-10.436182,-10.616181,-11.066181,-11.576181,-11.776181,-11.886182,-12.196181,-12.516182,-12.866181,-13.226182,-13.546182,-13.896182,-13.946181,-13.606182,-13.376182,-13.846182,-14.426182,-14.286181,-13.566181,-13.026181,-12.796182,-12.906181,-12.786181,-12.846182,-12.846182,-12.716182,-12.776181,-12.656181,-13.006182,-13.986181,-13.946181,-14.256182,-14.556182,-15.256182,-15.966182,-16.416182,-16.366182
-6.4561815,-6.596182,-6.6661816,-6.6461816,-6.5161815,-6.3761816,-6.0761814,-6.1261816,-5.7961817,-6.2361817,-7.156182,-6.0861816,-4.5061817,-4.5461817,-5.116182,-6.4361815,-7.4161816,-8.096182,-8.926182,-9.806182,-10.216182,-10.326181,-10.796182,-11.286181,-11.466182,-11.696181,-12.016182,-12.416182,-12.836182,-13.156181,-13.466182,-13.666182,-13.576181,-13.396182,-13.526181,-14.306182,-14.566181,-13.726182,-12.866181,-12.446181,-12.346182,-12.026181,-12.126182,-12.256182,-11.946181,-12.066181,-12.276181,-12.736181,-13.726182,-14.106182,-14.296182,-14.4961815,-14.396182,-14.816181,-15.656181,-16.486181,-16.616182
-6.3961816,-6.5161815,-6.5461817,-6.7261815,-6.656182,-6.406182,-6.0761814,-5.866182,-5.8061814,-5.7361817,-6.596182,-6.8161817,-5.1461816,-4.0461817,-4.4761815,-5.9661818,-7.0761814,-7.6461816,-8.676182,-9.886182,-10.196181,-10.326181,-10.596182,-11.016182,-11.176182,-11.426182,-11.776181,-12.176182,-12.536181,-12.906181,-13.236181,-13.426182,-13.296182,-13.306182,-13.986181,-14.606182,-13.896182,-12.886182,-12.426182,-12.316181,-11.936182,-11.546182,-11.456182,-11.306182,-11.786181,-12.366181,-12.456182,-12.926182,-13.606182,-13.916182,-13.946181,-14.356182,-14.216182,-14.446181,-15.426182,-16.356182,-16.54618
-5.5761814,-5.7361817,-5.9561815,-6.156182,-6.3361816,-6.3761816,-6.2661815,-5.946182,-5.846182,-5.5661817,-5.886182,-6.7961817,-6.1261816,-3.9761817,-4.0561814,-5.4761815,-6.7161818,-7.2861814,-8.056182,-9.586182,-10.126182,-10.066181,-10.136182,-10.556182,-10.796182,-11.096182,-11.466182,-11.866181,-12.206182,-12.556182,-13.006182,-13.146182,-13.026181,-13.456182,-14.406181,-14.306182,-13.026181,-12.176182,-11.886182,-11.766182,-11.326181,-10.926182,-10.596182,-10.976182,-11.686182,-11.756182,-12.096182,-12.896182,-13.336182,-13.676182,-13.706182,-14.006182,-14.466182,-14.116181,-14.596182,-15.916182,-16.336182
-4.7961817,-4.9661818,-5.2461815,-5.4761815,-5.7461815,-6.0561814,-6.1861815,-5.9961815,-5.8061814,-5.4561815,-5.366182,-6.0061817,-6.636182,-4.2761817,-3.5161817,-4.6861815,-5.906182,-6.696182,-7.2261815,-8.646182,-9.906181,-9.756182,-9.796182,-10.156181,-10.426182,-10.786181,-11.216182,-11.646182,-12.016182,-12.346182,-12.646182,-12.646182,-12.866181,-13.666182,-14.336182,-13.276181,-12.2461815,-11.906181,-11.416182,-10.466182,-9.786181,-9.856182,-10.056182,-10.776181,-11.126182,-11.486181,-12.396182,-12.736181,-13.026181,-13.346182,-13.556182,-13.856182,-14.286181,-14.396182,-14.276181,-14.956182,-15.646182
-4.2961817,-4.5761814,-4.9361815,-5.0461817,-5.1661816,-5.3161817,-5.3161817,-5.5261817,-5.446182,-5.386182,-5.2961817,-5.2261815,-6.2361817,-4.866182,-2.9361815,-3.8561816,-4.9761815,-5.8961816,-6.5861816,-7.7361817,-9.426182,-9.426182,-9.446181,-9.806182,-10.126182,-10.506182,-10.966182,-11.426182,-11.826181,-12.096182,-12.206182,-12.206182,-12.7461815,-13.666182,-13.396182,-12.476182,-12.606182,-12.846182,-11.356182,-8.666182,-8.256182,-8.966182,-9.866181,-10.466182,-10.726182,-11.646182,-12.216182,-12.556182,-12.816181,-12.956182,-13.336182,-13.706182,-13.846182,-14.266182,-14.446181,-14.516182,-14.846182
-4.2061815,-4.4761815,-4.6861815,-4.676182,-4.636182,-4.6661816,-4.656182,-4.926182,-5.136182,-5.3261814,-5.5561814,-5.2761817,-5.7861814,-5.5461817,-2.8661816,-3.3761816,-4.2061815,-5.0461817,-5.906182,-6.9361815,-9.016182,-9.256182,-9.226182,-9.4961815,-9.786181,-10.206182,-10.7461815,-11.196181,-11.486181,-11.786181,-11.896182,-12.086182,-12.7461815,-13.506182,-12.896182,-12.256182,-12.956182,-12.886182,-11.546182,-8.976182,-8.376182,-9.026181,-9.716182,-10.216182,-10.936182,-11.736181,-12.086182,-12.286181,-12.416182,-12.736181,-12.976182,-13.306182,-13.506182,-13.916182,-14.476182,-14.4961815,-14.536181
-3.9361815,-4.176182,-4.156182,-4.0261817,-3.9961817,-4.156182,-4.1861815,-4.2961817,-4.7561817,-5.176182,-5.676182,-5.5661817,-5.5561814,-5.6261816,-2.9061816,-2.5861816,-3.4661818,-4.4361815,-5.386182,-6.2661815,-7.946182,-8.886182,-8.986181,-9.226182,-9.536181,-9.966182,-10.476182,-10.886182,-11.166182,-11.456182,-11.626182,-12.026181,-12.706182,-13.116181,-11.976182,-11.386182,-11.736181,-11.506182,-10.926182,-9.456182,-8.916182,-9.2461815,-9.976182,-10.536181,-11.076181,-11.706182,-11.936182,-11.876182,-12.076181,-12.2461815,-12.656181,-12.946181,-13.236181,-13.586182,-13.826181,-14.226182,-14.336182
-3.5561817,-3.6261816,-3.6661816,-3.5561817,-3.4761817,-3.5761817,-3.6961815,-3.6861815,-3.8261817,-4.2961817,-4.9861817,-5.1261816,-4.8361816,-5.2361817,-3.0661817,-1.8861816,-2.6761816,-3.5361817,-4.596182,-5.5161815,-7.0761814,-8.656181,-9.106182,-8.946181,-9.266182,-9.726182,-10.126182,-10.436182,-10.766182,-11.096182,-11.4961815,-11.976182,-12.506182,-12.606182,-11.366181,-10.766182,-10.226182,-9.766182,-9.466182,-9.196181,-9.416182,-9.896182,-10.526181,-10.876182,-11.586182,-11.686182,-11.316181,-11.636182,-11.696181,-11.856182,-12.286181,-12.706182,-13.116181,-13.156181,-13.4961815,-13.726182,-14.036181
