UV_10m_small_gfs.t12z.pgrb2.0p25.f021.json
{"header": { "discipline":0, "disciplineName":"Meteorological products", "gribEdition":2, "gribLength":17311, "center":7, "centerName":"US National Weather Service - NCEP(WMC)", "subcenter":0, "refTime":"2023-03-21T12:00:00.000Z", "significanceOfRT":1, "significanceOfRTName":"Start of forecast", "productStatus":0, "productStatusName":"Operational products", "productType":1, "productTypeName":"Forecast products", "productDefinitionTemplate":0, "productDefinitionTemplateName":"Analysis/forecast at horizontal level/layer at a point in time", "parameterCategory":2, "parameterCategoryName":"Momentum", "parameterNumber":2, "parameterNumberName":"U-component_of_wind", "parameterUnit":"m.s-1", "genProcessType":2, "genProcessTypeName":"Forecast", "forecastTime":21, "surface1Type":103, "surface1TypeName":"Specified height level above ground", "surface1Value":10.0, "surface2Type":255, "surface2TypeName":"Missing", "surface2Value":0.0, "gridDefinitionTemplate":0, "gridDefinitionTemplateName":"Latitude_Longitude", "numberPoints":11421, "shape":6, "shapeName":"Earth spherical with radius of 6,371,229.0 m", "gridUnits":"degrees", "resolution":48, "winds":"true", "scanMode":64, "nx":141, "ny":81, "basicAngle":0, "lo1":210.0, "la1":30.0, "lo2":245.0, "la2":50.0, "dx":0.25, "dy":0.25 }, "data":
[rows 52 to 77 of 81, columns 0 to 59 of 141]
12.116386,11.866386,11.426387,11.156386,11.046387,11.046387,10.826386,10.566387,10.676387,10.936387,10.986386,10.866386,10.516387,10.076386,10.096387,10.526386,10.796387,10.756387,10.566387,10.386387,10.256387,10.166387,9.996387,9.916387,9.836387,9.746387,9.776386,9.796387,9.446386,8.976387,8.496387,8.256387,8.206387,7.9163866,7.8563867,8.0363865,8.056387,8.316387,8.746387,8.576386,8.156386,7.5663867,6.676387,6.3763866,6.676387,6.5863867,6.5063868,6.656387,6.676387,6.7763867,6.7463865,6.3763866,6.0363865,5.8163867,5.596387,5.5163865,5.4363866,5.2763867,5.2463865,5.2463865
12.196386,12.126387,12.006387,11.836387,11.516387,11.136387,10.836387,10.606387,10.746387,11.006387,11.146387,11.136387,11.006387,10.7863865,10.386387,10.396387,10.806387,11.046387,10.976387,10.736386,10.486386,10.2863865,10.146387,10.096387,10.056387,9.976387,9.956387,9.926387,9.626387,9.046387,8.576386,8.336387,8.166387,7.7763867,7.736387,7.966387,7.9363866,7.826387,8.406386,8.766387,8.316387,7.466387,6.5663867,6.576387,6.7863865,6.4163866,6.306387,6.616387,6.8363867,6.966387,6.966387,6.7763867,6.466387,6.0463867,5.696387,5.596387,5.5163865,5.3563867,5.2963867,5.2863865
12.576386,12.586387,12.526386,12.406386,12.236386,11.926387,11.406386,10.896387,10.606387,10.7863865,11.096387,11.266387,11.316387,11.2863865,11.046387,10.636387,10.616386,11.006387,11.206387,11.106387,10.856387,10.526386,10.276386,10.126387,10.146387,10.136387,10.136387,10.096387,9.846387,9.186387,8.706387,8.496387,8.136387,7.806387,7.9563866,8.186387,7.966387,7.366387,7.3563867,8.146387,8.356387,7.346387,6.8563867,6.846387,6.676387,6.236387,6.1063867,6.5063868,6.8563867,7.0463867,7.1463866,6.9763865,6.7663865,6.3163867,5.7963867,5.636387,5.556387,5.4363866,5.406387,5.3563867
12.806387,12.856387,12.916387,12.826386,12.706387,12.5363865,12.276386,11.696386,10.866386,10.376387,10.656386,11.146387,11.306387,11.296387,11.256387,11.096387,10.746387,10.756387,11.126387,11.266387,11.156386,10.936387,10.606387,10.276386,10.136387,10.116386,10.116386,10.206387,10.096387,9.426387,8.846387,8.606387,8.186387,7.9363866,8.116386,8.226387,8.156386,7.556387,6.886387,7.366387,7.8563867,7.4363866,7.2663865,6.8963866,6.3163867,6.1263866,6.1263866,6.4363866,6.7663865,6.926387,7.1663866,7.1863866,6.736387,6.236387,5.7863865,5.576387,5.556387,5.5263867,5.5163865,5.446387
13.0363865,13.066387,13.006387,13.086387,13.096387,12.986386,12.756387,12.606387,12.206387,11.226387,10.416387,10.656386,11.276386,11.616386,11.636387,11.506387,11.156386,10.826386,10.966387,11.276386,11.336387,11.156386,10.856387,10.516387,10.2863865,10.176387,10.126387,10.166387,10.126387,9.606387,8.956387,8.596387,8.166387,7.906387,7.9163866,8.056387,8.096387,7.7463865,7.0463867,6.966387,7.3363867,7.2563868,7.0663867,6.5363865,6.1663866,6.2263865,6.2663865,6.5163865,6.8163867,6.8563867,6.966387,7.2863865,7.096387,6.4963865,5.906387,5.4163866,5.4763865,5.616387,5.616387,5.486387
13.226387,13.316387,13.256387,13.116386,13.046387,13.016387,12.886387,12.646387,12.576386,12.326386,11.416387,10.886387,11.266387,11.626387,11.586387,11.266387,11.086387,10.856387,10.826386,11.156386,11.386387,11.306387,11.026386,10.746387,10.526386,10.326386,10.206387,10.136387,10.086387,9.716387,9.116386,8.526386,8.0363865,7.8763866,7.716387,7.7863865,7.8363867,7.656387,7.216387,6.886387,6.926387,6.6863866,6.466387,6.4963865,6.576387,6.4363866,6.4163866,6.6063867,6.7563868,6.926387,6.8563867,7.0663867,7.346387,7.1463866,6.096387,5.3363867,5.4163866,5.636387,5.656387,5.466387
13.116386,13.306387,13.436387,13.276386,13.056387,12.896387,12.836387,12.666387,12.456387,12.476387,12.2863865,11.706387,11.356387,11.106387,10.886387,10.776386,10.876387,10.956387,10.926387,11.086387,11.326386,11.366386,11.126387,10.836387,10.606387,10.436387,10.276386,10.216387,10.186387,9.876387,9.166387,8.316387,7.8763866,7.8363867,7.596387,7.5463867,7.5863867,7.466387,7.216387,7.0863867,7.076387,6.6263866,6.2963867,6.656387,6.8963866,6.7263865,6.6063867,6.716387,6.6863866,6.8363867,7.096387,6.906387,6.9163866,6.9963865,5.966387,5.386387,5.446387,5.6463866,5.616387,5.4163866
13.336387,13.276386,13.326386,13.226387,13.106387,12.926387,12.806387,12.766387,12.636387,12.516387,12.436387,12.146387,11.686387,11.336387,11.066387,10.926387,11.006387,11.166387,11.146387,11.116386,11.236386,11.246387,11.076386,10.846387,10.606387,10.436387,10.326386,10.366386,10.396387,10.076386,9.146387,8.156386,7.736387,7.696387,7.4963865,7.406387,7.3163867,7.306387,7.2663865,7.216387,7.2763867,7.096387,6.5363865,6.6663866,6.9763865,6.906387,6.6663866,6.8363867,6.8163867,6.6663866,6.866387,6.9963865,7.0663867,6.806387,6.0263867,5.6263866,5.5663867,5.636387,5.5263867,5.326387
14.166387,13.986386,13.736386,13.316387,13.006387,12.976387,12.976387,12.856387,12.806387,12.666387,12.516387,12.256387,11.836387,11.596387,11.466387,11.276386,11.276386,11.376387,11.316387,11.176387,11.156386,11.066387,10.916387,10.756387,10.586387,10.426387,10.326386,10.436387,10.516387,10.266387,9.346387,8.236386,7.636387,7.5463867,7.3963866,7.2463865,7.1863866,7.236387,7.196387,7.406387,7.6263866,7.446387,7.136387,6.9763865,7.0263867,6.5063868,6.5263867,6.8763866,7.0063868,6.7063866,6.6063867,6.846387,7.0163865,6.8163867,6.4163866,5.986387,5.736387,5.6463866,5.486387,5.3163867
13.966387,14.516387,14.726387,14.266387,13.436387,12.866386,12.946386,12.896387,12.746387,12.7863865,12.706387,12.406386,11.936387,11.616386,11.5363865,11.476387,11.466387,11.496387,11.396387,11.246387,11.156386,11.046387,10.876387,10.736386,10.586387,10.376387,10.356387,10.426387,10.476387,10.296387,9.476387,8.456387,7.696387,7.3563867,7.176387,7.2863865,7.326387,7.216387,7.2263865,7.366387,7.0863867,7.0263867,7.446387,7.096387,6.406387,6.1463866,6.6663866,6.9763865,7.1063867,6.846387,6.616387,6.736387,6.966387,6.8963866,6.8963866,6.386387,5.8963866,5.676387,5.466387,5.346387
13.766387,14.336387,14.856387,15.226387,15.046387,13.756387,13.006387,12.726387,12.516387,12.716387,12.866386,12.596387,12.186387,11.766387,11.506387,11.456387,11.366386,11.326386,11.266387,11.186387,11.146387,11.086387,10.946386,10.656386,10.396387,10.316387,10.406386,10.426387,10.426387,10.336387,9.776386,8.886387,7.866387,7.326387,7.2063866,7.466387,7.4763865,7.056387,7.0863867,7.386387,7.616387,7.406387,6.3163867,5.466387,5.7963867,6.5663867,7.0263867,7.1463866,7.176387,6.9763865,6.8163867,6.866387,7.056387,7.2563868,7.2763867,6.5463867,5.966387,5.7063866,5.4763865,5.4163866
13.906386,13.716387,12.846387,12.796387,12.826386,12.276386,12.456387,12.516387,12.436387,12.626387,12.856387,12.796387,12.466387,11.976387,11.516387,11.276386,11.116386,11.156386,11.196386,10.956387,10.776386,10.7863865,10.906386,11.016387,10.956387,10.616386,10.326386,10.2863865,10.326386,10.236386,9.956387,9.256387,8.0363865,7.3563867,7.216387,7.5463867,7.3363867,6.866387,7.2763867,7.5863867,7.5263867,6.966387,5.9563866,5.5063868,5.966387,6.5863867,6.9363866,7.2763867,7.326387,7.1663866,7.0263867,7.0063868,6.906387,7.216387,7.2763867,6.576387,6.056387,5.7663865,5.5163865,5.4963865
13.646387,13.486386,13.686387,13.796387,13.996387,13.836387,13.686387,13.976387,13.926387,13.256387,12.926387,12.896387,12.576386,12.076386,11.596387,11.226387,11.0363865,10.986386,11.026386,10.906386,10.886387,10.986386,11.2863865,11.226387,10.796387,10.506387,10.456387,10.426387,10.326386,10.046387,9.946386,9.646387,8.356387,7.366387,7.096387,7.216387,6.966387,6.966387,7.406387,7.406387,7.136387,6.8363867,6.326387,6.116387,6.156387,6.2863865,6.6063867,7.0263867,7.2863865,7.2763867,7.1463866,7.0263867,6.8363867,7.0463867,7.1863866,6.7963867,6.2563868,5.8963866,5.6263866,5.6263866
13.826386,13.796387,13.856387,13.936387,14.056387,14.196386,13.896387,13.816387,14.306387,14.246387,13.616386,13.156386,12.776386,12.306387,11.826386,11.346387,11.046387,10.906386,10.886387,10.946386,10.916387,10.946386,11.846387,12.2863865,11.256387,10.656386,10.556387,10.436387,10.316387,9.956387,9.856387,9.676387,8.646387,7.466387,6.886387,6.6663866,6.616387,7.0063868,7.486387,7.326387,6.7263865,6.5163865,6.6063867,6.8963866,6.986387,6.596387,6.5663867,6.906387,7.2563868,7.346387,7.2963867,7.1663866,6.966387,7.0663867,7.2963867,7.116387,6.5163865,6.0163865,5.7663865,5.7663865
14.076386,14.096387,14.086387,14.106387,14.136387,14.386387,14.576386,14.186387,14.076386,14.426387,14.456387,13.656386,12.7863865,12.406386,11.996387,11.436387,11.126387,10.966387,10.806387,10.826386,10.866386,10.726387,11.026386,12.066387,12.266387,11.476387,10.796387,10.506387,10.206387,9.826386,9.746387,9.576386,8.866386,7.6063867,6.6463866,6.236387,6.426387,6.886387,7.2463865,7.2763867,6.656387,6.136387,6.326387,7.0063868,7.4563866,7.0163865,6.7463865,6.9563866,7.156387,7.2763867,7.3163867,7.2563868,7.096387,7.0463867,7.2863865,7.2263865,6.7063866,6.156387,5.906387,5.9363866
14.126387,14.126387,14.2863865,14.356387,14.336387,14.496387,14.736386,14.836387,14.606387,14.666387,15.406386,14.426387,12.756387,12.556387,12.176387,11.506387,11.126387,10.946386,10.756387,10.756387,10.866386,10.586387,10.646387,11.696386,12.016387,11.886387,11.336387,10.606387,10.016387,9.686387,9.586387,9.266387,8.746387,7.8363867,6.716387,6.0863867,6.2263865,6.486387,6.7463865,6.9963865,6.616387,6.176387,6.2463865,6.7263865,7.2963867,7.346387,6.9163866,6.596387,6.5863867,6.9163866,7.236387,7.2763867,7.1263866,6.9763865,7.1263866,7.096387,6.7563868,6.3563867,6.1463866,6.1663866
14.306387,14.306387,14.396387,14.396387,14.366386,14.456387,14.766387,15.226387,15.406386,15.046387,14.896387,13.886387,12.606387,12.706387,12.146387,11.246387,10.736386,10.506387,10.456387,10.556387,10.706387,10.576386,10.466387,10.826386,11.226387,11.406386,11.236386,10.616386,10.016387,9.5363865,9.306387,9.046387,8.696386,7.966387,6.696387,6.1063867,6.116387,6.1663866,6.2463865,6.4363866,6.466387,6.426387,6.6663866,7.1463866,7.4163866,7.156387,6.616387,6.426387,6.2663865,6.6663866,7.096387,7.0363865,6.9363866,6.866387,7.0363865,7.0663867,6.826387,6.6463866,6.5363865,6.4963865
14.526386,14.456387,14.326386,14.176387,14.266387,14.506387,14.756387,15.126387,15.416387,15.146387,14.546387,13.646387,12.806387,12.586387,12.056387,11.226387,10.566387,10.2863865,10.296387,10.396387,10.446386,10.2863865,10.086387,10.126387,10.696386,11.666387,11.476387,10.696386,10.046387,9.446386,9.226387,9.176387,8.896387,8.206387,6.966387,6.116387,5.8963866,5.926387,5.886387,6.0063868,6.236387,6.596387,7.0063868,7.326387,7.1463866,6.6663866,6.5263867,6.736387,6.7563868,6.656387,6.846387,6.7563868,6.7863865,6.7963867,6.9363866,7.0263867,6.846387,6.616387,6.6263866,6.6663866
14.576386,14.586387,14.516387,14.376387,14.246387,14.396387,14.816387,15.166387,15.576386,15.716387,15.126387,14.236386,13.196386,12.496387,11.846387,11.186387,10.5363865,10.216387,10.166387,10.0363865,9.886387,9.826386,9.726387,9.736386,9.986386,10.526386,11.426387,11.826386,10.946386,9.7863865,9.376387,9.316387,8.916387,8.236386,7.2563868,6.136387,5.636387,5.6663866,5.7263865,5.8563867,6.156387,6.7963867,7.2063866,7.1863866,6.7263865,6.5263867,6.5463867,6.926387,7.3963866,6.9563866,6.656387,6.5463867,6.6463866,6.7263865,6.736387,6.7563868,6.7263865,6.5163865,6.2563868,6.346387
14.596387,14.516387,14.646387,14.576386,14.476387,14.486386,14.846387,15.296387,15.696386,15.976387,15.556387,14.836387,13.796387,12.396387,11.5363865,11.106387,10.666387,10.126387,9.666387,9.416387,9.466387,9.696386,9.576386,9.346387,9.446386,9.566387,10.176387,10.996387,10.486386,9.596387,9.236386,9.196386,8.876387,8.376387,7.326387,6.096387,5.5463867,5.5363865,5.616387,5.7563868,6.3563867,6.9963865,7.0363865,6.846387,6.946387,6.866387,6.656387,6.8363867,7.0163865,6.5663867,6.4363866,6.6263866,6.7663865,6.6463866,6.426387,6.4363866,6.5363865,6.466387,6.2063866,6.0863867
14.936387,14.796387,14.836387,14.846387,14.546387,14.396387,14.656386,15.166387,15.626387,15.846387,15.636387,15.086387,13.666387,11.976387,11.026386,10.646387,10.426387,10.056387,9.476387,9.136387,9.166387,9.336387,9.436387,9.346387,9.176387,9.216387,9.816387,11.176387,11.086387,9.906386,9.336387,9.166387,8.856387,8.296387,7.4563866,6.2463865,5.6063867,5.406387,5.386387,5.676387,6.346387,6.7263865,6.906387,7.1263866,6.7863865,6.5063868,7.0663867,7.156387,6.6263866,6.1663866,6.2263865,6.6463866,6.986387,6.5363865,6.096387,6.1663866,6.3363867,6.3963866,6.2663865,6.056387
15.096387,15.126387,15.086387,14.986386,14.686387,14.506387,14.496387,14.7863865,15.466387,16.216387,16.166388,15.046387,13.296387,11.826386,10.926387,10.616386,10.446386,10.006387,9.426387,8.976387,8.946386,9.006387,9.096387,9.086387,8.856387,8.936387,9.886387,11.196386,10.966387,9.876387,9.126387,9.006387,8.756387,8.326386,7.5063868,6.3563867,5.7263865,5.1863866,4.966387,5.2763867,5.5263867,5.5863867,6.2763867,7.0363865,7.0263867,7.156387,7.696387,7.5663867,6.8363867,6.426387,6.2263865,6.2963867,6.6063867,6.236387,5.946387,6.0163865,6.1463866,6.216387,6.1663866,6.156387
15.046387,15.176387,15.246387,14.966387,14.756387,14.696386,14.406386,14.186387,14.976387,16.306387,15.966387,13.826386,12.106387,11.026386,10.396387,10.266387,10.176387,9.886387,9.426387,9.076386,8.876387,8.916387,8.996387,9.006387,8.856387,8.926387,9.556387,10.416387,10.376387,9.566387,8.986386,8.936387,8.736386,8.276386,7.4163866,6.3363867,5.466387,4.716387,4.2763867,4.116387,4.0663867,4.446387,5.7563868,7.2963867,8.066387,8.146387,7.8363867,7.406387,6.946387,6.6463866,6.1863866,5.906387,6.136387,6.0163865,5.7563868,5.806387,6.0663867,6.116387,5.986387,6.0863867
15.006387,15.136387,15.246387,14.886387,14.666387,14.506387,14.086387,13.636387,14.216387,15.736386,14.836387,12.436387,11.436387,10.7863865,10.196386,10.066387,9.896387,9.706387,9.446386,9.096387,8.756387,8.586387,8.666387,8.726387,8.756387,8.826386,9.2863865,9.896387,10.056387,9.506387,8.826386,8.606387,8.516387,8.206387,7.236387,5.846387,4.8363867,3.7463868,3.1563866,3.3963866,3.8663867,4.5363865,5.946387,7.7763867,8.736386,8.616386,7.736387,6.7463865,6.5663867,6.2663865,5.656387,5.486387,5.716387,5.6263866,5.2963867,5.5063868,5.9563866,6.096387,5.8763866,5.926387
14.796387,14.896387,15.056387,14.816387,14.686387,14.606387,13.696386,13.176387,13.696386,15.236386,14.386387,11.736386,11.076386,10.706387,10.126387,9.936387,9.796387,9.506387,9.216387,8.876387,8.586387,8.256387,8.156386,8.2863865,8.376387,8.586387,9.086387,9.706387,9.756387,9.216387,8.546387,8.326386,8.386387,8.066387,6.8763866,5.2463865,3.8463867,2.6863868,2.5263867,3.1163867,3.8663867,4.596387,6.3763866,8.646387,9.276386,8.586387,7.616387,6.6663866,6.1863866,5.806387,5.4563866,5.236387,5.1663866,5.3763866,5.3363867,5.446387,5.826387,5.9563866,5.6863866,5.596387
14.696386,14.766387,14.796387,14.756387,14.396387,14.226387,13.426387,12.946386,13.686387,15.256387,13.606387,10.716387,10.546387,10.606387,10.296387,9.826386,9.526386,9.2863865,8.846387,8.356387,8.126387,7.886387,7.9163866,8.086387,8.186387,8.446386,8.806387,9.876387,10.206387,9.516387,8.866386,8.456387,8.356387,8.0363865,6.4963865,4.406387,2.7263868,2.1863868,2.5463867,3.5663867,4.326387,5.056387,7.1263866,9.236386,9.106387,8.136387,7.5163865,6.736387,6.0363865,5.736387,5.5163865,5.076387,5.076387,5.5163865,5.5363865,5.466387,5.676387,5.7863865,5.576387,5.4163866
