UV_10m_small_gfs.t12z.pgrb2.0p25.f000.json
{"header": { "discipline":0, "disciplineName":"Meteorological products", "gribEdition":2, "gribLength":17311, "center":7, "centerName":"US National Weather Service - NCEP(WMC)", "subcenter":0, "refTime":"2023-03-21T12:00:00.000Z", "significanceOfRT":1, "significanceOfRTName":"Start of forecast", "productStatus":0, "productStatusName":"Operational products", "productType":1, "productTypeName":"Forecast products", "productDefinitionTemplate":0, "productDefinitionTemplateName":"Analysis/forecast at horizontal level/layer at a point in time", "parameterCategory":2, "parameterCategoryName":"Momentum", "parameterNumber":3, "parameterNumberName":"V-component_of_wind", "parameterUnit":"m.s-1", "genProcessType":2, "genProcessTypeName":"Forecast", "forecastTime":0, "surface1Type":103, "surface1TypeName":"Specified height level above ground", "surface1Value":10.0, "surface2Type":255, "surface2TypeName":"Missing", "surface2Value":0.0, "gridDefinitionTemplate":0, "gridDefinitionTemplateName":"Latitude_Longitude", "numberPoints":11421, "shape":6, "shapeName":"Earth spherical with radius of 6,371,229.0 m", "gridUnits":"degrees", "resolution":48, "winds":"true", "scanMode":64, "nx":141, "ny":81, "basicAngle":0, "lo1":210.0, "la1":30.0, "lo2":245.0, "la2":50.0, "dx":0.25, "dy":0.25 }, "data":
[rows 52 to 77 of 81, columns 0 to 56 of 141]
-2.319116,-2.3091161,-2.3591163,-2.4991162,-2.7291162,-2.8991163,-2.9191163,-2.5291162,-3.0991163,-2.8491163,-1.4991162,-0.6091162,-1.0791162,-1.9091163,-2.829116,-3.7491162,-4.5591164,-5.989116,-7.6791162,-8.049116,-8.449116,-8.989117,-9.599116,-10.209116,-10.639116,-11.029117,-11.509116,-11.929116,-12.239117,-12.459116,-12.919116,-12.9391165,-13.259116,-12.019116,-11.449116,-12.019116,-11.829116,-11.139116,-10.089116,-9.279117,-7.7691164,-6.939116,-7.3091164,-7.949116,-8.669116,-9.179116,-9.679116,-10.349116,-10.539116,-10.6491165,-10.869116,-11.009116,-11.459116,-11.779117,-12.129116,-12.489117,-12.749116
-1.9791162,-2.0091162,-2.0491161,-2.0991163,-2.0991163,-2.2191162,-2.4991162,-2.2591162,-2.4591162,-2.6691163,-1.7891163,-0.5191162,-0.48911622,-1.3491162,-2.4091163,-3.3891163,-4.1391163,-5.339116,-6.819116,-7.3091164,-7.8491163,-8.459116,-9.119116,-9.719116,-10.1491165,-10.539116,-11.009116,-11.519116,-11.789116,-12.059116,-12.729116,-12.659116,-12.589116,-11.029117,-11.169116,-11.159116,-10.949116,-9.209116,-8.599116,-7.969116,-7.669116,-7.8091164,-8.109117,-8.459116,-8.679116,-9.089116,-9.909116,-9.949116,-10.009116,-10.419116,-10.209116,-10.599116,-10.789116,-10.839116,-11.419116,-11.659116,-12.039116
-2.1491163,-2.1491163,-2.0391161,-1.9191163,-1.7891163,-1.6891162,-1.9291162,-2.1591163,-2.2191162,-2.6991162,-2.319116,-0.7691162,-0.36911622,-1.0491163,-1.8891162,-2.8591163,-3.6391163,-4.689116,-5.879116,-6.5991163,-7.239116,-7.8891163,-8.559116,-9.199116,-9.659116,-10.069117,-10.529117,-11.029117,-11.349116,-11.739117,-12.3991165,-12.609117,-12.119116,-10.139116,-10.519116,-10.159116,-10.569117,-8.419116,-6.9791164,-7.0791163,-7.9991164,-8.269116,-8.4391165,-8.389116,-8.789116,-9.659116,-9.859117,-9.469116,-9.769116,-9.749116,-9.919116,-10.1891165,-10.029117,-10.639116,-10.599116,-11.119116,-11.299116
-2.339116,-2.1691163,-2.0091162,-1.8691162,-1.7091162,-1.5191162,-1.5291162,-1.8991162,-2.0591161,-2.5991163,-2.8591163,-1.4491162,-0.4991162,-0.6491162,-1.4091163,-2.3791163,-3.1691163,-4.259116,-5.359116,-5.989116,-6.6591163,-7.2891164,-7.919116,-8.549116,-9.1491165,-9.709116,-10.249116,-10.719116,-11.039116,-11.539116,-12.219116,-12.429116,-11.489117,-9.719116,-9.869116,-9.479116,-10.129116,-8.259116,-5.649116,-6.0791163,-7.0591164,-8.139116,-8.969116,-8.799116,-9.029117,-9.329116,-9.129116,-9.299116,-9.639116,-9.309116,-9.639116,-9.6891165,-10.079116,-10.169116,-10.3991165,-10.559116,-10.699116
-2.339116,-2.319116,-2.1191163,-1.8691162,-1.5991162,-1.3391162,-1.0791162,-1.3291162,-1.6091162,-1.9291162,-2.5091162,-1.4291162,-0.16911621,0.080883786,-0.7191162,-1.7891163,-2.7591162,-3.9191163,-4.899116,-5.5591164,-6.2891164,-6.9791164,-7.6591163,-8.239117,-8.709116,-9.279117,-9.849116,-10.359117,-10.6491165,-11.089116,-11.659116,-11.6891165,-10.469116,-8.9391165,-9.1891165,-9.059116,-9.6891165,-7.4991164,-5.7891164,-6.509116,-7.949116,-8.699116,-8.859117,-8.829116,-8.949116,-8.809116,-8.949116,-9.249116,-9.089116,-9.139116,-9.339116,-9.309116,-9.719116,-9.779117,-9.859117,-9.839116,-9.9391165
-2.1191163,-2.1291163,-1.9991162,-1.7391162,-1.4691162,-1.2291162,-0.9591162,-1.0191162,-1.3891162,-1.5091162,-2.2391162,-1.4091163,0.2508838,0.7708838,-0.10911621,-1.2191162,-2.2291162,-3.4691162,-4.4091163,-5.1591163,-5.8891163,-6.529116,-7.199116,-7.799116,-8.249116,-8.739117,-9.299116,-9.789116,-10.109117,-10.549116,-11.089116,-10.779117,-8.949116,-7.8691163,-8.379116,-8.719116,-8.739117,-6.5991163,-6.199116,-6.8091164,-7.719116,-8.1491165,-8.269116,-8.519116,-8.579116,-8.759116,-8.879116,-8.869116,-9.009116,-9.229116,-9.109117,-9.339116,-9.529117,-9.489117,-9.589116,-9.589116,-9.629116
-1.9891162,-1.9691162,-1.9991162,-1.7791162,-1.4191163,-1.0791162,-0.6691162,-0.39911622,-0.9291162,-1.3391162,-2.1491163,-1.6991162,0.4608838,1.2608838,0.4908838,-0.5291162,-1.5791162,-2.7491162,-3.6691163,-4.419116,-5.109116,-5.7491164,-6.419116,-6.989116,-7.5591164,-8.169116,-8.799116,-9.339116,-9.729116,-10.199116,-10.679116,-10.169116,-8.169116,-7.0991163,-7.469116,-8.1491165,-8.059116,-6.3091164,-5.949116,-6.6191163,-7.379116,-7.839116,-7.939116,-8.389116,-8.459116,-8.499116,-8.579116,-8.669116,-8.949116,-9.069117,-9.139116,-9.229116,-9.219116,-9.309116,-9.389116,-9.339116,-9.349116
-2.089116,-2.0291162,-1.9891162,-1.8491162,-1.5091162,-1.0091162,-0.32911623,0.2808838,-0.19911622,-0.7691162,-1.8091162,-1.9091163,0.74088377,1.9208838,1.3708838,0.4908838,-0.62911624,-1.8691162,-2.8491163,-3.589116,-4.209116,-4.859116,-5.5791163,-6.2691164,-6.989116,-7.759116,-8.4391165,-8.969116,-9.389116,-9.9391165,-10.349116,-9.489117,-7.439116,-6.649116,-6.649116,-7.089116,-7.1791162,-5.949116,-5.8091164,-6.459116,-7.009116,-7.4091163,-7.609116,-8.029117,-7.9991164,-8.259116,-8.289116,-8.459116,-8.739117,-8.869116,-9.099116,-9.169116,-9.199116,-9.279117,-9.339116,-9.369116,-9.389116
-2.0591161,-2.079116,-1.9991162,-1.7991163,-1.4091163,-0.9291162,-0.29911622,0.4708838,0.4008838,8.8378903E-4,-1.0091162,-1.5291162,1.3508838,2.6108837,2.0408838,1.0608838,0.0108837895,-1.0691162,-2.0491161,-2.8591163,-3.5591161,-4.2691164,-5.029116,-5.739116,-6.4791164,-7.259116,-7.9791164,-8.509116,-8.9391165,-9.3991165,-9.9391165,-8.969116,-7.0191164,-6.5191164,-6.069116,-5.8291163,-6.1791162,-5.8091164,-5.3691163,-6.1791162,-6.7291164,-7.219116,-7.359116,-7.5591164,-7.649116,-7.819116,-7.949116,-8.249116,-8.459116,-8.6891165,-8.889116,-8.999116,-9.129116,-9.219116,-9.289116,-9.319117,-9.299116
-1.7091162,-1.8891162,-1.9491162,-1.8291162,-1.4591162,-1.0191162,-0.4191162,0.5108838,0.9208838,0.68088377,-0.1291162,-0.9091162,1.9008838,3.2608838,2.7408838,1.7708838,0.7608838,-0.2891162,-1.2991163,-2.1891162,-2.9991162,-3.7691162,-4.5391164,-5.259116,-5.919116,-6.649116,-7.4091163,-7.9791164,-8.419116,-8.889116,-9.3991165,-8.589116,-6.799116,-6.2891164,-5.529116,-4.899116,-5.149116,-5.279116,-5.0391164,-5.8491163,-6.649116,-7.0591164,-7.1791162,-7.259116,-7.219116,-7.3491163,-7.5991163,-7.879116,-8.129116,-8.339116,-8.519116,-8.729116,-8.869116,-8.989117,-9.109117,-9.1491165,-9.169116
-1.3391162,-1.4991162,-1.6791162,-1.7591162,-1.4791162,-0.9891162,-0.3791162,0.5008838,1.2608838,1.1608838,0.6508838,-0.3091162,2.1308837,3.7308838,3.2308838,2.2108839,1.2208838,0.22088379,-0.7091162,-1.6091162,-2.3991163,-3.1591163,-4.0191164,-4.8491163,-5.5591164,-6.219116,-6.949116,-7.469116,-7.9291162,-8.4391165,-9.019116,-8.589116,-6.569116,-5.709116,-5.049116,-4.6191163,-4.339116,-4.1191163,-4.7891164,-5.919116,-6.589116,-6.969116,-7.009116,-7.0191164,-6.879116,-7.0591164,-7.2291164,-7.449116,-7.699116,-7.949116,-8.209116,-8.459116,-8.729116,-8.8991165,-9.049116,-9.109117,-9.179116
-1.0591162,-1.1991162,-1.4891162,-1.5291162,-1.2391162,-0.7291162,-0.16911621,0.6008838,1.5808837,1.6108838,1.3708838,0.4408838,2.4908838,4.4008837,3.8308837,2.7408838,1.6908838,0.6308838,-0.29911622,-1.1191162,-1.8191162,-2.5191162,-3.3091161,-4.1191163,-4.939116,-5.719116,-6.439116,-7.0191164,-7.7291164,-8.329116,-8.6491165,-8.709116,-7.0191164,-5.509116,-4.3691163,-3.6191163,-3.2391162,-3.9691162,-5.219116,-6.1191163,-6.509116,-6.609116,-6.689116,-6.799116,-6.759116,-6.939116,-6.9991164,-7.219116,-7.419116,-7.7291164,-8.069117,-8.349116,-8.569117,-8.749116,-8.869116,-9.049116,-9.159116
-0.9291162,-1.0491163,-1.1791162,-1.1191162,-0.8891162,-0.42911622,0.17088379,0.87088376,1.9708838,2.2208838,2.0608838,1.0308838,2.6508837,5.060884,4.6308837,3.4708838,2.3508837,1.2808838,0.3308838,-0.5591162,-1.2991163,-1.8991162,-2.6091163,-3.4391162,-4.279116,-5.0791163,-5.8691163,-6.4791164,-7.1391163,-7.879116,-8.199116,-8.599116,-7.089116,-5.199116,-4.189116,-3.0491161,-3.2591162,-3.7891161,-4.669116,-5.399116,-5.799116,-6.109116,-6.379116,-6.669116,-6.8691163,-6.9991164,-7.029116,-7.219116,-7.449116,-7.709116,-7.949116,-8.1891165,-8.409116,-8.589116,-8.679116,-8.769116,-9.029117
-0.8391162,-1.0491163,-0.9991162,-0.7091162,-0.39911622,-0.04911621,0.5108838,1.0608838,2.2208838,2.6908839,2.6308837,1.5008838,3.0008838,5.530884,5.0708838,4.0208836,2.9908838,1.9808838,1.0108838,0.080883786,-0.7191162,-1.3891162,-2.1091163,-2.8791163,-3.6791162,-4.5391164,-5.399116,-5.969116,-6.549116,-7.3691163,-7.6391163,-8.039116,-7.4991164,-5.0991163,-3.829116,-2.589116,-2.8491163,-3.0091162,-3.4791162,-4.399116,-5.109116,-5.589116,-6.089116,-6.549116,-6.9091163,-7.1191163,-7.199116,-7.259116,-7.419116,-7.6391163,-7.8891163,-8.099116,-8.289116,-8.409116,-8.479116,-8.569117,-8.659116
-0.93911624,-1.1991162,-1.1291162,-0.7491162,-0.2891162,0.09088379,0.7008838,1.2808838,2.410884,3.0908837,3.2108839,2.0808837,3.6208837,6.0708838,5.6108837,4.5208836,3.5008838,2.5308838,1.6308838,0.7908838,-0.019116212,-0.7391162,-1.4891162,-2.2791162,-3.1091163,-3.9791162,-4.9291162,-5.629116,-6.189116,-6.8091164,-7.4091163,-7.359116,-7.469116,-4.3091164,-2.6991162,-1.8891162,-2.6591163,-3.0191162,-3.6591163,-4.2291164,-4.649116,-5.129116,-5.719116,-6.2691164,-6.7691164,-7.1391163,-7.299116,-7.3491163,-7.4091163,-7.589116,-7.839116,-8.079116,-8.219116,-8.349116,-8.419116,-8.459116,-8.539116
-0.87911624,-1.2491162,-1.2191162,-0.8391162,-0.4491162,-0.13911621,0.5208838,1.3308837,2.5508838,3.5208838,3.7908838,2.9008837,4.470884,6.540884,6.080884,5.040884,4.050884,3.1008837,2.1908839,1.4008838,0.6908838,0.05088379,-0.7291162,-1.5791162,-2.4191163,-3.2291162,-4.199116,-5.0591164,-5.779116,-6.2891164,-7.049116,-6.879116,-6.959116,-3.2891161,-1.8591162,-2.1891162,-2.0291162,-2.7791162,-3.6191163,-3.9691162,-4.3691163,-4.819116,-5.319116,-5.859116,-6.419116,-6.8891163,-7.189116,-7.3491163,-7.459116,-7.5991163,-7.839116,-8.079116,-8.249116,-8.3991165,-8.449116,-8.4391165,-8.3991165
-0.42911622,-0.8891162,-0.7891162,-0.5491162,-0.2391162,-0.019116212,0.4708838,1.3208838,2.5808837,3.8408837,4.290884,3.5708838,5.280884,6.990884,6.540884,5.6108837,4.6908836,3.7708838,2.8708837,2.0108838,1.1808838,0.48088378,-0.2091162,-0.9291162,-1.6591163,-2.4391162,-3.4291162,-4.359116,-5.0791163,-5.5391164,-6.3491163,-6.029116,-6.419116,-4.029116,-2.7391162,-2.0491161,-1.4191163,-2.2891161,-2.8491163,-3.569116,-4.149116,-4.5991163,-5.089116,-5.589116,-6.0991163,-6.569116,-6.949116,-7.239116,-7.4291162,-7.589116,-7.819116,-8.029117,-8.219116,-8.349116,-8.469116,-8.529117,-8.549116
0.030883789,-0.24911621,-0.14911622,-0.13911621,-0.10911621,-0.05911621,0.4408838,1.3708838,2.6908839,4.1908836,4.700884,4.120884,5.780884,7.2708836,6.9808836,6.1708837,5.350884,4.530884,3.7208838,2.8508837,1.9608837,1.2708838,0.6508838,-0.10911621,-0.9091162,-1.6491162,-2.569116,-3.5591161,-4.379116,-4.9291162,-5.5191164,-5.529116,-5.8291163,-5.209116,-3.3691163,-1.7191162,-1.6391162,-1.7691162,-2.7491162,-3.4491162,-3.8891163,-4.319116,-4.8691163,-5.439116,-5.9291162,-6.359116,-6.7691164,-7.129116,-7.419116,-7.6191163,-7.8491163,-8.029117,-8.169116,-8.279117,-8.3991165,-8.469116,-8.549116
0.13088378,0.16088378,0.14088379,-0.13911621,-0.3491162,-0.24911621,0.3408838,1.3308837,2.680884,4.4008837,4.890884,4.7708836,6.430884,7.3608837,7.120884,6.580884,5.910884,5.220884,4.550884,3.8408837,3.0308838,2.2708838,1.5808837,0.8308838,0.0108837895,-0.7991162,-1.6791162,-2.6991162,-3.6591163,-4.339116,-4.7691164,-4.949116,-4.859116,-4.7891164,-4.149116,-3.4591162,-2.2291162,-2.2491162,-2.7791162,-3.3091161,-3.7291162,-4.129116,-4.6591163,-5.239116,-5.8091164,-6.2891164,-6.699116,-7.0591164,-7.3691163,-7.6391163,-7.879116,-8.069117,-8.209116,-8.269116,-8.349116,-8.489117,-8.559116
0.2708838,0.4008838,0.3608838,-0.06911621,-0.4391162,-0.2391162,0.3108838,1.2708838,2.8008838,4.8608837,5.350884,5.640884,7.330884,7.990884,7.640884,7.120884,6.470884,5.830884,5.140884,4.430884,3.5908837,2.8308837,2.2408838,1.6508838,0.93088377,0.07088379,-0.7691162,-1.7291162,-2.7691162,-3.6491163,-4.199116,-4.5591164,-4.259116,-3.8791163,-3.4991162,-3.1591163,-2.4791162,-2.1191163,-2.5491161,-3.0591161,-3.5391161,-3.9491162,-4.4091163,-4.989116,-5.589116,-6.1191163,-6.5591164,-6.9291162,-7.239116,-7.509116,-7.779116,-8.029117,-8.1891165,-8.299116,-8.419116,-8.529117,-8.659116
0.42088377,0.4908838,0.55088377,0.2108838,-0.16911621,-0.09911621,0.29088378,1.2308838,2.7408838,5.1308837,5.870884,6.280884,7.8208838,8.500884,8.280884,7.8808837,7.2508836,6.600884,5.9008837,5.2508836,4.550884,3.8308837,3.1508837,2.5108838,1.7708838,0.9208838,0.13088378,-0.8091162,-1.8091162,-2.6491163,-3.2191162,-3.7791162,-3.839116,-3.6991162,-3.1791162,-2.4391162,-2.089116,-1.9091163,-2.1791162,-2.569116,-3.1091163,-3.6491163,-4.129116,-4.669116,-5.259116,-5.839116,-6.3291163,-6.719116,-7.0391164,-7.3291163,-7.6191163,-7.9091163,-8.139116,-8.299116,-8.469116,-8.599116,-8.709116
0.6908838,0.4408838,0.5408838,0.3908838,0.0108837895,-0.04911621,0.29088378,1.0908837,2.3608837,4.950884,6.1708837,6.680884,8.020884,8.870884,8.8108835,8.500884,7.8408837,7.200884,6.550884,5.9208837,5.2308836,4.530884,3.910884,3.3508837,2.660884,1.8308837,1.0108838,0.09088379,-0.9291162,-1.9291162,-2.5091162,-3.1291163,-3.4291162,-3.4291162,-3.4791162,-2.9091163,-2.2391162,-1.7391162,-1.8491162,-2.1191163,-2.569116,-3.1691163,-3.7191162,-4.2491164,-4.839116,-5.439116,-5.9791164,-6.4091163,-6.779116,-7.0991163,-7.3691163,-7.669116,-7.9791164,-8.269116,-8.489117,-8.6491165,-8.769116
0.6308838,-0.029116211,0.2108838,0.3908838,0.24088378,0.14088379,0.3408838,0.99088377,2.0308838,4.5008836,6.1708837,6.800884,8.110884,9.030884,9.010883,8.780884,8.280884,7.7708836,7.1708837,6.550884,5.8608837,5.180884,4.600884,4.100884,3.4908838,2.680884,1.7908838,1.0008838,0.0108837895,-1.0091162,-1.8091162,-2.1591163,-2.579116,-2.819116,-2.9091163,-3.089116,-2.7591162,-1.5391163,-1.4091163,-1.8191162,-2.1991162,-2.6791162,-3.2191162,-3.7591162,-4.3491163,-4.969116,-5.5791163,-6.1391163,-6.589116,-6.9291162,-7.169116,-7.4091163,-7.709116,-8.059116,-8.349116,-8.569117,-8.729116
-0.48911622,-0.2391162,0.5008838,0.6008838,-0.1791162,-0.36911622,0.2508838,0.9808838,1.8108838,4.0708838,6.1508837,6.930884,8.220883,9.140883,9.110884,8.840884,8.530884,8.150884,7.680884,7.0908837,6.3808837,5.660884,5.100884,4.680884,4.1708837,3.4708838,2.5908837,1.7908838,0.87088376,-0.04911621,-1.0991162,-1.5591162,-1.7991163,-2.2291162,-2.329116,-2.2891161,-2.9691162,-1.9091163,-1.0891162,-1.5191162,-1.9491162,-2.3691163,-2.8491163,-3.3591163,-3.9191163,-4.529116,-5.1591163,-5.779116,-6.339116,-6.7491164,-7.029116,-7.2291164,-7.489116,-7.7491164,-8.079116,-8.389116,-8.659116
-0.3091162,0.32088378,0.93088377,0.4408838,-0.1791162,-0.019116212,0.2808838,0.9708838,1.6208838,3.4808838,6.030884,7.030884,8.230884,9.250884,9.270884,8.870884,8.630884,8.3508835,7.9208837,7.450884,6.8608837,6.1308837,5.490884,5.0908837,4.7308836,4.1508837,3.3708837,2.5208838,1.6808838,0.7108838,-0.2091162,-1.1791162,-1.3991162,-1.3791162,-2.0291162,-1.9391162,-1.9891162,-2.569116,-1.5691162,-1.4591162,-1.7591162,-2.1391163,-2.589116,-3.089116,-3.6091163,-4.149116,-4.7291164,-5.3291163,-5.939116,-6.439116,-6.799116,-7.049116,-7.2291164,-7.4791164,-7.779116,-8.139116,-8.509116
0.9608838,1.5008838,1.6208838,1.2108837,1.2608838,0.9608838,0.5908838,1.0208838,1.5508838,2.9708838,5.760884,6.890884,8.070884,9.240884,9.540884,9.260883,8.860884,8.550884,8.170884,7.7708836,7.310884,6.600884,5.930884,5.450884,5.1908836,4.7708836,4.1108837,3.2508838,2.4508839,1.4508837,0.5708838,-0.4691162,-1.0991162,-1.0891162,-1.3891162,-2.079116,-1.8591162,-2.069116,-2.2791162,-1.9091163,-1.7791162,-1.9591162,-2.3491163,-2.819116,-3.2991161,-3.829116,-4.3891163,-4.969116,-5.5791163,-6.149116,-6.5991163,-6.899116,-7.1191163,-7.3091164,-7.589116,-7.9291162,-8.299116
