UV_10m_small_gfs.t12z.pgrb2.0p25.f000.json
{"header": { "discipline":0, "disciplineName":"Meteorological products", "gribEdition":2, "gribLength":17311, "center":7, "centerName":"US National Weather Service - NCEP(WMC)", "subcenter":0, "refTime":"2023-03-21T12:00:00.000Z", "significanceOfRT":1, "significanceOfRTName":"Start of forecast", "productStatus":0, "productStatusName":"Operational products", "productType":1, "productTypeName":"Forecast products", "productDefinitionTemplate":0, "productDefinitionTemplateName":"Analysis/forecast at horizontal level/layer at a point in time", "parameterCategory":2, "parameterCategoryName":"Momentum", "parameterNumber":3, "parameterNumberName":"V-component_of_wind", "parameterUnit":"m.s-1", "genProcessType":2, "genProcessTypeName":"Forecast", "forecastTime":0, "surface1Type":103, "surface1TypeName":"Specified height level above ground", "surface1Value":10.0, "surface2Type":255, "surface2TypeName":"Missing", "surface2Value":0.0, "gridDefinitionTemplate":0, "gridDefinitionTemplateName":"Latitude_Longitude", "numberPoints":11421, "shape":6, "shapeName":"Earth spherical with radius of 6,371,229.0 m", "gridUnits":"degrees", "resolution":48, "winds":"true", "scanMode":64, "nx":141, "ny":81, "basicAngle":0, "lo1":210.0, "la1":30.0, "lo2":245.0, "la2":50.0, "dx":0.25, "dy":0.25 }, "data":
[rows 0 to 25 of 81, columns 57 to 113 of 141]
-12.419116,-12.429116,-12.389116,-12.269116,-12.119116,-11.929116,-11.679116,-11.359117,-11.009116,-10.929116,-10.849116,-11.019116,-10.629116,-10.779117,-10.609117,-9.929116,-10.379116,-10.079116,-9.629116,-9.539116,-8.249116,-7.1391163,-6.629116,-5.799116,-5.449116,-4.9091163,-4.109116,-3.6491163,-3.1091163,-2.6191163,-2.589116,-2.3891163,-2.3791163,-2.3991163,-1.9291162,-1.2691162,-0.8291162,-0.7391162,-0.7191162,-0.8891162,-1.0391163,-1.1991162,-1.1891162,-0.8691162,-0.81911623,-1.5091162,-1.8491162,-1.3691162,-0.9691162,-1.1991162,-1.4991162,-1.6091162,-1.7691162,-1.8591162,-0.5291162,-0.6591162,4.3608837
-12.6891165,-12.599116,-12.379116,-11.999116,-11.829116,-11.779117,-11.469116,-11.359117,-11.319117,-11.249116,-11.139116,-11.119116,-11.079116,-10.779117,-10.749116,-10.079116,-9.879116,-9.819117,-9.139116,-9.639116,-9.6491165,-8.859117,-7.4991164,-6.449116,-5.8491163,-5.529116,-4.5191164,-3.589116,-3.1091163,-2.6491163,-2.2091162,-2.0291162,-1.8491162,-1.7891163,-1.7491162,-1.4591162,-1.0391163,-0.7091162,-0.3591162,-0.15911621,-0.21911621,-0.6491162,-0.9691162,-0.6591162,-0.3791162,-0.8591162,-1.3991162,-1.6391162,-1.2391162,-1.4991162,-1.8391162,-1.7291162,-1.6791162,-1.6191162,-1.5991162,0.12088379,-0.15911621
-12.619116,-12.499116,-12.259116,-12.1891165,-11.869116,-11.539116,-10.979116,-10.719116,-10.6491165,-10.309116,-9.999116,-10.159116,-10.819117,-11.259116,-10.909116,-10.569117,-9.709116,-9.769116,-8.829116,-8.709116,-9.109117,-9.6891165,-8.809116,-7.319116,-6.2891164,-5.169116,-4.8091164,-4.149116,-3.1391163,-2.5491161,-2.0091162,-1.5191162,-1.2991163,-1.1491162,-1.0091162,-0.7691162,-0.5991162,-0.48911622,-0.4091162,-0.2891162,-0.3591162,-0.3491162,-0.56911623,-0.93911624,-0.6191162,-0.48911622,-0.8691162,-1.1991162,-1.4291162,-0.9791162,-1.5691162,-1.7991163,-1.4691162,-1.3991162,-1.2491162,-0.8291162,0.10088379
-11.949116,-11.989117,-11.869116,-11.569117,-11.229116,-10.769116,-10.459116,-9.789116,-9.579116,-9.749116,-9.219116,-8.219116,-7.529116,-8.469116,-9.469116,-9.809116,-9.6491165,-9.669116,-9.009116,-8.759116,-8.319117,-8.719116,-8.039116,-8.289116,-7.779116,-5.469116,-3.3891163,-3.1591163,-2.7191162,-2.1391163,-1.7491162,-1.2091162,-0.7291162,-0.5591162,-0.6091162,-0.3591162,-0.009116211,0.17088379,0.04088379,-0.03911621,-0.3491162,-0.3591162,-0.24911621,-0.6091162,-0.9991162,-0.4691162,-0.13911621,-0.48911622,-0.93911624,-0.4691162,-0.13911621,-0.6391162,-0.6491162,-0.48911622,-0.7091162,-0.68911624,0.17088379
-12.419116,-12.009116,-11.609117,-11.249116,-10.919116,-10.539116,-10.239117,-9.669116,-8.779117,-9.059116,-9.919116,-9.619116,-7.989116,-7.489116,-7.7291164,-7.8091164,-8.4391165,-8.969116,-9.339116,-9.799116,-8.039116,-9.039116,-7.569116,-7.419116,-7.4291162,-5.5191164,-3.829116,-2.9691162,-2.3491163,-1.7191162,-1.4691162,-0.9891162,-0.4491162,-0.3491162,-0.3091162,0.04088379,0.48088378,0.8508838,0.9508838,0.7708838,0.0108837895,-0.07911621,-0.21911621,-0.81911623,-0.7991162,-0.5291162,-0.6491162,-0.93911624,-0.6091162,0.45088378,0.55088377,-0.04911621,-0.05911621,0.4408838,0.6508838,0.5008838,-0.029116211
-13.059116,-12.109117,-11.509116,-11.169116,-10.559116,-9.579116,-9.589116,-10.389116,-11.199116,-11.019116,-10.519116,-10.819117,-10.6891165,-10.839116,-11.309116,-10.569117,-8.099116,-7.949116,-7.779116,-8.179116,-9.359117,-8.049116,-9.779117,-8.749116,-9.179116,-5.419116,-3.6691163,-4.3691163,-3.3891163,-1.6591163,-1.4991162,-1.4391162,-0.18911621,0.04088379,-0.009116211,0.11088379,0.4308838,0.6908838,0.7208838,0.6108838,0.23088379,-0.06911621,-0.4091162,-0.8291162,-0.4991162,-0.18911621,-0.6091162,-0.4491162,0.13088378,0.4308838,0.3008838,0.030883789,0.06088379,0.8208838,1.5308838,1.7708838,1.8508838
-12.9391165,-12.429116,-11.949116,-11.679116,-11.569117,-11.459116,-12.059116,-12.479116,-12.249116,-12.089116,-12.169116,-11.559116,-11.109117,-9.239117,-8.869116,-10.309116,-10.229116,-8.859117,-7.339116,-8.259116,-8.469116,-7.8691163,-7.949116,-8.759116,-9.259116,-6.5591164,-3.7891161,-6.4791164,-5.549116,-1.8391162,-0.2591162,-2.4091163,-1.6791162,-0.08911621,0.02088379,8.8378903E-4,0.02088379,0.23088379,0.3008838,0.3008838,0.09088379,0.02088379,-0.019116212,-0.22911622,-0.04911621,0.23088379,-0.03911621,-0.32911623,-0.2391162,0.2708838,0.6108838,0.4908838,-0.019116212,0.6508838,2.0708838,2.7208838,3.3608837
-12.499116,-12.239117,-12.319117,-12.319117,-12.449116,-12.459116,-12.069117,-11.659116,-11.529117,-10.969116,-10.419116,-9.999116,-9.819117,-10.409116,-9.849116,-8.559116,-8.9391165,-9.619116,-8.489117,-8.039116,-8.059116,-8.489117,-6.669116,-7.379116,-8.139116,-8.609117,-5.7691164,-4.699116,-7.7891164,-2.6891162,0.1508838,0.4708838,-1.7991163,-1.7991163,-0.8591162,-0.36911622,-0.3191162,0.06088379,0.14088379,0.6608838,0.2808838,0.68088377,0.3908838,-0.10911621,0.3308838,0.42088377,-0.019116212,-0.1791162,-0.3891162,-0.08911621,0.4408838,1.3108838,0.8208838,0.7908838,2.1208837,2.9808838,3.9808838
-12.989117,-13.089116,-13.139116,-13.099116,-13.269116,-12.839116,-11.629116,-10.869116,-11.539116,-11.059116,-10.999116,-11.419116,-11.269116,-10.579116,-9.849116,-9.329116,-9.089116,-8.419116,-8.819117,-8.659116,-8.109117,-8.569117,-7.7691164,-7.959116,-9.469116,-7.009116,-8.159116,-4.819116,-3.7091162,-6.939116,-2.3591163,0.9808838,2.3408837,1.0408838,-0.4191162,-0.56911623,-0.4691162,0.05088379,0.0108837895,0.5108838,0.080883786,1.4008838,0.20088379,0.4708838,0.7508838,-0.1291162,8.8378903E-4,0.8508838,0.4908838,-0.16911621,-0.5491162,0.5208838,1.3208838,1.3808838,1.9308838,2.910884,4.030884
-14.889116,-14.619116,-14.459116,-13.539116,-12.869116,-12.919116,-12.999116,-12.509116,-12.559116,-12.019116,-12.069117,-11.869116,-10.799116,-9.629116,-8.359117,-8.3991165,-9.079116,-9.839116,-9.469116,-8.699116,-8.869116,-9.159116,-6.629116,-6.8291163,-9.179116,-6.009116,-6.419116,-7.7691164,-4.4991164,-4.109116,-9.269116,-6.3891163,-0.2591162,1.7208838,1.4808838,0.3708838,0.16088378,0.13088378,0.32088378,0.3108838,0.4908838,0.93088377,0.23088379,1.2008837,0.62088376,-0.8991162,-0.14911622,1.7308838,1.3008838,-0.3091162,-0.019116212,1.0108838,2.0608838,1.9908838,1.9708838,2.6908839,4.1308837
-14.9391165,-14.069117,-13.639116,-13.419116,-13.159116,-12.759116,-12.659116,-12.4391165,-12.429116,-12.369116,-12.589116,-11.849116,-10.3991165,-8.959116,-8.859117,-9.009116,-9.489117,-11.109117,-9.499116,-8.4391165,-8.329116,-8.839116,-7.3291163,-7.109116,-9.529117,-5.959116,-2.6191163,-3.7291162,-3.6791162,-3.839116,-4.049116,-6.8691163,-7.299116,1.1308838,1.2108837,0.87088376,0.7308838,0.41088378,0.35088378,0.3008838,0.4308838,0.4408838,0.6508838,0.80088377,1.2308838,-0.32911623,-1.0391163,2.5708838,2.680884,-0.21911621,-0.15911621,0.99088377,3.2708838,3.1008837,3.170884,2.2408838,3.9808838
-16.289116,-15.299116,-13.959116,-13.569117,-12.329116,-11.779117,-11.999116,-12.159116,-12.019116,-12.4391165,-12.819117,-12.129116,-10.769116,-10.509116,-9.539116,-9.789116,-9.499116,-8.529117,-8.479116,-8.829116,-7.8491163,-7.459116,-6.839116,-7.509116,-7.739116,-8.709116,-3.2691162,-2.2491162,-3.7691162,-2.2691162,-2.7291162,0.5808838,-1.4891162,-2.8891163,0.9808838,0.4908838,0.32088378,0.32088378,0.26088378,0.1808838,0.38088378,0.1508838,0.8408838,0.5008838,0.8508838,-0.1791162,-1.8191162,1.4708838,2.5808837,-0.6191162,-0.9291162,1.3808838,3.670884,4.300884,4.930884,1.2108837,4.330884
-16.099115,-15.869116,-15.109117,-13.209116,-12.209116,-11.549116,-11.409116,-11.529117,-12.009116,-12.389116,-12.359117,-12.109117,-11.4391165,-10.779117,-9.819117,-9.299116,-8.9391165,-7.7891164,-9.019116,-9.079116,-7.739116,-8.369116,-6.669116,-6.7291164,-11.4391165,-5.6791162,-7.3491163,-4.339116,-4.509116,-4.2691164,-4.7891164,-5.5591164,-2.6991162,-5.0191164,-0.04911621,0.6408838,-0.06911621,0.16088378,8.8378903E-4,-0.07911621,0.09088379,0.22088379,0.5908838,1.5308838,0.4708838,-0.3791162,-1.4791162,1.1308838,2.8108838,-1.2291162,-2.7491162,1.7508838,4.780884,6.160884,5.6908836,1.9608837,8.770884
-14.799116,-15.269116,-14.799116,-13.379116,-12.669116,-12.229116,-11.789116,-12.069117,-12.579116,-12.539116,-11.769116,-11.379116,-11.029117,-9.789116,-9.289116,-8.849116,-9.069117,-9.479116,-10.339116,-9.869116,-9.099116,-9.679116,-8.9391165,-7.199116,-8.709116,-6.669116,-4.259116,-6.0991163,-5.9091163,-3.5391161,-3.7991161,-6.8891163,-8.579116,-4.6391163,0.5208838,0.3608838,-0.4391162,-0.2591162,-0.69911623,-0.5391162,-0.13911621,-0.29911622,0.32088378,1.4908838,0.26088378,-0.15911621,-0.6191162,0.17088379,1.5108838,-1.9291162,-3.1591163,2.5008838,5.9408836,6.850884,5.8408837,4.9008837,12.150884
-15.039116,-15.339116,-15.009116,-14.769116,-14.279117,-13.609117,-12.569117,-11.889116,-11.659116,-12.049116,-11.809116,-11.1891165,-10.669116,-10.1491165,-9.859117,-9.449116,-9.869116,-10.169116,-9.449116,-8.219116,-9.179116,-8.079116,-8.749116,-6.9791164,-3.7491162,-5.3091164,-5.6591163,-6.439116,-5.1791162,-4.719116,-2.2491162,-3.8591163,-4.439116,-4.589116,-2.079116,-0.6391162,-0.7091162,-0.8691162,-1.2191162,-1.0791162,-1.1891162,-0.7291162,0.5708838,0.5408838,-0.18911621,0.6408838,-0.11911621,-1.2991163,-0.19911622,-2.3691163,-2.5491161,3.5608838,7.680884,7.240884,6.1908836,5.5908837,11.770884
-16.239117,-16.289116,-15.869116,-15.509116,-15.419116,-14.029117,-12.519116,-11.759116,-11.209116,-11.179116,-11.229116,-10.889116,-10.999116,-10.909116,-10.979116,-10.119116,-9.419116,-9.559116,-9.359117,-7.839116,-9.1491165,-9.1891165,-5.299116,-4.989116,-7.9991164,-7.8891163,-5.0591164,-5.609116,-5.439116,-2.4691162,-2.0291162,-0.7691162,0.09088379,-0.7491162,-2.1091163,-2.0191162,-1.7391162,-1.9191163,-2.1291163,-1.5391163,-1.5391163,-0.8691162,0.12088379,-0.5491162,0.10088379,0.5108838,-0.7391162,-1.5491163,-0.62911624,-2.3491163,-1.4591162,5.410884,8.960884,10.340884,8.070884,5.6108837,9.3108835
-15.659116,-15.099116,-15.069117,-15.269116,-15.279117,-14.549116,-13.579116,-12.729116,-12.169116,-10.799116,-10.339116,-10.679116,-10.559116,-10.259116,-9.6891165,-8.589116,-7.9791164,-8.179116,-8.819117,-8.169116,-9.109117,-9.219116,-9.1891165,-10.069117,-9.279117,-6.339116,-5.589116,-3.7791162,-5.529116,-5.719116,-2.2091162,-2.2591162,-2.7791162,-2.4891162,-2.3891163,-2.7191162,-2.6891162,-2.8991163,-3.1391163,-1.8391162,-1.8691162,-0.9591162,-0.16911621,-1.1891162,-0.009116211,0.030883789,-1.1491162,-1.2691162,-1.1391162,-2.9391162,1.3708838,7.9808836,10.460884,12.800884,12.480884,12.090884,10.500884
-14.209116,-14.819117,-15.759116,-16.569117,-16.679115,-15.979116,-14.989117,-13.509116,-12.6491165,-10.8991165,-10.459116,-10.1891165,-9.609117,-9.479116,-8.979116,-8.519116,-8.719116,-8.389116,-8.879116,-8.489117,-9.639116,-9.979116,-9.849116,-11.4391165,-10.269116,-3.6491163,-3.4091163,-3.5491161,-4.759116,-5.0991163,-3.4491162,-2.3891163,-2.6291163,-2.9391162,-3.0391161,-3.2391162,-3.1691163,-3.0591161,-3.2791162,-2.6391163,-2.4891162,-0.9991162,-0.14911622,-1.1991162,-0.42911622,-0.3091162,-1.0891162,-0.8691162,-0.8491162,-1.6691163,5.3808837,8.780884,13.050884,14.490884,15.020884,15.020884,13.990884
-15.1891165,-15.589116,-17.009117,-17.059116,-15.639116,-15.729116,-14.749116,-13.669116,-12.729116,-12.049116,-11.179116,-10.289116,-9.279117,-9.219116,-8.819117,-8.629116,-9.519116,-9.159116,-8.809116,-8.289116,-9.9391165,-8.009116,-10.409116,-12.4391165,-8.029117,-3.0991163,-4.239116,-5.259116,-4.879116,-3.2391162,-3.4891162,-3.6391163,-3.3091161,-3.6091163,-3.9891162,-3.9191163,-3.4891162,-3.2291162,-3.2791162,-3.1491163,-2.2491162,-0.7891162,-1.5991162,-1.8891162,0.04088379,-0.33911622,-1.2391162,-0.7191162,0.3408838,2.1108837,8.890883,11.990884,12.990884,12.330884,12.920884,13.490884,13.730884
-16.669117,-16.459116,-16.669117,-16.209116,-16.699116,-15.539116,-14.889116,-13.779117,-12.709116,-11.879116,-10.999116,-10.379116,-10.139116,-9.699116,-9.789116,-9.829116,-9.699116,-9.889116,-9.929116,-8.989117,-9.889116,-9.609117,-11.389116,-11.519116,-5.9791164,-3.9191163,-4.8291163,-5.279116,-4.839116,-4.549116,-4.6791162,-4.4991164,-4.509116,-4.939116,-5.1791162,-4.719116,-4.199116,-4.0991163,-3.8791163,-2.7991161,-1.6991162,-2.3891163,-3.4591162,-1.0191162,-1.8291162,-1.9191163,-0.08911621,2.670884,3.4508839,9.070884,11.730884,14.210884,12.140883,12.950884,12.320884,12.670884,12.720883
-17.059116,-17.119116,-16.749117,-16.559116,-17.979116,-16.069117,-14.619116,-13.489117,-12.339116,-11.8991165,-10.699116,-10.029117,-10.249116,-10.579116,-10.859117,-10.769116,-10.589116,-10.169116,-10.129116,-9.719116,-9.549116,-11.669116,-11.369116,-9.229116,-5.319116,-5.129116,-5.1791162,-5.279116,-5.1391163,-5.069116,-5.4091163,-5.6791162,-5.759116,-5.819116,-6.009116,-5.699116,-5.359116,-4.819116,-3.5391161,-2.069116,-2.339116,-4.2691164,-2.1091163,-3.1491163,-4.529116,-0.8891162,3.5308838,6.2308836,8.960884,10.330884,10.230884,11.080884,12.0608835,11.630884,11.590884,11.460884,11.950884
-16.459116,-17.019115,-16.339117,-16.199116,-17.379116,-16.129116,-14.849116,-13.959116,-13.089116,-11.839116,-10.489117,-10.209116,-10.109117,-10.729116,-10.739117,-10.479116,-10.059116,-9.839116,-9.419116,-9.099116,-9.379116,-10.489117,-7.4091163,-6.189116,-6.259116,-5.609116,-5.4791164,-5.5791163,-5.4091163,-5.589116,-5.9791164,-6.069116,-6.239116,-6.7291164,-7.2491164,-6.9991164,-5.8891163,-4.379116,-2.6191163,-1.7191162,-2.7191162,-3.1991162,-3.2791162,-6.839116,-2.9191163,3.2408838,7.0008836,7.4208837,10.230884,12.750884,14.050884,13.070884,13.580884,12.880884,11.970883,11.160884,10.780884
-16.259117,-16.389116,-16.569117,-16.519115,-17.319117,-16.779116,-15.869116,-14.4391165,-13.159116,-11.809116,-10.769116,-10.519116,-10.519116,-10.759116,-10.379116,-9.949116,-9.8991165,-9.669116,-9.099116,-9.229116,-9.519116,-9.459116,-6.359116,-5.689116,-6.0191164,-6.0191164,-6.6591163,-6.3291163,-6.0591164,-6.489116,-6.3491163,-6.719116,-7.2291164,-7.6391163,-8.829116,-8.769116,-7.919116,-3.6691163,-1.4891162,-0.8091162,-1.2991163,-2.1291163,-6.5391164,-4.199116,3.8708837,8.610884,9.320884,9.510883,12.170884,12.270884,11.690884,11.960884,12.020884,11.070884,9.8508835,9.400884,9.440884
-16.569117,-16.859116,-17.899117,-17.169117,-17.549116,-17.919117,-17.029116,-14.579116,-12.719116,-11.279117,-10.8991165,-10.909116,-10.569117,-10.419116,-9.9391165,-9.639116,-9.589116,-9.419116,-9.569117,-9.889116,-9.159116,-7.649116,-7.359116,-7.189116,-6.9091163,-6.989116,-7.2891164,-6.8891163,-6.879116,-6.759116,-6.359116,-7.459116,-7.4991164,-7.839116,-9.119116,-11.379116,-13.849116,-8.909116,-7.779116,-3.6591163,-0.22911622,-2.9891162,-5.089116,-0.5991162,3.7808838,7.7308836,8.580884,10.520884,10.590884,8.680883,8.220883,6.970884,6.740884,7.810884,8.570884,8.880884,8.420884
-16.209116,-16.679115,-17.029116,-16.979116,-17.109116,-19.069117,-17.969116,-15.199116,-12.479116,-10.979116,-10.519116,-9.959116,-9.659116,-9.879116,-9.669116,-9.539116,-9.739117,-9.829116,-9.639116,-9.249116,-9.949116,-9.259116,-8.709116,-9.1891165,-9.499116,-9.319117,-9.009116,-7.9991164,-7.149116,-7.1191163,-6.899116,-7.899116,-7.8491163,-6.469116,-8.909116,-10.929116,-11.6891165,-13.509116,-15.539116,-8.459116,4.7108836,-4.149116,-5.299116,-2.089116,-2.7391162,0.14088379,6.490884,7.430884,6.470884,6.5008836,6.040884,6.8408837,7.300884,7.390884,8.330884,8.1008835,6.240884
-15.6491165,-16.339117,-16.809116,-17.369116,-14.779117,-17.719116,-17.269115,-15.299116,-13.059116,-11.409116,-10.829116,-10.479116,-9.8991165,-9.579116,-9.709116,-9.769116,-9.679116,-9.409116,-9.049116,-7.5791163,-8.489117,-9.499116,-10.229116,-10.519116,-10.289116,-9.909116,-9.379116,-8.8991165,-8.379116,-8.139116,-7.739116,-8.109117,-7.8491163,-7.379116,-6.399116,-8.279117,-8.739117,-11.169116,-14.249116,-13.599116,0.35088378,-4.819116,-8.779117,-6.0191164,-3.3691163,-2.839116,-1.0191162,3.4908838,3.2508838,4.410884,5.1308837,5.760884,7.310884,8.250884,7.9808836,6.4608836,2.430884
