UV_10m_small_gfs.t12z.pgrb2.0p25.f018.json
{"header": { "discipline":0, "disciplineName":"Meteorological products", "gribEdition":2, "gribLength":17311, "center":7, "centerName":"US National Weather Service - NCEP(WMC)", "subcenter":0, "refTime":"2023-03-21T12:00:00.000Z", "significanceOfRT":1, "significanceOfRTName":"Start of forecast", "productStatus":0, "productStatusName":"Operational products", "productType":1, "productTypeName":"Forecast products", "productDefinitionTemplate":0, "productDefinitionTemplateName":"Analysis/forecast at horizontal level/layer at a point in time", "parameterCategory":2, "parameterCategoryName":"Momentum", "parameterNumber":3, "parameterNumberName":"V-component_of_wind", "parameterUnit":"m.s-1", "genProcessType":2, "genProcessTypeName":"Forecast", "forecastTime":18, "surface1Type":103, "surface1TypeName":"Specified height level above ground", "surface1Value":10.0, "surface2Type":255, "surface2TypeName":"Missing", "surface2Value":0.0, "gridDefinitionTemplate":0, "gridDefinitionTemplateName":"Latitude_Longitude", "numberPoints":11421, "shape":6, "shapeName":"Earth spherical with radius of 6,371,229.0 m", "gridUnits":"degrees", "resolution":48, "winds":"true", "scanMode":64, "nx":141, "ny":81, "basicAngle":0, "lo1":210.0, "la1":30.0, "lo2":245.0, "la2":50.0, "dx":0.25, "dy":0.25 }, "data":
[rows 0 to 25 of 81, columns 0 to 57 of 141]
-2.0212598,-2.3612597,-2.5312598,-2.7812598,-3.0812597,-2.9712598,-3.3312597,-3.8612597,-4.1412597,-4.44126,-4.8312597,-5.0112596,-4.9912596,-5.5312595,-5.5812597,-5.5812597,-5.8312597,-5.77126,-5.73126,-5.94126,-6.09126,-6.29126,-6.63126,-7.07126,-7.36126,-7.44126,-7.73126,-8.151259,-8.24126,-8.74126,-8.231259,-8.71126,-9.00126,-9.3212595,-9.35126,-8.68126,-8.31126,-8.74126,-9.271259,-9.13126,-8.85126,-9.12126,-9.30126,-9.46126,-9.191259,-9.231259,-10.021259,-10.05126,-10.18126,-10.43126,-10.62126,-10.20126,-9.55126,-9.97126,-9.75126,-9.46126,-9.67126,-10.14126
-2.2512598,-2.5212598,-2.5412598,-2.5412598,-2.6712599,-3.1912599,-3.9412599,-3.9112597,-4.04126,-4.3712597,-4.63126,-4.8112597,-4.86126,-5.02126,-5.25126,-5.4712596,-5.84126,-6.1012597,-6.29126,-6.36126,-6.3912597,-6.8912597,-6.84126,-6.98126,-7.13126,-7.7412596,-7.75126,-8.18126,-8.67126,-8.62126,-8.80126,-8.49126,-8.63126,-9.22126,-9.31126,-9.20126,-8.81126,-8.731259,-8.731259,-8.39126,-9.0712595,-9.54126,-9.401259,-9.3212595,-9.26126,-10.08126,-10.521259,-10.34126,-10.16126,-9.97126,-9.74126,-9.71126,-9.49126,-9.361259,-9.96126,-10.111259,-10.34126,-10.42126
-2.2512598,-2.4912598,-2.6312597,-2.6312597,-2.9712598,-3.6812599,-3.6412597,-3.4512599,-3.7512598,-4.0612597,-4.27126,-4.4512596,-4.4312596,-4.7012596,-5.21126,-5.3312597,-5.82126,-6.46126,-6.63126,-6.7412596,-6.98126,-6.92126,-6.8712597,-7.09126,-7.42126,-7.65126,-8.05126,-8.28126,-9.09126,-8.901259,-8.55126,-8.13126,-8.58126,-8.91126,-9.14126,-9.26126,-9.521259,-9.18126,-9.53126,-9.58126,-9.34126,-9.24126,-9.231259,-9.21126,-9.481259,-9.08126,-9.03126,-10.13126,-10.18126,-9.79126,-9.89126,-10.021259,-9.901259,-9.74126,-9.5712595,-10.01126,-10.24126,-10.25126
-2.0512598,-2.1812599,-2.5112598,-2.7912598,-3.0612597,-3.3412597,-3.1112597,-3.2712598,-3.5912597,-3.7512598,-3.9212599,-4.29126,-4.73126,-4.96126,-5.19126,-5.48126,-5.57126,-5.94126,-6.1212597,-6.11126,-6.48126,-7.1012597,-7.55126,-7.61126,-7.90126,-7.82126,-8.14126,-8.21126,-8.30126,-9.47126,-8.97126,-8.63126,-8.771259,-8.87126,-9.10126,-9.151259,-9.45126,-9.81126,-9.191259,-9.12126,-9.10126,-9.521259,-9.81126,-9.74126,-10.01126,-9.99126,-8.96126,-8.49126,-9.43126,-9.87126,-10.09126,-10.18126,-9.81126,-9.651259,-9.62126,-9.75126,-10.12126,-10.47126
-2.2512598,-2.3312597,-2.6112597,-2.7812598,-2.9012597,-3.0812597,-3.4012597,-4.00126,-4.09126,-4.09126,-4.48126,-4.5612597,-4.6612597,-5.0112596,-5.32126,-5.5612597,-5.59126,-5.92126,-6.54126,-6.67126,-6.5812597,-7.07126,-7.67126,-7.82126,-8.0712595,-8.29126,-8.481259,-8.35126,-8.191259,-8.58126,-9.05126,-8.54126,-8.66126,-8.95126,-9.24126,-9.271259,-9.31126,-9.47126,-9.45126,-9.14126,-9.03126,-8.941259,-9.3212595,-9.97126,-10.14126,-10.49126,-10.83126,-10.271259,-9.45126,-10.03126,-10.20126,-10.08126,-9.85126,-9.64126,-10.09126,-10.271259,-10.09126,-10.42126
-2.2412598,-2.4012597,-2.5512598,-2.7812598,-2.9412599,-3.0912597,-3.5712597,-3.8512597,-3.9312599,-4.30126,-4.73126,-4.9512596,-5.3112597,-5.5812597,-5.86126,-6.02126,-6.38126,-6.52126,-6.8112597,-7.4112597,-7.5612597,-7.82126,-8.03126,-8.16126,-8.37126,-8.43126,-8.271259,-8.09126,-8.22126,-8.60126,-9.13126,-8.81126,-8.49126,-8.59126,-9.021259,-9.231259,-9.35126,-9.26126,-9.021259,-9.24126,-9.50126,-9.12126,-8.46126,-8.70126,-9.26126,-9.41126,-9.88126,-10.55126,-10.67126,-10.03126,-9.51126,-9.51126,-9.79126,-10.14126,-10.37126,-10.63126,-10.3212595,-10.651259
-2.0112598,-2.2812598,-2.7812598,-2.9512599,-3.1612597,-3.7012599,-4.0312595,-4.1012597,-4.32126,-4.48126,-4.94126,-5.2612596,-5.54126,-5.7412596,-5.86126,-6.11126,-6.3312597,-6.50126,-6.7212596,-7.27126,-7.57126,-7.77126,-7.9312596,-8.24126,-8.22126,-8.22126,-8.441259,-8.481259,-8.87126,-9.08126,-9.05126,-9.16126,-8.54126,-8.46126,-8.81126,-9.00126,-9.05126,-8.83126,-8.75126,-8.981259,-9.04126,-9.21126,-9.22126,-8.3212595,-8.58126,-9.10126,-9.18126,-9.45126,-9.34126,-9.12126,-9.24126,-9.78126,-10.04126,-10.35126,-10.521259,-10.74126,-10.67126,-10.66126
-2.1512597,-2.4312599,-2.6312597,-2.9112597,-3.2212598,-3.6012597,-4.00126,-4.3912597,-4.6612597,-4.9712596,-5.34126,-5.4112597,-5.82126,-5.9512596,-6.0312595,-6.3112597,-6.5812597,-6.86126,-7.15126,-7.5612597,-7.6612597,-7.69126,-7.61126,-7.7812595,-8.03126,-8.13126,-8.16126,-8.35126,-8.72126,-8.83126,-8.67126,-9.0712595,-8.54126,-8.771259,-8.80126,-8.83126,-8.83126,-8.63126,-8.861259,-8.8212595,-9.24126,-8.81126,-9.10126,-9.611259,-9.74126,-9.13126,-8.91126,-9.12126,-9.17126,-9.111259,-9.771259,-10.151259,-10.111259,-10.22126,-10.79126,-11.33126,-11.70126,-11.43126
-2.1312597,-2.3212597,-2.6612597,-3.0512598,-3.5112598,-4.07126,-4.6212597,-4.8912597,-5.21126,-5.44126,-5.38126,-5.4712596,-5.8912597,-6.0312595,-6.17126,-6.54126,-6.7212596,-7.0612597,-7.42126,-7.27126,-7.1212597,-7.3912597,-7.4512596,-7.57126,-7.9512596,-7.98126,-7.9512596,-8.04126,-7.98126,-8.22126,-8.401259,-8.8212595,-8.54126,-8.64126,-8.68126,-8.83126,-8.691259,-8.60126,-8.71126,-8.651259,-8.651259,-8.88126,-9.04126,-9.63126,-9.481259,-9.441259,-9.37126,-9.20126,-9.22126,-9.611259,-9.97126,-10.09126,-10.111259,-10.56126,-11.09126,-11.09126,-10.941259,-11.26126
-2.6412597,-3.0312598,-3.1712599,-3.4412599,-4.00126,-4.4312596,-4.67126,-4.88126,-5.0812597,-5.1612597,-5.38126,-5.79126,-5.94126,-6.1812596,-6.52126,-6.75126,-6.9912596,-6.94126,-7.04126,-7.07126,-7.1212597,-7.25126,-7.59126,-7.67126,-7.75126,-7.7812595,-7.8112597,-7.73126,-7.82126,-8.17126,-8.37126,-8.37126,-8.53126,-8.12126,-8.10126,-8.60126,-8.67126,-8.58126,-8.80126,-8.78126,-9.16126,-9.41126,-8.83126,-8.53126,-8.71126,-8.50126,-8.651259,-8.67126,-9.111259,-9.63126,-9.93126,-10.28126,-10.62126,-10.81126,-10.771259,-10.87126,-11.45126,-12.47126
-2.8212597,-2.9812598,-3.3212597,-3.6312597,-3.9812598,-4.30126,-4.69126,-4.8512597,-5.0112596,-5.2812595,-5.73126,-5.80126,-5.8112597,-6.15126,-6.6012597,-7.05126,-6.9912596,-6.7412596,-6.90126,-7.13126,-7.3712597,-7.2212596,-7.38126,-7.38126,-7.2212596,-7.6012597,-8.00126,-7.9712596,-7.7412596,-7.92126,-8.0712595,-8.41126,-8.81126,-8.38126,-8.75126,-8.76126,-8.72126,-8.58126,-8.901259,-9.33126,-9.151259,-9.30126,-9.03126,-7.9312596,-8.42126,-8.901259,-8.55126,-9.0712595,-9.43126,-9.62126,-9.89126,-10.35126,-10.361259,-10.58126,-10.731259,-11.021259,-12.21126,-12.18126
-2.5712597,-2.9712598,-3.3612597,-3.6112597,-3.7212598,-4.05126,-4.4712596,-4.98126,-5.2012596,-5.3112597,-5.36126,-5.7212596,-6.30126,-6.4912596,-6.63126,-6.6212597,-6.7012596,-7.0312595,-7.1412597,-7.13126,-7.0612597,-7.34126,-7.32126,-7.32126,-6.88126,-6.9912596,-7.5612597,-8.22126,-8.33126,-8.46126,-8.75126,-8.88126,-8.96126,-8.99126,-8.81126,-8.78126,-8.93126,-9.13126,-8.901259,-9.03126,-8.87126,-9.21126,-9.35126,-9.14126,-8.81126,-9.191259,-9.3212595,-9.78126,-9.76126,-10.14126,-10.25126,-10.271259,-10.361259,-10.481259,-10.67126,-11.691259,-12.08126,-11.80126
-2.8812597,-3.0712597,-3.2712598,-3.6112597,-4.25126,-4.59126,-4.4312596,-4.8912597,-5.15126,-5.34126,-5.7412596,-6.0812597,-6.36126,-6.44126,-6.52126,-6.6012597,-7.0612597,-7.38126,-7.52126,-7.59126,-7.23126,-7.19126,-7.27126,-7.46126,-7.2412596,-6.71126,-7.0612597,-7.79126,-8.31126,-8.521259,-8.88126,-8.92126,-8.941259,-8.901259,-8.79126,-8.8212595,-8.96126,-9.26126,-9.441259,-9.55126,-9.54126,-9.16126,-9.42126,-9.59126,-9.20126,-9.06126,-9.72126,-9.771259,-10.18126,-10.01126,-9.83126,-9.981259,-10.38126,-10.76126,-11.50126,-12.05126,-11.74126,-11.5712595
-3.5212598,-3.4512599,-3.6112597,-3.9212599,-4.2012596,-4.59126,-4.59126,-4.67126,-5.05126,-5.6212597,-5.86126,-6.0612597,-6.38126,-6.7212596,-6.6812596,-6.65126,-7.0112596,-7.40126,-7.5112596,-7.73126,-7.54126,-7.1412597,-7.1012597,-7.02126,-7.2812595,-6.9512596,-7.2012596,-7.9112597,-8.31126,-8.54126,-9.05126,-8.861259,-8.99126,-9.111259,-9.021259,-9.021259,-9.05126,-9.17126,-9.34126,-9.31126,-9.26126,-8.72126,-8.981259,-9.34126,-9.13126,-9.37126,-9.89126,-9.97126,-9.83126,-9.92126,-10.35126,-10.09126,-10.28126,-11.26126,-11.89126,-11.85126,-11.691259,-11.76126
-3.7012599,-3.9312599,-4.0312595,-4.07126,-4.1012597,-4.27126,-4.63126,-4.7412596,-4.9912596,-5.44126,-5.7812595,-6.02126,-6.1412597,-6.36126,-6.67126,-6.92126,-6.82126,-6.96126,-7.21126,-7.4112597,-7.3912597,-7.11126,-6.9312596,-6.7812595,-7.2012596,-7.69126,-7.3712597,-7.9512596,-8.37126,-8.50126,-8.92126,-9.01126,-8.96126,-9.03126,-9.09126,-9.191259,-9.271259,-9.26126,-9.38126,-9.34126,-9.43126,-9.29126,-9.00126,-9.06126,-9.22126,-9.79126,-10.30126,-10.0712595,-9.92126,-10.151259,-10.22126,-10.231259,-10.99126,-11.55126,-11.611259,-11.60126,-11.651259,-11.91126
-4.04126,-3.6512597,-3.7612598,-3.8112597,-3.8112597,-3.9612598,-4.2412596,-4.6412597,-5.05126,-5.46126,-5.55126,-5.59126,-5.7012596,-6.07126,-6.55126,-6.77126,-6.71126,-6.79126,-6.8712597,-6.86126,-6.86126,-7.02126,-7.1012597,-7.44126,-7.6212597,-8.01126,-7.6212597,-7.82126,-8.24126,-8.50126,-8.64126,-9.03126,-9.01126,-9.12126,-9.17126,-9.361259,-9.54126,-9.5712595,-9.55126,-9.59126,-9.63126,-9.22126,-9.12126,-9.26126,-9.96126,-9.79126,-9.83126,-10.03126,-10.25126,-10.14126,-10.17126,-10.85126,-11.401259,-11.31126,-11.401259,-11.58126,-11.55126,-11.8212595
-4.3912597,-3.7612598,-3.9212599,-4.0312595,-4.25126,-4.46126,-4.4512596,-4.79126,-5.13126,-5.2812595,-5.29126,-5.5612597,-5.77126,-5.9312596,-6.29126,-6.5612597,-6.63126,-6.7012596,-6.90126,-6.8512597,-6.7612596,-6.9512596,-7.2212596,-7.6212597,-7.80126,-7.8112597,-7.5612597,-7.59126,-7.94126,-8.361259,-8.84126,-9.111259,-9.03126,-9.13126,-9.29126,-9.49126,-9.62126,-9.67126,-9.63126,-9.54126,-9.441259,-9.70126,-9.691259,-10.151259,-10.16126,-9.79126,-9.41126,-9.5712595,-9.62126,-10.09126,-10.731259,-11.191259,-11.26126,-11.18126,-11.28126,-11.401259,-11.51126,-11.88126
-4.55126,-4.5812597,-4.21126,-4.32126,-4.79126,-4.75126,-4.8512597,-4.8312597,-5.04126,-5.3112597,-5.36126,-5.59126,-5.8912597,-5.6012597,-5.8112597,-6.13126,-6.2812595,-6.23126,-6.5612597,-6.73126,-7.00126,-7.23126,-7.17126,-7.5112596,-7.7012596,-7.4512596,-7.44126,-7.55126,-7.98126,-8.30126,-8.861259,-9.10126,-9.03126,-9.20126,-9.441259,-9.66126,-9.74126,-9.70126,-9.611259,-9.47126,-9.46126,-9.79126,-10.43126,-10.04126,-9.80126,-9.53126,-9.56126,-9.481259,-9.93126,-10.55126,-10.79126,-10.92126,-10.95126,-10.93126,-11.09126,-11.26126,-11.361259,-11.79126
-3.9512599,-4.32126,-4.63126,-5.05126,-4.77126,-4.32126,-4.2812595,-4.2012596,-4.5612597,-4.5112596,-4.7412596,-5.1812596,-5.52126,-5.59126,-5.19126,-5.32126,-5.5612597,-5.48126,-5.9312596,-6.48126,-7.46126,-8.20126,-7.6212597,-7.21126,-7.55126,-7.5112596,-7.63126,-7.7212596,-8.12126,-8.55126,-8.611259,-9.04126,-9.03126,-9.26126,-9.54126,-9.75126,-9.71126,-9.58126,-9.47126,-9.25126,-9.481259,-10.01126,-10.41126,-10.06126,-9.71126,-10.12126,-10.3212595,-10.38126,-10.56126,-10.56126,-10.59126,-10.56126,-10.43126,-10.521259,-10.861259,-11.05126,-11.361259,-11.8212595
-4.00126,-4.1612597,-4.4112597,-4.38126,-4.4912596,-4.3912597,-4.29126,-3.5212598,-4.04126,-3.5412598,-3.5612597,-4.09126,-4.48126,-4.96126,-5.25126,-4.98126,-4.77126,-4.90126,-5.2012596,-5.75126,-6.59126,-7.67126,-8.271259,-8.10126,-7.7812595,-7.96126,-7.7812595,-7.79126,-7.8112597,-8.151259,-8.45126,-8.96126,-9.10126,-9.22126,-9.46126,-9.60126,-9.46126,-9.401259,-9.45126,-9.45126,-9.95126,-10.271259,-9.81126,-10.03126,-9.80126,-10.22126,-9.79126,-9.84126,-10.191259,-10.43126,-10.361259,-10.39126,-10.45126,-10.49126,-10.59126,-11.021259,-11.45126,-11.91126
-3.4112597,-3.6912599,-3.9412599,-3.6912599,-4.17126,-4.6612597,-4.69126,-4.52126,-4.6412597,-3.5512598,-3.0312598,-2.9512599,-3.2212598,-3.8612597,-4.82126,-5.0812597,-4.88126,-4.84126,-4.9312596,-5.2612596,-5.9712596,-6.9112597,-7.84126,-8.34126,-8.34126,-8.22126,-8.09126,-7.7212596,-7.63126,-7.9912596,-8.41126,-9.06126,-9.22126,-9.26126,-9.47126,-9.50126,-9.3212595,-9.24126,-9.401259,-9.74126,-9.941259,-10.21126,-9.41126,-9.22126,-9.651259,-9.79126,-9.611259,-9.88126,-10.05126,-9.95126,-10.08126,-10.33126,-10.521259,-10.691259,-10.63126,-10.63126,-11.46126,-11.78126
-4.50126,-4.57126,-4.2812595,-3.9712598,-4.3712597,-4.88126,-4.71126,-3.9012597,-3.4812598,-4.02126,-4.2212596,-3.1512597,-2.8112597,-3.2512598,-3.8212597,-4.4712596,-5.0812597,-5.1212597,-5.1412597,-5.15126,-5.50126,-6.02126,-6.8712597,-7.5612597,-8.021259,-8.20126,-8.3212595,-8.29126,-7.8712597,-7.9112597,-8.55126,-9.12126,-9.30126,-9.25126,-9.441259,-9.43126,-9.22126,-9.191259,-9.271259,-9.67126,-10.00126,-10.151259,-9.31126,-8.51126,-9.18126,-9.33126,-9.56126,-9.85126,-9.83126,-9.75126,-10.021259,-10.34126,-10.49126,-10.70126,-10.941259,-10.611259,-11.10126,-11.55126
-5.3512597,-5.71126,-5.71126,-5.5812597,-5.86126,-6.2012596,-6.2412596,-5.6212597,-5.17126,-5.7412596,-6.42126,-4.4912596,-3.7412598,-4.04126,-4.42126,-4.50126,-4.7012596,-5.23126,-5.2812595,-4.9512596,-5.0112596,-5.2212596,-5.86126,-6.86126,-7.5112596,-7.9712596,-8.30126,-8.55126,-8.63126,-8.611259,-8.731259,-9.08126,-9.20126,-9.10126,-9.26126,-9.21126,-8.85126,-8.84126,-9.03126,-9.53126,-9.92126,-9.691259,-9.08126,-8.17126,-8.99126,-9.111259,-9.54126,-9.74126,-9.76126,-9.901259,-10.14126,-10.34126,-10.50126,-10.60126,-10.83126,-11.111259,-11.111259,-11.31126
-4.8512597,-5.23126,-5.36126,-5.7012596,-5.7812595,-5.6012597,-5.4912596,-5.05126,-5.1412597,-5.17126,-5.3312597,-5.46126,-5.17126,-5.30126,-5.8712597,-6.1612597,-6.0312595,-6.40126,-6.1812596,-4.5312595,-4.2012596,-4.80126,-5.32126,-6.15126,-7.00126,-7.82126,-8.39126,-8.46126,-8.26126,-8.31126,-8.78126,-8.81126,-8.81126,-8.8212595,-8.941259,-8.87126,-8.56126,-8.691259,-8.96126,-9.66126,-9.97126,-9.441259,-8.941259,-9.191259,-9.01126,-9.12126,-9.60126,-9.64126,-9.74126,-9.97126,-10.18126,-10.39126,-10.521259,-10.58126,-10.731259,-10.92126,-11.22126,-11.41126
-4.59126,-4.6612597,-5.04126,-5.40126,-5.48126,-5.46126,-5.0312595,-4.7412596,-4.8912597,-4.98126,-5.07126,-5.3312597,-5.38126,-5.23126,-5.27126,-5.75126,-6.1812596,-6.7412596,-7.8912597,-5.48126,-3.9412599,-4.54126,-4.86126,-5.57126,-6.5312595,-7.36126,-7.9512596,-8.33126,-8.41126,-8.30126,-8.481259,-8.611259,-8.731259,-8.79126,-8.80126,-8.71126,-8.401259,-8.56126,-8.85126,-10.0712595,-9.01126,-9.22126,-9.361259,-8.93126,-8.71126,-9.28126,-9.53126,-9.5712595,-9.71126,-9.93126,-10.151259,-10.401259,-10.50126,-10.56126,-10.68126,-10.71126,-10.88126,-11.191259
-5.0812597,-4.79126,-4.8712597,-4.88126,-4.8912597,-4.8912597,-4.69126,-4.50126,-4.2612596,-4.07126,-4.5112596,-4.9112597,-5.0812597,-5.25126,-5.42126,-5.55126,-5.94126,-6.19126,-6.96126,-7.3712597,-5.21126,-4.2412596,-4.52126,-5.1012597,-5.82126,-6.54126,-7.36126,-8.06126,-8.26126,-8.24126,-8.20126,-8.60126,-8.81126,-8.83126,-8.861259,-8.70126,-8.46126,-8.38126,-8.99126,-9.42126,-8.361259,-8.95126,-8.58126,-8.271259,-8.79126,-9.29126,-9.38126,-9.49126,-9.67126,-9.95126,-10.22126,-10.39126,-10.49126,-10.50126,-10.60126,-10.71126,-10.68126,-10.981259
