UV_10m_small_gfs.t12z.pgrb2.0p25.f030.json
{"header": { "discipline":0, "disciplineName":"Meteorological products", "gribEdition":2, "gribLength":17311, "center":7, "centerName":"US National Weather Service - NCEP(WMC)", "subcenter":0, "refTime":"2023-03-21T12:00:00.000Z", "significanceOfRT":1, "significanceOfRTName":"Start of forecast", "productStatus":0, "productStatusName":"Operational products", "productType":1, "productTypeName":"Forecast products", "productDefinitionTemplate":0, "productDefinitionTemplateName":"Analysis/forecast at horizontal level/layer at a point in time", "parameterCategory":2, "parameterCategoryName":"Momentum", "parameterNumber":3, "parameterNumberName":"V-component_of_wind", "parameterUnit":"m.s-1", "genProcessType":2, "genProcessTypeName":"Forecast", "forecastTime":30, "surface1Type":103, "surface1TypeName":"Specified height level above ground", "surface1Value":10.0, "surface2Type":255, "surface2TypeName":"Missing", "surface2Value":0.0, "gridDefinitionTemplate":0, "gridDefinitionTemplateName":"Latitude_Longitude", "numberPoints":11421, "shape":6, "shapeName":"Earth spherical with radius of 6,371,229.0 m", "gridUnits":"degrees", "resolution":48, "winds":"true", "scanMode":64, "nx":141, "ny":81, "basicAngle":0, "lo1":210.0, "la1":30.0, "lo2":245.0, "la2":50.0, "dx":0.25, "dy":0.25 }, "data":
[rows 0 to 25 of 81, columns 0 to 56 of 141]
1.4065722,1.0665723,0.88657224,0.7165723,0.61657226,0.47657228,0.07657227,0.0065722656,0.026572265,-0.033427734,-0.30342773,-0.69342774,-0.92342776,-1.1634277,-1.7134278,-2.4834278,-2.6134276,-2.8534276,-3.0634277,-3.2434278,-3.3634276,-3.2834277,-3.3534276,-3.5934277,-3.9034278,-3.9834278,-3.2534277,-3.5734277,-3.9434278,-4.373428,-4.663428,-4.1934276,-4.563428,-4.5034275,-4.183428,-4.1334276,-4.0934277,-4.313428,-4.3634276,-4.5734277,-3.8834276,-4.2834277,-4.4234276,-4.6134276,-4.813428,-6.2634277,-5.7134275,-5.683428,-5.953428,-5.5034275,-5.393428,-4.953428,-5.223428,-5.313428,-5.913428,-6.0534277,-6.373428
1.2665722,0.86657226,0.45657226,0.29657227,0.34657228,0.47657228,0.51657224,0.40657225,0.27657226,0.10657226,-0.30342773,-0.88342774,-1.4534278,-1.9534278,-2.2634277,-2.4934278,-2.7834277,-3.0234277,-3.1434278,-3.5934277,-3.8734276,-3.7534277,-3.5434277,-3.7134278,-4.023428,-4.4834275,-4.2434278,-3.7834277,-3.6834278,-4.0134277,-4.543428,-4.523428,-4.543428,-4.723428,-4.9934278,-4.703428,-4.2634277,-4.2534275,-4.203428,-4.773428,-4.5334277,-4.3034277,-4.4834275,-4.4634275,-4.9834275,-6.083428,-5.393428,-6.273428,-5.9034276,-5.4834275,-5.043428,-5.4434276,-5.293428,-5.9634275,-6.2334275,-6.1734276,-6.4234276
1.7565722,1.5265722,1.1165723,0.7165723,0.5265723,0.51657224,0.42657226,0.39657226,0.21657227,-0.13342774,-0.40342772,-1.0734277,-1.6134278,-1.9834278,-2.5134277,-2.9334278,-3.0434277,-2.7834277,-2.7034278,-3.3534276,-3.8834276,-3.9734278,-4.1334276,-4.1534276,-4.0534277,-4.2634277,-4.723428,-4.0934277,-4.143428,-4.293428,-4.7134275,-4.9434276,-4.913428,-4.5734277,-4.4234276,-5.083428,-5.183428,-4.873428,-5.1134276,-4.7434278,-5.2434278,-4.6534276,-4.5134277,-5.143428,-6.3434277,-4.9634275,-5.683428,-6.143428,-5.9234276,-5.663428,-5.6134276,-5.6134276,-6.0734277,-6.433428,-6.2834277,-6.2334275,-6.4834275
1.7765722,1.3965722,1.2365723,1.0965723,0.87657225,0.42657226,0.31657228,0.15657227,-0.023427734,-0.23342773,-0.8334277,-1.4134277,-1.9634278,-2.2434278,-2.4034278,-2.7334278,-3.0334277,-3.0934277,-2.3434277,-2.0334277,-2.8634276,-3.7334278,-4.123428,-4.2534275,-4.0934277,-3.7634277,-4.083428,-4.7434278,-4.603428,-4.683428,-4.913428,-5.433428,-5.3834276,-5.3634276,-4.6734276,-4.4434276,-5.3834276,-5.4434276,-4.4634275,-5.123428,-5.0534277,-4.9434276,-4.9634275,-5.9934278,-6.4934278,-5.5534277,-6.023428,-5.8634276,-5.4934278,-5.4834275,-5.9634275,-6.4034276,-6.473428,-6.4034276,-6.2334275,-6.223428,-6.4634275
1.4865723,1.0965723,1.1765723,1.1465722,0.9565723,0.69657224,0.30657226,0.10657226,0.026572265,-0.39342773,-1.1734277,-1.7934277,-2.0434277,-2.2534277,-2.2834277,-2.4534278,-3.0734277,-3.7834277,-3.9034278,-2.4134278,-2.2234278,-3.0134277,-3.6934278,-4.0534277,-4.223428,-4.273428,-4.2634277,-5.063428,-5.163428,-5.313428,-4.9234276,-5.0334277,-5.043428,-4.8834276,-5.273428,-5.2834277,-4.8034277,-5.0734277,-5.413428,-4.8234277,-4.9234276,-5.0134277,-5.893428,-7.0534277,-5.5334277,-5.9634275,-5.5534277,-5.773428,-5.8634276,-6.103428,-6.0334277,-5.913428,-6.2534275,-6.2334275,-6.2834277,-6.543428,-6.7434278
1.0965723,0.8965723,0.93657225,0.99657226,0.81657225,0.51657224,0.10657226,-0.21342774,-0.69342774,-1.1334277,-1.5534277,-1.7634277,-1.9134277,-2.0434277,-1.9934278,-2.0534277,-2.4534278,-3.2134278,-3.8834276,-3.8234277,-2.4434278,-2.6934278,-3.5734277,-3.8934278,-3.9334278,-4.3034277,-4.6934276,-4.8434277,-5.563428,-5.643428,-5.623428,-5.103428,-5.2434278,-5.2634277,-4.9234276,-4.9634275,-4.7634277,-4.813428,-5.063428,-4.7534275,-4.543428,-5.123428,-6.6534276,-6.063428,-6.223428,-5.7434278,-5.413428,-5.3034277,-5.703428,-5.7434278,-5.8234277,-6.2134275,-6.143428,-6.123428,-6.4434276,-6.8634276,-7.2134275
1.2265723,1.0765723,0.92657226,0.93657225,0.6565723,0.33657226,0.16657227,-0.31342775,-1.1934277,-1.5034277,-1.4434277,-1.4334277,-1.6434277,-1.7834277,-1.8934277,-1.9134277,-1.8634278,-2.1534278,-2.9434278,-3.9234278,-3.3134277,-2.8734276,-3.1134276,-3.4434278,-3.7234278,-4.163428,-4.5334277,-4.6734276,-4.6734276,-4.9934278,-4.8034277,-5.023428,-5.203428,-5.373428,-5.353428,-5.023428,-5.063428,-5.2634277,-5.6334276,-5.8834276,-5.473428,-5.853428,-6.5334277,-5.813428,-5.9434276,-6.0334277,-6.683428,-6.1534276,-6.123428,-6.4034276,-6.0734277,-6.203428,-6.1534276,-6.2134275,-6.4434276,-6.7534275,-7.083428
1.3465723,1.2465723,0.9665723,0.88657224,0.7265723,0.50657225,0.15657227,-0.57342774,-0.7734277,-0.6534277,-0.80342776,-1.2634277,-1.4934278,-1.6534277,-1.7234278,-1.6834277,-1.7034278,-1.8334278,-2.2434278,-3.1034276,-3.8234277,-3.7834277,-3.3534276,-3.1034276,-2.8834276,-3.2134278,-4.0134277,-4.223428,-4.543428,-4.7334275,-4.8434277,-4.433428,-4.583428,-4.793428,-5.2634277,-5.4234276,-5.2834277,-5.123428,-4.9934278,-5.3434277,-5.813428,-6.293428,-6.7834277,-5.8034277,-5.5334277,-6.083428,-6.543428,-6.4834275,-6.603428,-6.373428,-6.293428,-6.2334275,-6.223428,-6.333428,-6.4834275,-6.6734276,-6.8634276
1.3965722,1.2265723,1.0265722,0.9165723,0.50657225,0.18657227,-0.37342775,-1.0134277,-1.0334277,-0.9034277,-0.99342775,-1.0634277,-1.3134277,-1.3834277,-1.5534277,-1.8834277,-2.0834277,-2.1134276,-2.2134278,-2.5234277,-2.9334278,-3.5934277,-3.5934277,-3.7434278,-3.4834278,-3.3834276,-3.9534278,-4.4934278,-4.623428,-4.8034277,-5.2534275,-5.1534276,-4.8034277,-4.773428,-4.9434276,-5.3634276,-5.603428,-5.4634275,-5.2134275,-5.273428,-5.7634277,-6.063428,-6.393428,-5.4434276,-5.2834277,-5.853428,-6.183428,-6.2434278,-6.0334277,-6.183428,-6.273428,-6.3634276,-6.453428,-6.543428,-6.6734276,-6.773428,-6.893428
1.0865723,1.1265723,1.0365722,0.5865723,0.08657227,-0.27342772,-0.8934277,-1.4534278,-1.2834277,-1.0534277,-0.8334277,-0.82342774,-1.1434277,-1.6334277,-2.1934278,-2.2234278,-1.9634278,-1.7634277,-2.3934278,-2.8434277,-2.6634278,-3.1434278,-3.5234277,-3.6834278,-3.9434278,-4.143428,-4.4634275,-4.313428,-4.3634276,-4.4634275,-4.6134276,-5.3434277,-5.353428,-5.3834276,-5.4634275,-5.413428,-5.143428,-5.3834276,-5.663428,-5.393428,-5.523428,-6.1334276,-6.853428,-5.893428,-4.8834276,-5.3234277,-5.8834276,-5.913428,-6.0134277,-6.2534275,-6.353428,-6.3834276,-6.623428,-6.7834277,-6.793428,-6.853428,-6.933428
0.98657227,0.76657224,0.39657226,-0.13342774,-0.30342773,-0.6434277,-1.1934277,-1.3534278,-1.1034278,-1.0234277,-1.2034278,-0.8934277,-0.92342776,-1.0034277,-1.0334277,-1.4134277,-1.5134277,-1.8434278,-1.8434278,-1.5634277,-1.9434277,-2.6134276,-3.3934278,-3.7034278,-3.9734278,-4.143428,-3.9834278,-4.203428,-4.1534276,-4.183428,-4.3834276,-4.933428,-5.5934277,-5.773428,-6.1134276,-6.3434277,-5.8634276,-4.9834275,-5.603428,-5.163428,-5.1734276,-6.5934277,-6.9934278,-5.953428,-4.913428,-5.0134277,-5.543428,-5.5534277,-5.5334277,-6.1134276,-6.1534276,-6.2434278,-6.4634275,-6.703428,-6.813428,-6.8834276,-7.023428
1.3465723,0.5865723,0.22657226,0.0065722656,-0.10342774,-0.51342773,-1.2734277,-1.4834278,-1.6534277,-1.5834278,-1.5134277,-1.2434278,-0.8934277,-0.6534277,-0.76342773,-1.1234277,-1.7234278,-1.9834278,-1.8234277,-1.7634277,-2.0834277,-2.4734278,-2.7534277,-3.2234278,-3.8434277,-4.1534276,-4.163428,-4.1934276,-4.683428,-4.973428,-4.973428,-4.9034276,-5.273428,-5.6734276,-5.623428,-5.6334276,-5.8034277,-5.4934278,-5.2534275,-5.2634277,-6.1334276,-6.7534275,-6.0934277,-5.663428,-5.9434276,-5.4634275,-5.833428,-6.433428,-6.183428,-6.0334277,-6.083428,-6.3434277,-6.5134277,-6.5934277,-6.7634277,-6.933428,-7.143428
0.93657225,0.80657226,0.5865723,0.23657227,-0.033427734,-0.033427734,-0.5434277,-0.81342775,-1.0634277,-1.4534278,-1.6734277,-1.6534277,-1.3034277,-1.0734277,-1.4034277,-1.6434277,-1.5334277,-1.4434277,-1.6434277,-1.9034277,-2.0234277,-1.9634278,-2.2034278,-3.0234277,-3.4634278,-3.8334277,-4.203428,-4.4034276,-4.603428,-4.703428,-4.9834275,-5.163428,-5.2134275,-6.0034275,-5.8034277,-5.6934276,-5.4634275,-5.6734276,-5.3034277,-5.683428,-6.523428,-5.3834276,-6.8434277,-6.703428,-6.603428,-6.523428,-6.0934277,-5.9634275,-5.9834275,-5.973428,-6.083428,-6.293428,-6.413428,-6.4834275,-6.663428,-6.8634276,-7.0334277
0.47657228,0.7065723,0.81657225,0.61657226,0.21657227,-0.033427734,-0.25342774,-0.34342775,-0.81342775,-1.0634277,-1.3334278,-1.4534278,-1.4334277,-1.2534277,-1.4334277,-1.5834278,-1.6134278,-1.7334278,-1.8434278,-2.0534277,-1.8534278,-1.4734278,-1.5834278,-1.7234278,-2.3734276,-3.2234278,-3.7934277,-4.103428,-4.5134277,-4.6934276,-5.063428,-5.203428,-5.3834276,-5.6534276,-6.1334276,-5.8234277,-5.9234276,-5.7134275,-5.703428,-5.703428,-6.8034277,-5.9234276,-6.353428,-6.223428,-5.723428,-5.8434277,-6.0734277,-5.9634275,-5.9034276,-5.913428,-6.083428,-6.203428,-6.3034277,-6.4234276,-6.4834275,-6.583428,-6.7334275
0.5865723,0.33657226,0.75657225,0.81657225,0.18657227,-0.34342775,-0.5834277,-0.74342775,-0.5234277,-0.5434277,-0.94342774,-1.4834278,-1.6434277,-1.7834277,-1.9834278,-2.0934277,-1.9834278,-1.7734277,-1.4734278,-1.4234277,-1.5434277,-1.0334277,-1.0334277,-1.0234277,-1.1434277,-1.8934277,-2.7634277,-3.3934278,-4.313428,-4.7534275,-5.1534276,-5.5034275,-5.4234276,-5.3834276,-5.793428,-5.8434277,-5.873428,-5.913428,-5.543428,-5.663428,-6.663428,-6.143428,-6.353428,-6.143428,-5.5134277,-5.7434278,-5.7634277,-5.9034276,-5.9434276,-5.873428,-5.9434276,-6.043428,-6.123428,-6.1934276,-6.293428,-6.3434277,-6.473428
0.40657225,0.12657227,-0.20342773,-0.33342773,-0.30342773,-0.48342773,-0.68342775,-1.0134277,-0.75342774,-1.0134277,-1.6434277,-1.2234278,-1.1934277,-1.4734278,-1.9834278,-2.2234278,-2.1934278,-2.3134277,-2.2134278,-1.0634277,0.20657226,-0.6034277,-0.95342773,-1.2134278,-1.6034278,-1.5634277,-1.7134278,-2.4734278,-3.4634278,-4.2534275,-5.0134277,-5.603428,-5.5534277,-5.2334275,-5.1734276,-5.7634277,-5.643428,-5.8834276,-5.853428,-5.7834277,-6.373428,-6.4034276,-5.723428,-5.7434278,-5.2834277,-4.7534275,-5.4634275,-5.9034276,-5.8834276,-5.8634276,-5.813428,-5.833428,-6.063428,-6.0934277,-6.1134276,-6.2634277,-6.4234276
-0.74342775,-0.70342773,-0.7734277,-0.9134277,-0.56342775,-0.23342773,0.0065722656,0.016572265,0.40657225,-0.19342774,-1.1234277,-1.0534277,-0.62342775,-0.083427735,-1.0034277,-2.2434278,-2.7634277,-3.3334277,-3.8234277,-3.3634276,-0.10342774,0.86657226,-0.51342773,-1.1734277,-1.3934277,-1.5734277,-1.6434277,-1.8034277,-2.7334278,-3.3534276,-4.3034277,-5.0134277,-5.473428,-5.583428,-5.183428,-5.393428,-5.9634275,-5.793428,-5.933428,-5.973428,-6.043428,-6.4434276,-5.9634275,-5.143428,-5.853428,-5.8234277,-5.543428,-5.4634275,-5.6734276,-5.833428,-5.8034277,-5.7534275,-5.873428,-6.063428,-6.043428,-6.1134276,-6.2834277
-0.37342775,-0.36342773,-0.62342775,-0.67342776,-0.82342774,-2.2634277,-2.9134278,-2.8134277,-0.61342776,-1.6434277,-1.8134277,-2.9734278,-2.8034277,-0.93342775,-1.9634278,-2.7434278,-3.3234277,-3.7634277,-4.0934277,-4.453428,-4.333428,0.69657224,-0.113427736,-0.95342773,-0.87342775,-1.0334277,-1.6034278,-1.4834278,-1.7934277,-2.5334277,-3.0534277,-4.0534277,-4.8834276,-5.2834277,-5.373428,-5.2134275,-5.663428,-6.1134276,-5.9234276,-6.0134277,-5.9834275,-6.0134277,-6.353428,-5.4234276,-5.0034275,-5.2334275,-5.223428,-5.0734277,-5.2334275,-5.5134277,-5.7634277,-5.8834276,-5.8834276,-6.023428,-6.143428,-6.1534276,-6.163428
-1.1234277,-1.5934278,-1.3534278,-1.7134278,-2.4934278,-3.1834278,-3.6534278,-3.6934278,-3.7034278,-3.4234278,-3.1734278,-3.4134278,-3.5934277,-3.5334277,-3.3434277,-3.4034278,-3.4534278,-3.7034278,-3.9734278,-4.2434278,-4.273428,-0.8434277,-0.10342774,-0.92342776,-1.1534277,-1.3334278,-1.7034278,-2.0234277,-1.8134277,-2.0934277,-2.1034276,-2.4134278,-3.7234278,-4.5734277,-4.853428,-5.063428,-5.223428,-5.793428,-6.103428,-5.853428,-5.8234277,-6.203428,-6.1734276,-6.373428,-5.413428,-4.793428,-4.5034275,-4.453428,-4.5734277,-4.7834277,-5.2434278,-5.703428,-5.893428,-5.9834275,-6.0334277,-6.143428,-6.2434278
-2.2734277,-2.7234278,-2.9734278,-3.4934278,-3.9534278,-4.0334277,-3.9734278,-3.7734277,-3.8334277,-3.5334277,-3.5334277,-3.5434277,-3.6734278,-3.8534276,-3.7634277,-3.6934278,-3.6434278,-3.6234276,-3.6634278,-3.6134276,-3.8134277,-2.5634277,-0.6034277,-1.3634278,-1.2534277,-1.4834278,-1.9334277,-2.0734277,-2.1034276,-2.3734276,-2.3234277,-2.1134276,-2.0934277,-3.2234278,-4.5134277,-4.853428,-5.1734276,-5.1534276,-5.5934277,-5.9234276,-5.7834277,-5.953428,-6.203428,-6.223428,-6.203428,-5.8634276,-4.3834276,-4.3034277,-4.1734276,-4.333428,-4.813428,-5.083428,-5.473428,-5.873428,-6.0134277,-6.043428,-6.1534276
-2.5934277,-2.8534276,-3.0734277,-3.4234278,-3.8334277,-4.0734277,-4.103428,-4.023428,-3.8734276,-3.9834278,-3.9634278,-3.7834277,-3.6434278,-3.7334278,-3.8734276,-4.023428,-3.9734278,-3.9034278,-3.9234278,-3.8434277,-3.6134276,-3.7134278,-3.1834278,-2.9434278,-2.0534277,-1.4134277,-1.4334277,-1.8134277,-1.8634278,-2.0334277,-2.1534278,-2.3734276,-2.8134277,-2.4734278,-3.0934277,-4.3434277,-4.9434276,-5.353428,-5.1334276,-5.583428,-5.8634276,-5.8034277,-5.8234277,-6.2334275,-6.2634277,-6.163428,-6.3434277,-4.773428,-4.563428,-3.8834276,-4.643428,-5.103428,-5.163428,-5.3634276,-5.853428,-6.0334277,-6.143428
-2.9534278,-2.8534276,-3.0634277,-3.3434277,-3.5634277,-3.7934277,-3.8734276,-3.9134278,-3.8234277,-3.7434278,-3.7834277,-3.9134278,-3.8534276,-3.4434278,-3.8234277,-4.413428,-4.3234277,-4.083428,-4.043428,-3.7634277,-3.8434277,-3.7534277,-3.5734277,-3.8134277,-3.3434277,-2.8634276,-2.1734278,-1.8834277,-1.7934277,-1.6534277,-1.8534278,-2.0334277,-2.3434277,-2.5534277,-2.8034277,-3.5434277,-4.0034275,-4.6934276,-5.1734276,-5.273428,-5.5534277,-5.7834277,-5.773428,-5.793428,-5.913428,-5.9934278,-6.0134277,-6.5134277,-6.0534277,-3.6634278,-4.433428,-4.933428,-5.3634276,-5.353428,-5.5134277,-5.953428,-6.1934276
-2.6634278,-2.5734277,-2.8934278,-3.2334278,-3.4434278,-3.4934278,-3.5334277,-3.5534277,-3.4534278,-3.2634277,-3.4934278,-3.8134277,-3.9434278,-3.8134277,-3.9134278,-4.2534275,-4.1734276,-4.0334277,-3.8834276,-3.4834278,-3.1934278,-3.0134277,-2.8234277,-2.8234277,-3.2834277,-3.2834277,-2.5734277,-2.8234277,-2.4534278,-1.9934278,-1.6634277,-1.9234277,-2.0134277,-2.0934277,-2.5534277,-3.0734277,-3.7034278,-3.6234276,-4.3434277,-5.0034275,-5.393428,-5.6134276,-5.8434277,-5.893428,-5.8834276,-6.0034275,-5.973428,-5.683428,-5.7434278,-5.0534277,-4.5734277,-4.6934276,-5.083428,-5.703428,-5.6734276,-5.723428,-6.103428
-2.4334278,-2.3634276,-2.2834277,-2.5734277,-2.8134277,-3.1134276,-3.3334277,-3.2834277,-3.0834277,-3.1234276,-3.4334278,-3.5134277,-3.9834278,-4.043428,-4.223428,-3.8634276,-3.6334276,-3.4734278,-3.3534276,-3.0534277,-2.5834277,-2.4234278,-2.5634277,-2.2134278,-2.3534276,-3.1834278,-3.5334277,-2.9634278,-3.2434278,-3.1634278,-2.5634277,-2.1634278,-2.0434277,-1.7834277,-1.8134277,-2.3834276,-2.9934278,-3.6634278,-3.5534277,-4.0934277,-5.0134277,-5.6134276,-5.8434277,-5.9934278,-6.0334277,-5.973428,-5.8034277,-5.8234277,-5.833428,-5.9234276,-6.123428,-4.163428,-4.6934276,-5.3234277,-5.8434277,-5.7834277,-5.933428
-2.0834277,-2.3734276,-2.6834278,-2.7534277,-2.8334277,-2.8534276,-2.7034278,-2.7634277,-2.9734278,-2.9934278,-2.8234277,-3.0634277,-3.2634277,-3.2034278,-3.3734276,-3.3134277,-3.2134278,-3.1334276,-3.1934278,-3.3234277,-3.5234277,-3.6334276,-3.5434277,-3.5134277,-3.7234278,-3.7734277,-3.6334276,-3.5534277,-3.4834278,-3.3634276,-3.0634277,-2.8134277,-2.0934277,-1.7034278,-1.2934277,-1.3534278,-2.0334277,-2.8734276,-3.5434277,-3.8034277,-4.413428,-5.2634277,-5.8234277,-6.0334277,-5.9934278,-6.023428,-5.933428,-5.8034277,-5.623428,-5.473428,-6.0934277,-5.0334277,-4.453428,-4.7834277,-5.3234277,-5.793428,-5.7634277
-2.4034278,-2.7934277,-2.8034277,-2.7434278,-2.8234277,-2.7234278,-2.7734277,-2.4534278,-2.5534277,-2.6834278,-2.8634276,-3.0034277,-2.8334277,-2.8534276,-2.9534278,-3.4234278,-3.5434277,-3.2534277,-3.0534277,-2.9734278,-3.1734278,-3.6734278,-3.6934278,-3.5434277,-3.5034277,-3.7234278,-3.7334278,-3.4534278,-3.3934278,-3.3634276,-3.5134277,-3.1034276,-2.6334276,-2.6034276,-1.4234277,-0.8334277,-0.93342775,-1.6234277,-2.2134278,-2.9534278,-4.143428,-4.8634276,-5.1134276,-5.123428,-5.2534275,-5.5334277,-5.833428,-5.7134275,-5.5034275,-5.373428,-5.5534277,-6.2134275,-5.3634276,-4.103428,-4.273428,-4.933428,-5.3834276
