UV_10m_small_gfs.t12z.pgrb2.0p25.f033.json
{"header": { "discipline":0, "disciplineName":"Meteorological products", "gribEdition":2, "gribLength":17311, "center":7, "centerName":"US National Weather Service - NCEP(WMC)", "subcenter":0, "refTime":"2023-03-21T12:00:00.000Z", "significanceOfRT":1, "significanceOfRTName":"Start of forecast", "productStatus":0, "productStatusName":"Operational products", "productType":1, "productTypeName":"Forecast products", "productDefinitionTemplate":0, "productDefinitionTemplateName":"Analysis/forecast at horizontal level/layer at a point in time", "parameterCategory":2, "parameterCategoryName":"Momentum", "parameterNumber":2, "parameterNumberName":"U-component_of_wind", "parameterUnit":"m.s-1", "genProcessType":2, "genProcessTypeName":"Forecast", "forecastTime":33, "surface1Type":103, "surface1TypeName":"Specified height level above ground", "surface1Value":10.0, "surface2Type":255, "surface2TypeName":"Missing", "surface2Value":0.0, "gridDefinitionTemplate":0, "gridDefinitionTemplateName":"Latitude_Longitude", "numberPoints":11421, "shape":6, "shapeName":"Earth spherical with radius of 6,371,229.0 m", "gridUnits":"degrees", "resolution":48, "winds":"true", "scanMode":64, "nx":141, "ny":81, "basicAngle":0, "lo1":210.0, "la1":30.0, "lo2":245.0, "la2":50.0, "dx":0.25, "dy":0.25 }, "data":
[rows 27 to 53 of 81, columns 60 to 119 of 141]
5.5833735,5.5633736,5.5333734,5.6433735,5.4133735,6.0133734,6.0133734,6.0433736,6.0733733,6.0433736,5.7533736,5.4733734,5.3333735,5.2333736,5.1833735,5.2033734,5.2833734,5.5033736,5.6833735,5.7533736,5.6633735,5.1833735,4.6533732,4.6833735,5.1433735,5.3433733,5.3433733,5.2233734,5.2633734,5.4333735,5.2533736,5.3233733,5.6333733,5.713373,5.6133733,5.423373,5.5433736,5.5633736,5.6333733,5.3633733,5.2533736,5.0333734,4.6833735,3.6733735,3.1433735,3.1633735,2.8033733,1.0733734,-0.14662659,2.3133733,4.8533735,3.4733734,-1.3366265,-1.2966266,0.24337341,-0.5866266,-1.7566266,-3.8566265,-6.1266265,-6.576627
6.1633735,6.213373,6.0033736,6.4033732,5.463373,6.1333733,6.2933736,6.0533733,6.0033736,6.0333734,5.8233733,5.6333733,5.5233736,5.4833736,5.5133734,5.4733734,5.2633734,5.3733735,5.8233733,5.9733734,5.6833735,5.3133736,4.9033732,4.8333735,5.3233733,5.6333733,5.5233736,5.3933735,5.3333735,5.3833733,5.3233733,5.4833736,5.693373,5.673373,5.5233736,5.3033733,5.3433733,5.3533735,5.3733735,5.0833735,4.8833733,4.5933733,4.0333734,3.2833734,2.8433733,2.4433734,1.4333735,0.7533734,0.21337341,2.2333734,4.1333733,4.1633735,0.6833734,-0.6366266,-0.40662658,-0.9666266,-4.0866265,-5.8966265,-6.3566265,-7.1066265
6.9333735,6.9833736,6.6433735,6.9533734,6.3333735,5.8833733,6.2333736,6.2733736,5.8633733,5.8833733,5.8733735,5.7233734,5.6833735,5.6033735,5.673373,5.7333736,5.5933733,5.4733734,5.8333735,6.0733733,5.7233734,5.4833736,5.2433734,5.0633736,5.3733735,5.7433734,5.7433734,5.4533734,5.3433733,5.5233736,5.5733733,5.8833733,5.8833733,5.6833735,5.5033736,5.2833734,5.2633734,5.2333736,5.2533736,4.9133735,4.5833735,4.2533736,3.8333733,3.4033735,2.8333733,1.6233734,0.33337343,-0.67662656,0.19337341,2.3633735,1.8633734,0.023373414,-0.006626587,-0.2666266,-0.7266266,-1.3966266,-4.6466265,-5.7466264,-6.2766266,-6.6866264
7.4333735,7.4833736,7.2533736,7.1833735,7.0933733,6.0333734,6.0233736,6.173373,6.0033736,5.713373,5.8433733,5.8233733,5.8633733,5.7233734,5.6533732,5.8233733,5.8733735,5.8033733,5.9533734,6.0233736,5.8433733,5.6833735,5.3233733,5.1433735,5.3933735,5.713373,5.8733735,5.673373,5.6333733,5.8733735,5.9033732,6.0533733,5.8633733,5.5733733,5.3933735,5.0833735,5.0633736,5.1033735,5.0833735,4.7533736,4.4033732,4.1333733,3.7133734,3.2833734,3.0233734,2.0433733,0.40337342,-1.0666265,-0.9466266,0.7133734,0.08337341,-0.6366266,0.7933734,-0.23662658,-1.1766266,-2.0866265,-4.1566267,-5.4566264,-4.786627,-3.2666266
7.0833735,7.5933733,7.6233735,7.4033732,7.2333736,6.4933734,6.0733733,6.0433736,5.943373,5.9333735,5.7333736,5.9133735,6.0233736,5.9133735,5.7033734,5.7233734,5.9033732,5.9833736,6.1133733,5.9733734,5.9333735,5.7633734,5.213373,5.0933733,5.3033733,5.6133733,6.0733733,5.9733734,5.943373,6.1133733,6.2833734,6.173373,5.8033733,5.4133735,5.2433734,4.8133736,4.8933735,4.963373,5.0033736,4.713373,4.2333736,3.9133735,3.5933733,3.3533735,2.8933735,2.1633735,-0.28662658,-2.1566267,-1.8066266,-0.016626587,0.33337343,-0.056626588,-1.4866266,-1.9366266,-3.4266267,-3.1866267,-3.9066267,-3.9666266,-1.6066266,0.13337341
7.1233735,7.3633733,7.8733735,7.7933736,7.1033735,6.7733736,6.3433733,5.8133736,5.7633734,6.173373,5.7433734,5.9533734,6.1833735,6.1333733,5.923373,5.673373,5.7933736,6.0633736,6.213373,6.0633736,6.0333734,5.713373,5.3233733,5.0933733,5.3033733,5.6533732,6.1133733,6.213373,6.1233735,6.2333736,6.4933734,6.1233735,5.5733733,5.2833734,5.0333734,4.6833735,4.8133736,4.8533735,4.923373,4.7033734,4.1633735,3.7633734,3.4833734,3.1133735,2.7733734,2.3733735,-0.6066266,-3.6666267,-2.5466266,-1.7366266,-2.4466267,-2.8066266,-3.1166265,-4.036627,-3.0766265,-2.8566265,-3.3666265,-1.2666266,1.4733734,2.5533733
6.9333735,7.2233734,7.8133736,7.963373,7.173373,6.9833736,6.7033734,5.8533735,5.5233736,6.0733733,5.943373,5.9533734,6.2633734,6.2933736,6.193373,5.8733735,5.7433734,6.0033736,6.2233734,6.3133736,6.1033735,5.7533736,5.5033736,5.2033734,5.443373,6.0133734,6.193373,6.3233733,6.2833734,6.3733735,6.3633733,5.8433733,5.5033736,5.3633733,4.9933734,4.5633736,4.7233734,4.943373,4.8233733,4.6333733,4.1033735,3.7133734,3.4933734,3.1533735,3.1533735,3.4833734,1.1733735,-2.9466267,-2.5466266,-0.5966266,-1.3466266,-2.0866265,-2.9866266,-2.8666265,-1.6766266,-1.4466265,-1.1566266,0.49337342,2.1233735,2.3733735
7.1533732,7.3033733,7.7033734,7.7233734,7.4533734,7.5333734,6.693373,5.9533734,5.713373,5.8333735,6.1533732,6.1233735,6.3133736,6.3933735,6.3133736,6.0733733,5.8633733,5.943373,6.1333733,6.3833733,6.2933736,6.0033736,5.5733733,5.3133736,5.8533735,6.4733734,6.2933736,6.213373,6.2533736,6.2533736,5.9533734,5.5433736,5.6133733,5.6033735,5.0233736,4.6033735,4.5933733,4.8533735,4.7633734,4.5933733,4.0833735,3.7333734,3.7133734,3.5133734,3.4533734,3.7633734,3.6133735,1.6033734,-2.2566266,-0.8966266,-0.7266266,-0.5966266,-0.5366266,-1.1466266,-0.6066266,0.03337341,1.0533735,1.4033734,1.8533734,2.6733735
7.4533734,7.463373,7.5633736,7.5333734,7.4833736,7.7533736,6.3733735,5.7633734,5.6133733,5.8033733,6.1133733,6.2333736,6.3433733,6.463373,6.3633733,6.1333733,5.9833736,6.0233736,6.1233735,6.3833733,6.3433733,6.2033734,5.673373,5.5333734,6.3333735,6.5833735,6.1433735,5.923373,5.8533735,5.8333735,5.6133733,5.0733733,5.2433734,5.2333736,4.7033734,4.5733733,4.6133733,4.7933736,4.713373,4.5933733,4.1833735,3.7233734,3.8233733,4.0433736,3.3833735,4.4133735,3.2233734,0.5533734,-1.5266266,-1.3766266,-0.47662657,-0.4266266,0.2633734,-0.2066266,-0.41662657,1.3233734,2.8933735,2.8533735,2.2133734,2.3533735
7.5933733,7.5333734,7.4833736,7.3033733,7.3833733,7.6133733,6.2333736,6.0133734,5.4833736,5.5033736,6.0033736,6.3133736,6.4733734,6.4933734,6.3733735,6.0733733,5.9933734,6.2033734,6.3233733,6.4533734,6.3533735,6.3533735,5.9933734,5.9733734,6.4733734,6.423373,6.0133734,5.6133733,5.3833733,5.6133733,5.0933733,4.6233735,4.9333735,4.7933736,4.4033732,4.5533733,4.673373,4.7733736,4.6633735,4.6433735,4.3833733,3.8333733,3.7433734,4.3133736,3.8633735,3.1933734,2.3933735,-0.2766266,-1.4966266,-1.5066266,-0.6266266,-0.3066266,-0.14662659,-0.09662659,0.9733734,2.6133735,3.2533734,2.8833735,2.3733735,2.3933735
7.7433734,7.5633736,7.4733734,7.2533736,7.2333736,7.6133733,6.5533733,6.1333733,5.7733736,5.6233735,5.943373,6.2333736,6.4833736,6.5533733,6.4833736,6.1533732,5.9533734,6.2533736,6.5033736,6.5033736,6.3433733,6.4033732,6.2733736,6.2933736,6.693373,6.423373,5.8833733,5.3633733,5.2233734,5.5233736,5.0233736,4.8133736,4.9033732,4.6633735,4.4333735,4.673373,4.713373,4.7333736,4.8033733,4.713373,4.6233735,4.173373,3.6933734,3.9833734,4.2733736,3.9433734,4.3633733,2.2833734,-0.11662659,-0.47662657,-1.1366266,-1.1066266,-0.3866266,-0.006626587,0.8133734,2.0033734,2.1533735,1.6933734,2.1233735,2.2933733
7.6233735,7.5033736,7.5733733,7.463373,7.2633734,7.6433735,6.7833734,6.1433735,5.9933734,5.8033733,5.943373,6.0333734,6.3833733,6.6433735,6.7733736,6.4533734,6.0933733,6.2533736,6.5633736,6.5033736,6.2533736,6.2933736,6.4033732,6.5633736,6.8233733,6.6633735,5.8233733,5.3833733,5.3133736,5.3433733,4.9933734,4.8233733,4.7633734,4.673373,4.6033735,4.7433734,4.7333736,4.6433735,4.8533735,4.8333735,4.8233733,4.5733733,3.9133735,3.8333733,4.3933735,3.6433735,3.5633733,2.1433735,1.1133734,0.31337342,-1.5866265,-1.4166266,-1.7566266,-0.8166266,0.76337343,1.6833735,1.8233734,2.2533734,2.9633734,3.0533733
7.963373,7.713373,7.5933733,7.443373,7.3633733,7.693373,7.0633736,6.3333735,6.173373,5.7933736,6.0733733,6.0233736,6.3233733,6.6033735,6.8833733,6.693373,6.3433733,6.3633733,6.5733733,6.5033736,6.2633734,6.2333736,6.3833733,6.6033735,6.8333735,6.7433734,5.9133735,5.5733733,5.6333733,5.3733735,5.0133734,4.8333735,4.7933736,4.8133736,4.7433734,4.7333736,4.7333736,4.6333733,4.943373,5.0633736,4.8733735,4.713373,4.1633735,3.9733734,3.3433733,2.3233733,2.0133734,1.2833734,1.3133734,-0.5366266,-2.2266266,-1.5066266,-2.0766265,-0.9366266,1.2533734,1.8233734,1.7233734,2.0233734,3.2633734,5.2933736
8.153374,7.9033732,7.7833734,7.6533732,7.5433736,7.6433735,7.1433735,6.6633735,6.443373,5.7933736,6.0533733,6.0033736,6.2533736,6.4333735,6.8233733,6.9033732,6.6533732,6.6033735,6.6633735,6.5333734,6.3533735,6.2533736,6.3233733,6.4133735,6.6433735,6.7033734,5.9133735,5.5733733,5.673373,5.3533735,5.1033735,4.9033732,4.8133736,4.8033733,4.7933736,4.7933736,4.7933736,4.7233734,4.9933734,5.0633736,4.8033733,4.5633736,4.2633734,5.0833735,3.6233735,2.9333735,2.0133734,1.6333734,1.3833734,-0.3566266,-2.2166266,-1.8266265,-1.5766265,-0.12662658,1.2233734,1.5433735,1.5033734,2.1533735,3.9233735,5.5433736
8.343373,8.053373,7.8733735,7.7733736,7.6033735,7.8333735,7.4933734,6.9733734,6.6333733,6.3133736,6.3433733,6.1633735,6.2533736,6.3333735,6.6333733,6.9733734,6.8833733,6.8033733,6.7233734,6.5933733,6.4733734,6.3333735,6.3033733,6.2333736,6.423373,6.7333736,6.2933736,5.7833734,5.7533736,5.3533735,5.1333733,5.0233736,4.8433733,4.7933736,4.8733735,4.9733734,4.963373,4.8633733,4.9133735,4.963373,4.8033733,4.4033732,3.4533734,2.3233733,1.1033734,2.2633734,1.9733734,1.8133734,0.5433734,-2.0066266,-2.5066266,-1.9266266,-1.1366266,0.03337341,1.6533734,2.0833733,1.6133734,2.0833733,2.7533734,4.6833735
8.533374,8.203373,7.943373,7.7833734,7.5733733,7.8433733,7.673373,7.3333735,7.1133733,6.8533735,6.8033733,6.3333735,6.5333734,6.5233736,6.6033735,6.7333736,6.693373,6.7633734,6.7733736,6.6033735,6.5533733,6.3733735,6.2633734,6.0833735,6.2333736,6.6233735,6.4733734,6.0033736,5.9133735,5.5133734,5.1333733,5.1133733,4.943373,4.8233733,4.8833733,5.0533733,5.0233736,4.943373,4.8933735,4.8733735,4.7833734,4.423373,3.2733734,1.8333734,1.9033734,2.2533734,1.8433734,1.7233734,-0.9166266,-1.7466266,-1.4066266,-1.4266266,-0.43662658,1.0833734,2.2733734,2.8433733,3.5433733,4.3833733,6.0233736,6.7033734
8.6433735,8.373373,8.023374,7.7933736,7.673373,7.8033733,7.7633734,7.5633736,7.4833736,7.1133733,6.5433736,6.5233736,6.6033735,6.5433736,6.7333736,6.923373,6.8633733,6.8233733,6.693373,6.4733734,6.4833736,6.3833733,6.3033733,6.0933733,6.1033735,6.4833736,6.463373,6.173373,6.0633736,5.7433734,5.3033733,5.1433735,5.0333734,4.9933734,4.9333735,5.0033736,5.0833735,5.0533733,4.9333735,4.9933734,5.1333733,4.7333736,3.9933734,2.7833734,1.6633735,2.4333735,1.8633734,0.82337344,-0.6466266,-1.3066266,-1.3066266,-0.16662659,1.0133734,2.1933734,2.7133734,3.1033735,3.9633734,4.7533736,6.0033736,5.7333736
8.973373,8.663373,8.103374,7.7333736,7.6133733,7.7233734,7.8333735,7.6533732,7.5833735,7.2633734,6.8433733,6.7933736,6.6233735,6.4833736,6.7033734,6.8933735,6.8733735,7.0833735,7.1533732,6.693373,6.3633733,6.2533736,6.213373,6.2033734,6.0833735,6.3733735,6.6033735,6.5333734,6.4333735,6.0133734,5.5333734,5.2333736,5.1133733,5.0733733,5.0733733,4.9933734,5.0733733,5.0333734,4.9133735,5.0833735,5.4033732,5.0733733,4.7533736,3.6533735,1.7133734,2.2133734,2.4033735,1.3833734,0.7533734,-0.8866266,-0.4566266,0.8433734,1.1533734,2.4433734,4.6133733,4.1833735,4.943373,5.713373,6.1033735,6.7933736
9.363374,9.013373,8.293373,7.673373,7.4833736,7.6233735,7.8233733,7.693373,7.6133733,7.3633733,7.1133733,6.9733734,6.713373,6.5033736,6.6833735,6.8433733,6.7233734,6.963373,7.423373,7.1233735,6.5233736,6.1433735,6.0933733,6.1533732,6.2333736,6.463373,6.7433734,6.9033732,6.6633735,6.0633736,5.7433734,5.3833733,5.1433735,5.1133733,5.0833735,4.963373,5.0133734,4.9933734,4.8833733,5.173373,5.4733734,5.3733735,5.4833736,4.5033736,1.9333735,2.1233735,2.3633735,1.9133735,1.7533734,-0.3266266,0.103373416,0.4533734,1.4633734,2.0733733,3.4133735,5.1633735,6.4933734,6.5633736,5.3833733,4.3233733
9.353374,9.133373,8.213373,7.5533733,7.4833736,7.5433736,7.7033734,7.7033734,7.6833735,7.5433736,7.3033733,7.0433736,6.8333735,6.6433735,6.7233734,6.8933735,6.7633734,6.8633733,7.3133736,7.2733736,6.6033735,6.0733733,6.0133734,6.1433735,6.2633734,6.4333735,6.8233733,7.1133733,6.8033733,6.1533732,5.8033733,5.4933734,5.2333736,5.193373,5.2033734,5.0833735,5.0033736,5.0033736,4.8833733,5.1333733,5.3833733,5.5933733,5.8633733,4.4133735,1.3533734,2.2833734,2.0533733,2.1233735,2.6833735,1.9633734,0.5533734,1.2233734,0.3533734,1.4833734,3.2733734,5.2733736,5.9933734,6.2733736,5.8233733,5.3233733
9.273374,9.083373,8.103374,7.3733735,7.4333735,7.5833735,7.7733736,7.7733736,7.6833735,7.7533736,7.4933734,7.1033735,6.9533734,6.923373,6.8433733,6.923373,6.8633733,6.8133736,7.1633735,7.2233734,6.6133733,6.1033735,6.0533733,6.193373,6.2533736,6.3233733,6.7933736,7.0933733,6.6633735,6.1333733,5.9533734,5.5833735,5.3033733,5.2433734,5.1333733,5.0433736,4.963373,5.0133734,4.8133736,4.9733734,5.1833735,5.2733736,5.1333733,1.1333734,1.4633734,2.2433734,1.2333734,1.8733734,2.4933734,2.1833735,-0.09662659,3.0333734,3.7433734,3.1633735,3.4533734,2.3833735,3.6533735,5.5033736,5.9033732,3.7433734
9.103374,8.853374,8.163373,7.2333736,7.2733736,7.4933734,7.8133736,7.8533735,7.6333733,7.8733735,7.6533732,7.1833735,7.0133734,7.0333734,6.963373,6.9833736,6.943373,6.8033733,7.0233736,7.1033735,6.6533732,6.2833734,6.1833735,6.2633734,6.2433734,6.2433734,6.6433735,6.8433733,6.3833733,6.0933733,5.9533734,5.6233735,5.1233735,4.9933734,4.963373,4.8833733,4.8533735,4.9133735,4.673373,4.7733736,4.9833736,4.443373,3.6833735,1.2833734,2.0933733,2.6833735,1.7233734,1.4433734,1.8533734,1.7133734,0.8933734,2.5733733,3.8533735,5.7733736,4.5533733,3.9233735,4.6133733,4.3433733,1.9633734,2.8833735
8.663373,8.633373,8.083373,7.4533734,7.2433734,7.2933736,7.5933733,7.6333733,7.6633735,7.943373,7.7933736,7.2733736,7.0033736,7.0033736,7.0233736,7.0433736,7.0133734,6.8533735,6.8433733,6.923373,6.7233734,6.4833736,6.3433733,6.3333735,6.2733736,6.3133736,6.5733733,6.5733733,6.193373,6.0333734,6.0033736,5.5433736,5.0333734,4.8833733,4.9333735,4.9333735,4.8233733,4.7833734,4.6333733,4.6833735,4.693373,4.0033736,3.0533733,1.5033734,1.8733734,3.2333734,3.3833735,2.4733734,1.3833734,1.3433734,1.7933735,2.5733733,2.6633735,3.9633734,4.0633736,4.1033735,4.5033736,4.2833734,3.3433733,3.9933734
8.633373,8.373373,8.013373,7.5933733,6.9133735,7.0933733,7.3533735,7.4933734,7.6633735,7.8633733,7.8033733,7.4033732,7.0833735,6.9933734,7.0033736,7.0933733,7.0433736,6.8833733,6.7333736,6.7433734,6.7333736,6.5833735,6.3733735,6.3133736,6.3433733,6.4333735,6.6133733,6.443373,6.1133733,6.0933733,5.8933735,5.2033734,4.7033734,4.6633735,4.8233733,5.0433736,4.9533734,4.8033733,4.6333733,4.673373,4.5633736,3.9533734,2.9733734,2.1533735,2.1133735,2.8433733,2.1033735,2.2333734,2.0333734,1.1233734,2.4133735,2.8333733,1.7333734,1.5133734,2.7233734,2.6033735,3.2233734,4.2033734,4.8533735,3.8733735
8.733374,8.513373,8.083373,7.1333733,6.8233733,6.963373,7.1033735,7.4833736,7.5833735,7.6433735,7.7033734,7.5533733,7.2333736,7.0633736,6.9833736,7.0333734,7.0033736,6.8733735,6.713373,6.6533732,6.7833734,6.7433734,6.4833736,6.3233733,6.3833733,6.5233736,6.6233735,6.4733734,6.1833735,6.0033736,5.6133733,4.9533734,4.6233735,4.4833736,4.673373,5.0833735,5.193373,4.9833736,4.8033733,4.7233734,4.4033732,3.7133734,2.4833734,1.9333735,1.9733734,2.7833734,3.3333733,2.9633734,2.5833733,2.0033734,2.4233735,2.6633735,3.0433733,3.1533735,3.5633733,3.5433733,3.8733735,3.5233734,3.7933733,2.5033734
8.623373,8.863374,8.323374,7.2233734,6.9833736,6.7633734,6.9133735,7.443373,7.5933733,7.6033735,7.693373,7.6233735,7.2733736,7.0733733,6.9333735,6.9333735,6.943373,6.8733735,6.7533736,6.6533732,6.7433734,6.8233733,6.6433735,6.4133735,6.4033732,6.5533733,6.6433735,6.5533733,6.2533736,5.7933736,5.2633734,4.923373,4.6433735,4.443373,4.5433736,4.9133735,5.1333733,5.1133733,5.0333734,4.8333735,4.3033733,3.9933734,3.5733733,3.1933734,2.9633734,4.0733733,4.1133733,3.3833735,3.2433734,2.9433734,2.6533735,3.0733733,3.9333735,3.4233735,2.5733733,3.2233734,3.9633734,4.2533736,3.7433734,3.8133733
9.083373,8.883373,8.573374,7.8533735,7.0933733,6.4533734,6.8233733,7.463373,7.6233735,7.6033735,7.6033735,7.5833735,7.3033733,7.0233736,6.8033733,6.7633734,6.9033732,6.9033732,6.7933736,6.713373,6.7433734,6.7733736,6.673373,6.5133734,6.4533734,6.5133734,6.5833735,6.5233736,6.213373,5.6033735,5.1833735,5.1433735,4.8933735,4.5733733,4.5033736,4.7533736,5.0033736,5.0833735,5.0533733,4.9033732,4.443373,4.2633734,4.1833735,3.3233733,3.6433735,4.6433735,4.2333736,2.8533735,2.6433735,2.9233735,2.6933734,2.6933734,3.2833734,3.2633734,3.2033734,4.3433733,4.9833736,4.8433733,4.5533733,4.2433734
