UV_10m_small_gfs.t12z.pgrb2.0p25.f018.json
{"header": { "discipline":0, "disciplineName":"Meteorological products", "gribEdition":2, "gribLength":17311, "center":7, "centerName":"US National Weather Service - NCEP(WMC)", "subcenter":0, "refTime":"2023-03-21T12:00:00.000Z", "significanceOfRT":1, "significanceOfRTName":"Start of forecast", "productStatus":0, "productStatusName":"Operational products", "productType":1, "productTypeName":"Forecast products", "productDefinitionTemplate":0, "productDefinitionTemplateName":"Analysis/forecast at horizontal level/layer at a point in time", "parameterCategory":2, "parameterCategoryName":"Momentum", "parameterNumber":2, "parameterNumberName":"U-component_of_wind", "parameterUnit":"m.s-1", "genProcessType":2, "genProcessTypeName":"Forecast", "forecastTime":18, "surface1Type":103, "surface1TypeName":"Specified height level above ground", "surface1Value":10.0, "surface2Type":255, "surface2TypeName":"Missing", "surface2Value":0.0, "gridDefinitionTemplate":0, "gridDefinitionTemplateName":"Latitude_Longitude", "numberPoints":11421, "shape":6, "shapeName":"Earth spherical with radius of 6,371,229.0 m", "gridUnits":"degrees", "resolution":48, "winds":"true", "scanMode":64, "nx":141, "ny":81, "basicAngle":0, "lo1":210.0, "la1":30.0, "lo2":245.0, "la2":50.0, "dx":0.25, "dy":0.25 }, "data":
[rows 0 to 25 of 81, columns 59 to 117 of 141]
4.2833886,4.4733887,5.123389,5.2033887,5.0133886,4.9333887,5.083389,5.503389,5.813389,6.273389,6.7133884,6.1733885,6.1533885,6.6933885,6.9733887,7.0133886,7.253389,7.3633885,7.3033886,7.1133885,7.293389,7.8233886,7.9733887,7.7033887,7.6433887,7.9533887,8.253388,8.653389,9.063389,9.543388,9.943389,11.083388,9.893389,9.263389,9.403389,9.583388,10.273389,10.263389,10.093389,9.553389,8.853389,8.9233885,8.893389,9.253388,9.273389,9.1333885,9.6733885,11.093389,12.323389,12.333388,11.8833885,12.093389,11.803389,11.943389,12.123388,12.083388,11.433389,11.473389,11.513389
4.4533887,4.8633885,5.2033887,5.253389,4.9733887,4.9933887,5.4633884,5.9533887,6.5133886,6.623389,5.773389,6.1533885,6.7133884,7.003389,7.313389,7.483389,7.483389,7.8233886,8.033389,8.1733885,8.203388,8.353389,8.653389,8.773389,8.693389,8.863389,9.103389,9.483389,9.743389,10.183389,10.493389,10.753388,11.103389,9.523389,10.023389,10.573389,10.823389,10.933389,10.083388,10.053389,9.533389,8.993389,8.8833885,8.9233885,9.343389,9.6733885,9.643389,10.303389,11.793388,12.453388,11.833388,11.803389,11.863389,11.983389,12.143389,12.033389,11.733389,11.6733885,12.1333885
4.5933886,5.043389,5.1633887,4.6733885,4.873389,5.353389,5.6533885,6.4633884,6.4433885,5.793389,6.3233886,6.8433886,7.1133885,7.333389,7.6333885,7.7433887,7.8233886,8.033389,8.263389,8.573389,8.953388,9.153389,9.283389,9.323389,9.473389,9.6333885,9.853389,10.033389,10.153389,10.333388,10.473389,10.583388,11.413388,10.553389,10.313389,11.113389,10.8833885,11.043388,10.483389,9.593389,9.153389,9.053389,9.3833885,9.683389,9.763389,10.6333885,11.4233885,10.743389,10.743389,11.573389,11.403389,11.363389,11.793388,12.023389,12.013389,11.733389,11.913388,12.123388,12.213388
4.6833887,4.8033886,4.3633885,4.6833887,5.3433886,5.3033886,5.563389,6.4333887,6.0133886,6.4233885,6.7633886,6.7033887,7.1433887,7.6533885,7.833389,8.033389,7.8433886,8.183389,8.603389,8.733389,9.123388,9.543388,9.823389,9.913388,9.963388,10.1333885,10.213388,10.373388,10.453388,10.583388,10.813389,11.043388,11.443389,11.913388,11.013389,11.343389,11.393389,11.223389,10.943389,9.333388,8.9233885,9.693389,10.103389,10.283389,10.183389,9.943389,10.913388,11.023389,10.153389,10.4233885,10.683389,10.843389,11.333388,11.763389,11.933389,11.913388,12.053389,12.363389,12.223389
4.063389,4.4633884,4.1633887,4.9533887,5.7033887,5.0533886,5.373389,6.2633886,6.4133887,6.7833886,5.9933887,6.6933885,7.313389,7.733389,8.053389,8.273389,8.583388,8.683389,8.863389,9.093389,9.193389,9.573389,10.183389,10.193389,10.273389,10.503388,10.703388,10.953388,11.033389,11.083388,11.243389,11.313389,11.513389,11.943389,11.753388,11.023389,10.823389,11.1333885,10.723389,10.353389,10.043388,10.503388,10.853389,10.623388,10.623388,10.643389,10.833388,10.843389,10.033389,10.003388,10.503388,10.773389,11.033389,11.343389,11.623388,11.913388,12.213388,12.543388,12.033389
3.8833888,4.3233886,4.623389,5.0333886,5.523389,5.3033886,5.603389,6.0133886,6.253389,6.753389,6.733389,7.2133884,7.623389,7.773389,8.373388,8.233389,8.563389,8.643389,9.123388,9.733389,9.723389,9.783389,9.963388,10.583388,10.8833885,11.113389,11.283389,11.393389,11.563389,11.663388,11.743389,11.833388,11.9233885,12.063389,11.573389,10.823389,11.023389,11.213388,11.033389,10.713388,10.733389,11.223389,11.343389,11.153389,10.973389,11.273389,11.313389,11.113389,10.553389,10.183389,10.663388,11.093389,11.393389,11.503388,11.593389,11.693389,12.053389,12.263389,11.813389
4.1433887,4.873389,5.0133886,5.2033887,5.0933886,5.233389,5.6633887,5.9333887,5.9133887,6.7433887,7.313389,7.3633885,7.8233886,8.153389,8.073389,7.5933886,7.6333885,8.523389,8.813389,9.983389,9.943389,10.123388,10.363389,10.333388,10.843389,11.313389,11.563389,11.763389,12.033389,12.223389,12.313389,12.363389,12.3833885,11.863389,11.373388,11.283389,11.473389,11.683389,11.6333885,11.433389,11.443389,11.293388,11.523389,11.713388,11.503388,11.6333885,11.763389,11.553389,11.393389,10.8833885,11.023389,10.773389,10.593389,11.273389,11.9233885,11.653389,11.543388,11.973389,12.073389
4.313389,4.5333886,4.5133886,4.5933886,4.753389,5.2833886,5.6633887,5.7833886,6.1733885,6.6833887,7.2833886,7.5333886,7.6933885,7.5133886,7.2633886,7.4533887,8.153389,8.933389,9.113389,9.803389,10.473389,9.873388,10.153389,10.753388,11.103389,11.373388,11.733389,12.113389,12.443389,12.663388,12.733389,12.573389,12.053389,11.823389,11.913388,12.123388,12.183389,12.083388,12.043388,12.043388,11.953388,11.8833885,12.013389,12.273389,12.273389,12.113389,12.093389,11.933389,12.083388,11.853389,11.583388,10.963388,10.483389,11.243389,12.163388,11.893389,11.583388,12.003388,12.6733885
4.023389,3.3633888,4.083389,4.6133885,5.1533885,5.733389,5.9033885,5.5733886,6.4233885,6.7233887,7.1133885,7.5933886,7.7433887,6.983389,6.6533885,7.3933887,8.343389,9.063389,9.403389,9.643389,10.323389,10.3833885,9.323389,9.623388,10.763389,11.573389,11.983389,12.443389,12.733389,12.953388,12.993389,12.683389,12.623388,12.843389,13.023389,13.043388,12.813389,12.6333885,12.603389,12.703388,12.843389,12.8833885,12.963388,13.183389,13.043388,12.793388,12.603389,12.313389,12.253388,12.283389,12.103389,11.543388,11.203388,11.263389,11.433389,12.163388,12.453388,12.513389,13.003388
3.9133887,3.5233886,3.7233887,4.7833886,5.623389,5.7133884,5.6733885,5.9433885,6.1133885,6.1633887,6.6933885,6.333389,5.813389,6.003389,6.8033886,7.793389,8.683389,8.733389,9.333388,9.303389,9.4233885,9.833388,9.343389,9.083388,9.233389,10.123388,11.403389,12.313389,12.663388,12.843389,12.773389,13.043388,13.233389,13.4233885,13.563389,13.6333885,13.613389,13.493389,13.443389,13.483389,13.603389,13.703388,13.463388,13.113389,12.863389,12.693389,12.543388,12.163388,11.913388,12.083388,11.993389,11.683389,11.323389,11.623388,11.943389,12.043388,12.433389,12.473389,12.703388
3.4133887,3.7033887,3.9833887,4.793389,5.4633884,5.6333885,5.9133887,6.293389,5.733389,6.1533885,5.1933885,4.6533885,5.2433887,6.063389,6.603389,7.3933887,8.223389,8.303389,8.353389,8.903389,9.343389,9.763389,9.873388,9.773389,9.813389,10.353389,11.1733885,11.853389,12.253388,12.463388,12.733389,13.153389,13.553389,13.813389,14.083388,14.223389,14.243389,14.1333885,14.023389,13.903389,13.8833885,13.973389,13.933389,13.663388,13.213388,13.083388,12.823389,12.363389,11.933389,11.933389,11.833388,11.723389,11.573389,11.613389,11.903389,12.113389,12.103389,12.043388,11.853389
3.1233888,3.8333886,4.0133886,4.7033887,5.293389,5.6133885,5.9733887,6.313389,6.2833886,5.3633885,4.6133885,4.6333885,5.023389,5.273389,5.2433887,5.1633887,5.4633884,6.003389,6.833389,7.5133886,8.113389,8.783389,9.4233885,9.743389,9.763389,10.063389,10.483389,11.1333885,11.733389,12.313389,12.653389,13.153389,13.6733885,14.273389,14.623388,14.693389,14.573389,14.613389,14.683389,14.743389,14.703388,14.473389,14.303389,14.253388,13.8833885,13.563389,13.463388,13.393389,12.843389,12.363389,12.283389,12.1333885,11.8833885,11.893389,11.933389,12.183389,11.973389,11.583388,11.083388
3.3633888,2.8933887,3.9233887,4.9433885,4.793389,5.2033887,5.753389,5.7833886,4.7133884,3.4333887,3.4533887,4.233389,4.5533886,4.8233886,5.0733886,5.0733886,5.1133885,5.6633887,6.563389,7.3633885,7.8433886,8.323389,8.803389,9.073389,9.183389,9.113389,9.603389,10.543388,11.263389,11.693389,12.443389,12.653389,12.993389,13.663388,14.373388,14.793388,14.693389,14.443389,14.453388,14.733389,14.953388,14.9233885,14.793388,14.903389,14.973389,14.6333885,14.073389,13.743389,13.703388,13.1733885,12.433389,12.613389,11.973389,11.563389,11.6333885,11.823389,12.033389,11.223389,10.743389
2.9733887,2.5333886,3.9033887,3.2833886,3.0633886,2.9433887,2.7133887,2.0533886,1.7833886,2.5133886,3.5033886,4.1333885,4.4133887,4.6433887,4.813389,4.9933887,4.773389,5.1433887,5.873389,6.7433887,7.4233885,7.853389,8.043388,8.473389,8.623388,9.1733885,9.733389,10.373388,10.373388,10.703388,11.473389,12.443389,12.313389,12.963388,13.753388,13.933389,13.983389,13.843389,14.023389,14.243389,14.603389,14.993389,15.413388,15.553389,15.553389,15.653389,15.333388,14.483389,13.723389,13.303389,12.543388,12.3833885,12.013389,11.583388,11.343389,10.953388,10.8833885,10.273389,9.743389
2.3733888,2.9633887,3.0233886,1.5733887,2.0633886,2.3433886,1.7833886,1.9733887,2.5533886,3.1833887,3.7433887,4.1133885,4.333389,4.483389,4.7233887,4.8433886,4.313389,4.083389,3.5933886,3.7033887,5.083389,6.5333886,7.293389,7.9433885,8.553389,9.283389,9.263389,9.4233885,9.593389,8.9233885,9.313389,11.073389,10.933389,10.213388,9.913388,10.903389,12.433389,13.393389,14.443389,14.3833885,14.623388,14.933389,15.373388,15.483389,15.743389,15.743389,15.653389,14.973389,13.993389,13.373388,12.273389,11.823389,11.623388,11.313389,11.513389,11.553389,11.223389,10.293388,9.603389
2.4933887,2.9433887,2.4833887,2.5033886,2.1933887,2.2433887,2.5733886,2.6433887,3.0833886,3.5133886,3.6633887,4.003389,4.2033887,4.5333886,4.1633887,4.293389,4.4433885,5.1133885,5.4733887,5.0933886,4.773389,5.0733886,5.8633885,6.7133884,7.2433887,7.773389,7.8033886,7.7233887,8.223389,7.9733887,9.203388,9.803389,9.493389,9.503388,9.533389,9.183389,9.823389,11.193389,12.963388,13.303389,12.9233885,12.693389,12.733389,13.593389,15.403389,15.953388,15.4233885,14.873388,14.123388,13.303389,12.783389,11.813389,11.3833885,11.353389,11.163388,11.073389,11.063389,10.593389,9.833388
2.9733887,2.2933886,2.2133887,2.9433887,1.9333887,1.6933887,2.2533886,2.7733886,3.2033887,3.5233886,3.5233886,3.6633887,4.1433887,3.3933887,3.2533886,3.7033887,4.2833886,4.9933887,5.233389,5.5933886,5.9333887,5.5933886,5.5933886,5.8433886,6.0333886,6.4033885,7.0333886,7.813389,8.233389,8.233389,8.523389,8.4233885,9.553389,9.753388,9.053389,9.123388,9.443389,9.403389,9.853389,10.683389,11.393389,11.763389,11.703388,11.213388,12.193389,14.323389,14.543388,14.253388,13.803389,13.233389,12.703388,12.293388,11.493389,10.993389,10.663388,10.593389,10.733389,10.583388,10.353389
3.1333888,2.0833886,2.0133886,2.2233887,1.8333887,2.2433887,2.5133886,2.7633886,3.0533886,3.7233887,3.8033886,3.4833887,2.9433887,2.6333888,3.7333887,3.7433887,3.9033887,4.5933886,5.373389,5.523389,5.6833887,5.8933887,5.9633884,5.8833885,5.583389,5.9333887,6.9733887,7.4933887,7.9333887,8.703388,8.813389,8.453388,8.333388,9.083388,9.823389,9.583388,9.063389,9.103389,9.653389,10.433389,10.683389,11.053389,11.613389,11.993389,11.183389,11.3833885,13.163388,13.4233885,13.393389,13.093389,12.653389,12.143389,11.523389,11.013389,10.483389,10.113389,10.373388,10.573389,10.253388
2.9133887,2.4933887,2.2333887,2.2633886,2.2133887,1.9433887,2.1233888,2.7033887,2.8433886,3.3133886,3.2333887,2.2833886,2.6433887,3.4233887,3.7033887,3.9933887,4.4133887,4.773389,5.293389,5.4633884,5.7833886,5.813389,5.9533887,5.5333886,6.2833886,6.8933887,6.7233887,6.9033885,7.353389,7.833389,7.8033886,8.083388,8.223389,8.563389,8.723389,8.743389,9.493389,9.993389,10.393389,10.833388,10.963388,11.213388,11.523389,11.753388,11.713388,10.953388,11.303389,12.603389,12.843389,12.643389,12.283389,11.973389,11.313389,11.073389,10.313389,9.713388,10.163388,10.353389,9.873388
2.6633887,2.5533886,2.4033887,1.9533887,1.7933887,1.7933887,1.8533887,2.3333886,2.5433886,2.4033887,2.1433887,2.1533887,3.0233886,3.1533887,3.4133887,3.7333887,3.9633887,4.503389,5.063389,5.2233887,5.273389,5.333389,5.1733885,5.3433886,5.8833885,6.4133887,6.8433886,6.6733885,6.9933887,7.3233886,7.563389,7.873389,8.243389,8.8833885,9.703388,10.443389,11.023389,11.643389,12.023389,12.393389,12.513389,12.523389,12.283389,12.093389,11.783389,12.053389,11.583388,11.543388,11.913388,12.143389,12.033389,11.393389,10.793388,10.473389,10.033389,10.093389,10.043388,10.023389,9.543388
2.6033888,2.4033887,2.1433887,1.6533886,1.2933887,1.4833887,2.0233886,2.2833886,2.4733887,2.3633888,2.2833886,2.6633887,2.9733887,3.0133886,3.2833886,3.6033888,4.1433887,4.6933885,4.9033885,4.6633887,4.5133886,4.7233887,4.333389,5.0933886,5.5133886,5.983389,6.2833886,6.4533887,7.003389,7.333389,7.873389,8.613389,9.213388,9.6333885,10.223389,10.773389,11.303389,11.543388,11.603389,11.833388,12.523389,12.933389,13.113389,12.983389,12.403389,12.303389,12.193389,11.353389,11.083388,11.393389,11.443389,11.1733885,10.683389,9.753388,9.553389,10.083388,9.8833885,9.763389,9.123388
2.8933887,2.3333886,2.1033888,1.4033886,1.1233886,0.93338865,1.5033886,1.9433887,2.1033888,2.2333887,2.0233886,2.2433887,2.4533887,2.8733888,3.4333887,3.8433886,4.2433887,4.313389,4.3833885,4.273389,4.623389,4.6433887,4.523389,5.2133884,5.623389,5.9633884,6.4133887,6.9033885,7.4233885,7.9733887,8.533389,9.193389,9.723389,10.073389,10.483389,11.003388,11.153389,11.183389,11.853389,12.6333885,13.563389,14.153389,14.223389,13.873388,13.343389,12.823389,11.993389,11.773389,11.163388,10.603389,10.483389,10.603389,10.223389,9.8833885,9.743389,9.703388,9.413388,9.353389,5.6133885
3.1433887,2.4733887,2.1833887,1.7833886,1.0933887,0.91338867,1.3233887,1.7533886,1.9133887,1.9833887,2.1333888,2.2433887,2.2033887,2.6433887,3.4533887,3.7533886,4.0533886,4.3033886,4.293389,4.333389,4.6933885,5.083389,5.0333886,5.3233886,5.523389,5.733389,6.2133884,6.7433887,7.6633887,8.483389,9.023389,9.433389,9.683389,9.833388,10.353389,11.013389,11.063389,11.583388,12.473389,13.343389,14.053389,14.363389,14.503388,14.753388,14.233389,13.553389,12.433389,12.113389,12.3833885,11.563389,10.723389,10.513389,10.3833885,9.803389,9.243389,9.263389,9.143389,7.0933886,4.503389
3.0833886,2.7333887,2.0933886,2.3533888,1.9633887,1.5733887,1.5633887,1.8633887,1.8733886,2.0333886,2.3233886,2.5633886,2.4133887,2.2833886,2.8133886,3.3933887,3.7533886,4.043389,4.043389,4.603389,4.8933887,5.1333885,5.1133885,5.103389,5.273389,5.6533885,6.2633886,7.003389,8.013389,8.623388,9.053389,9.353389,9.4233885,9.783389,10.293388,11.073389,11.3833885,11.713388,12.193389,12.153389,11.4233885,10.413388,10.443389,11.763389,13.3833885,13.623388,13.533389,12.843389,11.813389,11.413388,11.823389,11.913388,11.043388,9.623388,8.913388,8.513389,5.3233886,4.0133886,4.233389
2.7033887,2.7133887,2.3633888,2.3233886,2.4133887,2.6033888,2.2233887,2.2933886,2.0633886,1.9333887,2.2833886,2.6033888,2.9733887,2.8733888,2.8833888,3.5233886,4.2833886,4.6533885,4.753389,4.9333887,5.1133885,5.2133884,5.273389,5.0733886,5.4633884,6.1433887,6.7833886,7.4433885,8.123388,8.543388,8.8833885,9.243389,9.503388,9.8833885,10.433389,11.293388,11.8833885,11.933389,11.813389,11.493389,10.8833885,10.543388,10.083388,8.8833885,8.903389,11.143389,12.003388,11.963388,11.573389,11.113389,10.213388,10.713388,11.013389,8.573389,6.353389,5.983389,3.0633886,2.2533886,2.6133888
2.1633887,2.6533887,2.5333886,2.4833887,2.4333887,2.5133886,2.5833886,2.8433886,2.9033887,2.5633886,2.7333887,3.2933886,3.7533886,3.8933887,4.0333886,4.1833887,4.8833885,5.3033886,5.3233886,5.3633885,5.3433886,5.3833885,5.4933887,5.293389,5.773389,6.5933886,7.0733886,7.4533887,7.9233885,8.443389,9.003388,9.263389,9.463388,9.713388,10.533389,11.503388,11.763389,11.903389,11.793388,11.693389,11.373388,11.4233885,10.833388,10.593389,10.853389,9.793388,10.493389,11.003388,11.333388,11.683389,9.733389,9.263389,8.733389,6.6533885,2.2633886,1.0133886,-0.34661132,-0.23661132,2.1433887
