UV_10m_small_gfs.t12z.pgrb2.0p25.f009.json
{"header": { "discipline":0, "disciplineName":"Meteorological products", "gribEdition":2, "gribLength":17311, "center":7, "centerName":"US National Weather Service - NCEP(WMC)", "subcenter":0, "refTime":"2023-03-21T12:00:00.000Z", "significanceOfRT":1, "significanceOfRTName":"Start of forecast", "productStatus":0, "productStatusName":"Operational products", "productType":1, "productTypeName":"Forecast products", "productDefinitionTemplate":0, "productDefinitionTemplateName":"Analysis/forecast at horizontal level/layer at a point in time", "parameterCategory":2, "parameterCategoryName":"Momentum", "parameterNumber":2, "parameterNumberName":"U-component_of_wind", "parameterUnit":"m.s-1", "genProcessType":2, "genProcessTypeName":"Forecast", "forecastTime":9, "surface1Type":103, "surface1TypeName":"Specified height level above ground", "surface1Value":10.0, "surface2Type":255, "surface2TypeName":"Missing", "surface2Value":0.0, "gridDefinitionTemplate":0, "gridDefinitionTemplateName":"Latitude_Longitude", "numberPoints":11421, "shape":6, "shapeName":"Earth spherical with radius of 6,371,229.0 m", "gridUnits":"degrees", "resolution":48, "winds":"true", "scanMode":64, "nx":141, "ny":81, "basicAngle":0, "lo1":210.0, "la1":30.0, "lo2":245.0, "la2":50.0, "dx":0.25, "dy":0.25 }, "data":
[rows 52 to 77 of 81, columns 58 to 115 of 141]
0.66609865,0.61609864,0.27609864,0.40609863,0.9460986,1.0160986,1.0560986,1.0360986,0.85609865,0.74609864,0.73609865,0.74609864,0.7660986,0.80609864,0.8260986,0.6360986,0.48609865,0.34609863,0.09609863,-0.103901364,-0.31390136,-0.26390135,-0.11390137,-0.23390137,-0.6039014,-1.0939014,-1.4439014,-1.5839014,-1.6139014,-1.8339014,-2.0739014,-1.9439014,-1.6239014,-1.4439014,-1.5139014,-1.4839014,-1.2539014,-1.5839014,-2.1939013,-2.5339015,-3.3939013,-3.7639015,-2.3439014,-0.56390136,-0.24390137,-1.4239013,-2.5739014,-2.5039015,-0.42390138,1.3360987,-1.6839013,-2.6639013,-2.3339014,-4.2039013,-4.8339014,-4.8539014,-5.4339013,-6.513901
0.85609865,0.7060986,0.44609863,0.49609864,1.0960987,1.1460986,1.2660986,1.3860986,0.8860986,0.32609862,0.28609863,0.48609865,0.55609864,0.6460986,0.81609863,0.85609865,0.74609864,0.67609864,0.48609865,0.046098635,-0.20390137,-0.12390137,0.076098636,-0.013901367,-0.37390137,-0.76390135,-1.2139014,-1.4939014,-1.6339014,-1.8039013,-1.8339014,-1.8139014,-1.6939014,-1.5339013,-1.4439014,-1.2639014,-1.1939014,-1.3239014,-1.7239014,-2.4839013,-3.2639015,-3.7639015,-3.1739013,-1.4839014,-0.25390136,-0.9939014,-3.0039015,-3.0839014,-0.41390136,0.33609864,-2.0839014,-2.7339013,-3.0839014,-4.1039014,-5.1739016,-6.013901,-7.0239015,-8.443901
1.1160986,0.8860986,0.9560986,0.98609865,1.1860986,1.2860986,1.5260986,1.6160986,1.3160987,0.9060986,0.42609864,0.16609864,0.16609864,0.31609863,0.56609863,0.78609866,0.7560986,0.8260986,0.73609865,0.16609864,-0.25390136,-0.36390138,-0.11390137,0.046098635,-0.17390136,-0.68390137,-1.1139014,-1.4039013,-1.5639014,-1.5439013,-1.4339013,-1.3539014,-1.3739014,-1.5239013,-1.4139013,-1.1239014,-1.0939014,-1.4539014,-2.0239015,-2.8339014,-3.4739013,-3.4539013,-3.0539014,-2.0739014,-0.44390136,-0.88390136,-3.7139013,-3.0439014,-1.2839013,-1.9339013,-3.1739013,-2.2839015,-2.0339015,-3.3339014,-5.1739016,-5.823901,-5.9939013,-6.6639013
1.6660986,1.4760987,1.3160987,1.0460986,1.0860987,1.4660987,1.6660986,1.6860986,2.0760987,2.2760987,1.9560987,1.4860986,1.2060987,0.79609865,0.5260986,0.67609864,0.9560986,1.4360986,1.5560986,1.0960987,0.24609864,-0.33390138,-0.47390136,-0.27390137,-0.103901364,-0.48390138,-0.9939014,-1.2839013,-1.4239013,-1.2439014,-0.7939014,-0.62390137,-1.1439013,-1.5739014,-1.3539014,-1.3039013,-1.5639014,-1.7939013,-2.4239013,-3.2939014,-3.5839014,-3.3939013,-2.9339013,-2.0939014,-0.6639014,-0.003901367,-2.9039013,-3.4139013,-2.4039013,-1.2039014,-2.7939014,-3.6639013,-2.8339014,-3.2939014,-4.803901,-5.073901,-4.5039015,-5.0839014
1.9760987,1.9560987,1.8360987,1.6660986,1.6260986,1.9460987,2.1560986,2.0160987,2.0060987,1.8960986,1.7460986,2.0160987,2.2860987,2.2560987,1.9760987,1.6960987,1.4860986,1.8760986,2.6160986,2.5260987,1.4960986,0.41609862,-0.40390137,-0.5939014,-0.29390135,-0.11390137,-0.28390136,-0.56390136,-0.7939014,-0.88390136,-0.7339014,-0.77390134,-1.3639014,-1.6539013,-1.6239014,-1.7639014,-1.8839014,-2.2039013,-2.5839014,-2.9739013,-3.3739014,-3.3639014,-3.1139014,-2.0239015,-0.27390137,0.7560986,-2.1039014,-3.6439013,-3.2739015,-0.64390135,-0.32390136,-2.7939014,-2.5639014,-2.4239013,-3.1639013,-4.3139014,-4.033901,-3.6539013
2.3860986,2.3960986,2.2960987,2.1660986,2.0760987,2.2060986,2.4160986,2.4860985,2.5760987,2.5560987,1.9660987,1.6460986,1.8060986,2.2560987,2.9560986,3.2560987,3.1260986,2.8060987,3.1260986,3.1260986,2.2660987,1.5860987,0.7660986,-0.17390136,-0.36390138,-0.19390136,-0.053901367,-0.093901366,-0.25390136,-0.5339014,-0.6639014,-0.9839014,-1.5739014,-1.8539014,-1.8939013,-1.9039013,-2.0939014,-2.4739013,-2.6139014,-2.5439014,-2.8839014,-3.2639015,-2.9939013,-1.9339013,-0.43390137,0.6360986,-1.2839013,-2.5339015,-2.8239014,-2.1139014,0.29609862,0.23609863,-1.8239014,-1.8939013,-3.2739015,-5.073901,-3.7539015,-1.8139014
2.4960985,2.5960987,2.6160986,2.5460987,2.4460986,2.5060987,2.7260985,2.8960986,2.7860987,2.5760987,2.4060986,2.1860986,2.0460987,2.0260987,2.4160986,3.2860987,4.0860987,4.5060987,4.5860987,4.2460985,3.2960987,2.6460986,2.1360986,1.0960987,0.10609863,-0.093901366,-0.103901364,-0.103901364,-0.08390137,-0.20390137,-0.6139014,-1.2439014,-1.7739013,-1.9339013,-1.9439014,-1.9939014,-2.2239013,-2.5039015,-2.5839014,-2.6339014,-3.0239015,-3.2339013,-2.7639015,-1.8139014,-0.56390136,0.79609865,-0.83390135,-3.2839015,-2.0639014,-1.0839014,0.98609865,-1.5339013,-4.763901,-4.113901,-4.4239016,-4.6639013,-3.7839015,-1.8039013
2.5760987,2.6360986,2.7860987,2.8060987,2.6960986,2.6160986,2.6860986,2.8260987,2.9060986,2.8860986,2.8460987,2.6260986,2.4960985,2.9960985,3.7760987,3.9660985,4.2960987,4.5060987,4.236099,4.2260985,3.8460987,3.1860986,2.6760986,2.0360987,1.0460986,0.30609864,0.076098636,-0.04390137,-0.14390136,-0.18390137,-0.35390136,-0.90390134,-1.4339013,-1.6639013,-1.8139014,-2.0339015,-2.2239013,-2.3039014,-2.3439014,-2.6739013,-3.0039015,-2.8839014,-2.4639013,-1.6739013,-0.49390137,0.93609864,0.076098636,-3.6139014,-2.7339013,-1.2539014,-0.46390137,-1.8339014,-2.2439013,-1.4439014,-2.3739014,-3.8839014,-3.9939013,-3.6139014
2.7760987,2.7660987,2.8260987,2.9160986,2.9160986,2.8460987,2.8360987,2.9460986,3.0060987,2.9760985,2.9660985,3.0060987,3.2160985,3.5360987,3.1760986,2.0260987,2.5560987,3.7060986,4.0560985,4.2660985,4.0460987,3.2960987,2.5360987,2.1760986,1.6860986,1.0360986,0.5860986,0.30609864,0.116098635,-0.053901367,-0.25390136,-0.57390136,-0.9739014,-1.2139014,-1.4139013,-1.7239014,-1.9839014,-2.0939014,-2.2339013,-2.5239015,-2.5139015,-2.0639014,-1.8139014,-1.5039014,-0.6739014,0.67609864,0.10609863,-3.3739014,-3.0139015,-2.2439013,-0.9839014,-1.5739014,-2.9939013,-3.8339014,-4.8139014,-5.2539015,-5.1239014,-4.7339015
2.8760986,2.9360986,2.9360986,2.9660985,2.9860985,2.9860985,2.9360986,2.9260986,2.9960985,3.0460987,3.1960986,3.5660987,3.5960987,2.8860986,2.8560987,2.2960987,2.2360985,2.8060987,3.5360987,3.8960986,4.0460987,3.5960987,2.7160985,2.0360987,1.6960987,1.4160986,1.0660987,0.7660986,0.48609865,0.20609863,-0.08390137,-0.46390137,-0.81390136,-0.9739014,-1.1039014,-1.4139013,-1.6539013,-1.7739013,-1.9039013,-2.0539014,-1.9339013,-1.5639014,-1.3839014,-1.3439014,-0.57390136,1.0660987,1.8660986,-2.3339014,-3.7139013,-3.0239015,-1.6739013,-0.9739014,-2.7239013,-3.9239013,-4.2739015,-4.3339014,-3.9139013,-4.3739014
2.9760985,3.0360987,3.0460987,3.0360987,3.0360987,3.0460987,2.9760985,2.8360987,2.8960986,3.0660987,3.0060987,3.1260986,3.4860985,3.7260985,3.0260987,2.8560987,2.7760987,2.8760986,3.2860987,3.3660986,3.3760986,3.3260987,2.7760987,1.8760986,1.4460987,1.4160986,1.3160987,1.0860987,0.8860986,0.53609866,0.08609863,-0.30390137,-0.6039014,-0.6739014,-0.6139014,-0.69390136,-0.9739014,-1.3039013,-1.5239013,-1.6039014,-1.5639014,-1.4339013,-1.5239013,-1.5039014,-0.5339014,1.4360986,2.3960986,-1.6139014,-3.0839014,-2.7839015,-1.7239014,-2.1539013,-3.8139014,-5.3339014,-4.6439013,-3.9539013,-3.7139013,-4.4039016
3.0660987,3.1260986,3.1260986,3.1060987,3.0760987,3.0760987,3.0460987,2.8560987,2.6860986,2.7160985,2.9560986,3.5160987,3.8460987,3.6860986,3.5360987,3.3960986,3.2260985,3.1260986,2.6760986,2.2160985,2.5260987,2.5560987,1.8760986,1.2660986,1.2160987,1.3660986,1.5060986,1.4260986,1.3160987,0.98609865,0.47609863,0.056098633,-0.15390137,-0.19390136,-0.14390136,-0.14390136,-0.39390138,-0.76390135,-1.1039014,-1.1939014,-1.4039013,-1.7339014,-1.9039013,-1.8339014,-1.0139014,0.80609864,0.16609864,-2.9339013,-2.9939013,-2.1439013,-2.8039014,-4.573901,-5.073901,-5.303901,-4.7439013,-3.7639015,-3.3039014,-3.0539014
3.0860987,3.1960986,3.2160985,3.1860986,3.1260986,3.0660987,3.0360987,2.8060987,2.5660987,2.6660986,3.0360987,3.2160985,3.5260987,3.8760986,4.1860986,4.0560985,4.0560985,3.9860985,3.1760986,2.4460986,2.3060987,2.1260986,1.8860986,1.6160986,1.6760986,1.7960986,1.6760986,1.6160986,1.6160986,1.4360986,0.97609866,0.42609864,0.12609863,0.14609863,0.22609863,0.26609862,0.10609863,-0.31390136,-0.77390134,-1.1839013,-1.6339014,-1.9739014,-2.1139014,-1.8039013,-0.8539014,0.6360986,1.0960987,-1.6739013,-2.8739014,-2.3539014,-0.45390138,-0.64390135,-2.6539013,-3.5839014,-3.7239013,-3.9939013,-3.9439013,-3.2639015
3.0160987,3.1760986,3.2660987,3.2360985,3.1560986,3.0660987,3.0060987,2.8260987,2.5860987,2.8460987,3.1660986,3.4560986,3.7960987,4.2260985,4.4760985,4.466099,4.4760985,4.0860987,3.1560986,2.6960986,2.6560986,2.6060987,2.5160987,2.4360986,2.4560986,2.5960987,2.2560987,1.6960987,1.5660987,1.6460986,1.4660987,0.9560986,0.47609863,0.36609864,0.53609866,0.7060986,0.55609864,-0.033901367,-0.7839014,-1.2739013,-1.5439013,-1.7739013,-1.7539014,-1.3339014,0.046098635,1.9760987,1.7260987,-0.5539014,-1.7639014,-2.4039013,-0.95390135,0.93609864,0.026098633,-1.6839013,-1.0739014,-1.3039013,-3.3039014,-2.4139013
2.9660985,3.0960987,3.2160985,3.2660987,3.1960986,3.0960987,3.0560987,2.8660986,2.5760987,2.8360987,3.3960986,3.7860987,4.0860987,4.486099,4.5260987,4.136099,3.7460985,3.4060986,2.9760985,2.9660985,3.0260987,3.0660987,3.0860987,3.2960987,3.3160987,3.2460985,2.9860985,2.1160986,1.5460986,1.5560986,1.6160986,1.2960986,0.8260986,0.67609864,0.86609864,1.0160986,0.78609866,0.116098635,-0.52390134,-0.9139014,-1.1439013,-1.3539014,-1.3039013,-0.62390137,0.8260986,2.4360986,0.49609864,-2.6239014,-2.3739014,-1.8639014,-0.70390135,0.86609864,0.49609864,-0.58390135,-1.2239014,-1.5139014,-1.9139013,-2.3739014
2.9660985,3.0760987,3.2160985,3.2860987,3.2160985,3.1160986,3.1260986,2.9760985,2.5960987,2.6660986,3.2360985,3.8660986,4.2760987,4.5860987,4.4560986,3.9160986,3.4760985,3.2960987,3.1760986,3.3860986,3.7160985,3.6760986,3.7960987,4.216099,4.1260986,3.4960985,3.1960986,2.4660985,1.6960987,1.4760987,1.4960986,1.3860986,1.1160986,1.0060986,1.1160986,1.2460986,1.0760987,0.7060986,0.30609864,-0.13390137,-0.51390135,-0.8039014,-0.8639014,-0.26390135,1.1760986,1.8660986,-1.3339014,-3.0839014,-3.0439014,-2.9339013,-2.5239015,-1.6639013,-0.7439014,0.92609864,0.42609864,-1.7539014,-2.0839014,-2.4039013
2.9860985,3.0460987,3.1860986,3.3160987,3.2460985,3.0960987,3.1460986,3.0960987,2.6260986,2.5260987,2.9060986,3.6960986,4.3560987,4.656099,4.386099,3.9560986,3.6060987,3.8060987,4.4960985,4.7960987,4.8260984,4.636099,4.7260985,4.7860985,4.8160987,3.8160987,2.8860986,2.2060986,1.4360986,1.1960987,1.2160987,1.2160987,1.1160986,1.1160986,1.3060986,1.5060986,1.5460986,1.4160986,1.0660987,0.8260986,0.66609865,0.32609862,0.14609863,0.29609862,0.99609864,1.9860986,-0.23390137,-2.7839015,-2.8439014,-2.6039014,-2.6839013,-2.2639015,-0.9739014,0.41609862,0.9060986,-0.95390135,-2.1039014,-2.2039013
3.0360987,3.0760987,3.1860986,3.3160987,3.2660987,3.0960987,3.0960987,3.2060986,2.8760986,2.5960987,2.8460987,3.6060987,4.2260985,4.4160986,4.1260986,3.9860985,4.176099,4.7760987,5.486099,5.446099,5.196099,5.2960987,5.176099,4.406099,3.7560987,3.4460986,2.6060987,1.5360986,0.8360986,0.6460986,0.62609863,0.5160986,0.55609864,0.92609864,1.3860986,1.7660986,1.7960986,1.3960986,1.1060987,1.1360986,1.2060987,1.2160987,1.4760987,1.8160987,2.4860985,3.5160987,1.5160986,-0.19390136,-2.0539014,-2.6539013,-2.6139014,-2.5539014,-1.6439013,0.0060986327,1.7060987,-1.5539013,-3.1439013,-2.2939014
3.1160986,3.1260986,3.2160985,3.3460987,3.3160987,3.1360986,3.0860987,3.1560986,3.0060987,2.8860986,3.1460986,3.6460986,4.1160984,4.1460986,4.0160985,4.1660986,4.7760987,5.5760984,5.0960984,3.9460986,3.4860985,3.6260986,3.5260987,2.1060987,1.1060987,1.8060986,1.7660986,0.99609864,0.53609866,0.37609863,0.33609864,0.26609862,0.45609865,0.97609866,1.5760987,1.8960986,1.7260987,1.3760986,1.2860986,1.4460987,1.5260986,1.7960986,2.6660986,3.6260986,3.2760987,3.1360986,2.0360987,0.6560986,-0.6139014,-1.6539013,-2.4139013,-2.7139013,-1.5539013,-0.75390136,0.10609863,0.7560986,-0.81390136,-0.88390136
3.2360985,3.2360985,3.2760987,3.3660986,3.3560987,3.1760986,3.0660987,3.1460986,3.0360987,2.7560987,2.9960985,3.5460987,4.0360985,4.1060987,4.0460987,4.1860986,4.486099,3.9260986,2.4060986,2.3260987,2.1360986,1.7460986,0.7560986,-0.11390137,0.20609863,0.91609865,0.93609864,0.9460986,0.87609863,0.8860986,0.92609864,0.9560986,1.0460986,1.2760986,1.5560986,1.7160987,1.6760986,1.5760987,1.4460987,1.4960986,1.7060987,2.1560986,3.0560987,4.8360987,5.136099,2.4760985,1.4660987,-0.90390134,-0.95390135,-0.88390136,-0.87390137,-1.6839013,-0.64390135,0.38609862,-0.43390137,1.0260986,0.27609864,-1.4839014
3.3660986,3.3360987,3.3460987,3.3960986,3.4360986,3.2960987,3.1160986,3.1560986,3.0960987,2.7660987,2.7760987,3.4360986,4.1460986,4.2660985,4.0360985,3.8760986,3.8560987,3.3260987,2.7060986,1.7260987,0.56609863,0.16609864,-0.07390137,0.036098633,0.37609863,0.7560986,1.0460986,0.93609864,0.93609864,1.1860986,1.5360986,1.6260986,1.6260986,1.7460986,1.8960986,2.0260987,2.0160987,1.7160987,1.4960986,1.7360986,2.0560987,2.3860986,2.8360987,2.9160986,-0.50390136,-1.6939014,-1.8539014,-1.3339014,-0.75390136,-0.29390135,0.59609866,1.0160986,1.5560986,1.2860986,1.1460986,1.1760986,-0.013901367,-0.8539014
3.5260987,3.4560986,3.4560986,3.4560986,3.5060987,3.4760985,3.2460985,3.1660986,3.1960986,2.8460987,2.7460985,3.3160987,3.9860985,4.0960984,3.8260987,3.5560987,3.5560987,3.2960987,3.1460986,3.4960985,2.7460985,2.0160987,1.2060987,0.99609864,0.98609865,1.1260986,1.0960987,0.7160986,1.0460986,1.7860986,2.2460985,2.3160987,2.2260985,2.2160985,2.3360987,2.4760985,2.3860986,2.0960987,1.9560987,2.1660986,2.5160987,2.4860985,2.6560986,1.6360986,-1.9339013,-3.1739013,-2.7439013,-1.6539013,-0.56390136,0.9660986,1.9760987,2.8460987,2.7460985,2.1360986,1.2360986,0.5160986,1.0860987,0.23609863
3.7360985,3.5860987,3.5960987,3.5960987,3.6060987,3.6160986,3.4460986,3.2160985,3.1660986,3.1560986,2.8660986,3.1460986,3.6660986,3.7360985,3.4960985,3.2760987,3.4460986,3.2060986,2.8160987,2.3460987,0.97609866,1.1160986,0.97609866,0.9560986,1.3860986,1.4160986,1.0660987,1.1560986,1.6860986,2.2760987,2.7060986,2.8660986,2.8560987,2.8160987,2.9060986,2.8560987,2.7460985,2.5560987,2.4660985,2.7060986,3.1660986,3.7360985,3.7060986,2.5460987,0.86609864,-0.44390136,-0.93390137,-1.2339014,-1.1939014,-0.42390138,-0.31390136,0.19609863,1.7860986,1.6260986,0.8960986,0.18609864,0.5260986,0.67609864
3.9660985,3.7560987,3.7560987,3.7560987,3.7260985,3.7360985,3.6360986,3.3760986,3.1760986,3.2160985,3.2260985,3.1060987,3.3160987,3.4360986,3.3460987,3.1760986,3.2560987,2.8360987,1.8960986,2.0060987,1.9360986,1.1460986,0.56609863,0.9660986,1.6560986,1.9960986,1.7760986,1.5760987,1.9660987,2.3560987,2.6860986,2.9360986,3.1660986,3.2060986,2.9760985,2.8560987,2.9660985,3.2260985,3.4960985,3.6560986,4.7060986,5.5960984,3.8060987,1.2060987,-0.41390136,-1.1439013,-0.9939014,-0.51390135,0.35609862,1.6560986,2.5160987,3.2160985,2.2460985,1.1860986,0.116098635,-0.63390136,-0.82390136,-0.43390137
4.196099,3.9560986,3.9260986,3.9160986,3.8060987,3.7960987,3.7960987,3.6160986,3.3260987,3.2860987,3.5360987,3.4860985,3.2760987,3.2760987,3.3260987,3.2260985,3.0560987,2.3460987,1.6560986,1.7560986,2.3960986,1.3060986,-0.11390137,0.61609864,1.4760987,1.8360987,1.6560986,1.7160987,2.1360986,2.4960985,2.9460986,3.1160986,2.4560986,1.9460987,2.1660986,2.7660987,3.5360987,4.1860986,4.5560985,5.0760984,2.5660987,1.1160986,0.84609866,-0.093901366,-0.88390136,-0.83390135,-1.0639014,-1.3439014,1.3260987,3.1660986,3.9660985,2.7060986,1.4360986,1.2760986,0.41609862,0.32609862,-0.45390138,-0.9839014
4.3960986,4.1660986,4.0560985,4.0460987,3.9260986,3.8360987,3.8760986,3.8760986,3.6460986,3.3960986,3.3660986,3.4060986,3.1760986,3.1160986,3.2560987,3.1460986,2.8860986,2.4260986,1.8660986,1.4460987,1.3860986,0.06609863,-1.2539014,-0.093901366,1.1560986,1.7460986,1.9360986,1.7660986,1.6760986,1.6260986,1.3760986,0.99609864,0.91609865,1.3860986,2.0460987,2.9560986,4.486099,5.406099,4.1060987,2.2060986,0.34609863,-1.0139014,-1.0839014,-0.9739014,-0.68390137,0.43609864,2.3660986,2.8560987,3.5460987,3.7060986,2.4060986,1.4960986,1.2160987,0.42609864,-0.17390136,0.72609866,-0.33390138,-0.34390137
